$hessian                                                                        
        0.0073309304  -0.0082923791  -0.0048167242  -0.0086083855   0.0082390363
        0.0073838923   0.0002268340   0.0016544616  -0.0005923172   0.0005525969
       -0.0008386093  -0.0009895858   0.0002214185  -0.0000487774  -0.0002162941
        0.0000137488  -0.0000774120   0.0004954521   0.0002617832  -0.0001566965
       -0.0001656894  -0.0000995917   0.0001062423  -0.0001005759   0.0000892542
        0.0000638016   0.0000240589   0.0001310554  -0.0002034924  -0.0000812226
       -0.0001157401  -0.0002171977  -0.0001570228  -0.0000463565   0.0000705443
        0.0002493562  -0.0001889254   0.0000582978   0.0000787480   0.0000990494
       -0.0001905995  -0.0000594382   0.0000504775   0.0002550760  -0.0004344140
        0.0001657854   0.0000010967  -0.0000651372   0.0000974662  -0.0000832637
       -0.0001796558  -0.0000417734  -0.0001068018  -0.0001545235  -0.0001161518
       -0.0001068337  -0.0000485784  -0.0000234756  -0.0001264935  -0.0001703283
       -0.0082923791   0.0332663900   0.0173808517   0.0086543865  -0.0280161354
       -0.0194250224   0.0012463404  -0.0033159529   0.0023588510  -0.0023403296
       -0.0008216433   0.0008656039  -0.0000120531   0.0000408244  -0.0005531701
        0.0005292092  -0.0009422346  -0.0007985034   0.0001674409  -0.0000787510
        0.0000082164   0.0000956800   0.0001206792  -0.0000120161   0.0000701576
        0.0000811139  -0.0000328216  -0.0000240086   0.0000381947   0.0000045937
        0.0000041960  -0.0000610863   0.0001118299  -0.0000885237  -0.0003194399
       -0.0001039223   0.0001219388  -0.0000074823  -0.0002555260   0.0000671593
       -0.0000535931  -0.0001259138  -0.0000873601  -0.0000810742   0.0002321395
        0.0000572634   0.0001698752  -0.0000998064   0.0000326844   0.0001661803
       -0.0001385195  -0.0000303509   0.0000498640   0.0000512361  -0.0001359328
       -0.0000881660   0.0002244000  -0.0000355186  -0.0001475628   0.0003074994
       -0.0048167242   0.0173808517   0.0170483783   0.0060114033  -0.0178757812
       -0.0219680640  -0.0000463207   0.0009580516   0.0042754171  -0.0011671467
       -0.0004523755   0.0011739349  -0.0000512706   0.0001406929   0.0001266556
        0.0004627131  -0.0001117550  -0.0007741672  -0.0000987960   0.0000972474
        0.0000397907   0.0000729737  -0.0000981389   0.0000120858   0.0000305452
       -0.0000874671   0.0001258345   0.0000525177  -0.0000551058  -0.0000723565
       -0.0000024050   0.0000426014  -0.0001333078  -0.0000199212  -0.0000825264
       -0.0001966548   0.0000270792  -0.0000388866   0.0000639529  -0.0000374224
        0.0000988296   0.0002563869  -0.0004880480  -0.0000451766   0.0001519875
        0.0000085149  -0.0000020539   0.0001209719   0.0000266878  -0.0001097952
        0.0000486963   0.0000245136  -0.0000394500  -0.0000761227   0.0000267040
        0.0000780210  -0.0001565559  -0.0000155977   0.0002022166  -0.0000668633
       -0.0086083855   0.0086543865   0.0060114033   0.0379551638  -0.0058208707
       -0.0094391875  -0.0065697808   0.0032092039  -0.0060124539  -0.0132503534
       -0.0039562372   0.0000998892  -0.0029095454  -0.0018988384   0.0042544278
       -0.0061009197  -0.0005587828   0.0039185228  -0.0005371405   0.0002985224
       -0.0000652336   0.0000736759  -0.0002650739  -0.0000928478  -0.0002494840
       -0.0001574148  -0.0000197168  -0.0001561310   0.0000759814   0.0002732489
       -0.0001476749   0.0001818365   0.0001908072   0.0003088899   0.0003911623
        0.0004076954   0.0006509121  -0.0001418922  -0.0002573449   0.0000301272
        0.0001662174  -0.0003659331  -0.0004112351   0.0001285957   0.0001421560
       -0.0003416730  -0.0002174021  -0.0000022247  -0.0001506367  -0.0000085595
        0.0004262957  -0.0000034243  -0.0000512674   0.0004043304   0.0002320469
       -0.0000499680   0.0001790885   0.0001855686   0.0000204009  -0.0000529228
        0.0082390363  -0.0280161354  -0.0178757812  -0.0058208707   0.0489858690
       -0.0007394241   0.0036563729  -0.0152083898   0.0156141530  -0.0030159818
       -0.0070777012  -0.0001899702  -0.0029478838  -0.0006429455   0.0009970005
       -0.0004992372   0.0024848293   0.0023838715   0.0002432237   0.0000043151
       -0.0003702218  -0.0000896365  -0.0002525257   0.0002226777  -0.0001627232
       -0.0003964019   0.0000825266   0.0000132190  -0.0000584458  -0.0000644338
        0.0001020368   0.0001141981  -0.0001798118   0.0002303014   0.0002570697
        0.0001268201  -0.0002602996  -0.0000269950   0.0007138212  -0.0003893411
       -0.0001493574   0.0007383073   0.0006566624   0.0005792883  -0.0007116671
       -0.0002350559  -0.0004216685   0.0002063126  -0.0001134329  -0.0004096399
        0.0002915833   0.0000635869  -0.0001857756  -0.0001301332   0.0002077787
        0.0001575493  -0.0005001627   0.0001222447   0.0002628630  -0.0006154680
        0.0073838923  -0.0194250224  -0.0219680640  -0.0094391875  -0.0007394241
        0.0660067602  -0.0057730895   0.0175459094  -0.0368074910  -0.0002298221
        0.0008912062  -0.0050626704   0.0033456014   0.0005607212  -0.0002872452
        0.0034011920   0.0010717999  -0.0007020661   0.0005596836  -0.0000259315
        0.0000653665  -0.0001394676   0.0002635031  -0.0001251943  -0.0000784343
        0.0000426719  -0.0000713249  -0.0000566184   0.0000808117   0.0000284881
        0.0000609324  -0.0000369231   0.0001306593  -0.0002103541  -0.0000234703
       -0.0001295421   0.0003666007   0.0006209793  -0.0004075059  -0.0000499878
       -0.0003821362  -0.0003208786   0.0009711538  -0.0002817539  -0.0002658749
        0.0001125147  -0.0000516301  -0.0000281690  -0.0000671552   0.0000366445
       -0.0001330764  -0.0000558744   0.0000167464  -0.0000127643  -0.0001015159
       -0.0000214582   0.0000766011  -0.0000000641  -0.0001432438   0.0000139919
        0.0002268340   0.0012463404  -0.0000463207  -0.0065697808   0.0036563729
       -0.0057730895   0.0092202012  -0.0059577373   0.0091571417  -0.0032955819
        0.0002348540  -0.0014133082  -0.0007587233   0.0005063318  -0.0004461594
        0.0003251224  -0.0001898734  -0.0004715727   0.0002814114   0.0000472084
        0.0001278187  -0.0000390738   0.0000676564  -0.0000784312   0.0000325209
        0.0001518521  -0.0000246780   0.0001572549   0.0000637280  -0.0000886235
        0.0000389809  -0.0000268951  -0.0001803042  -0.0001868452  -0.0000202987
       -0.0001372281   0.0003435239   0.0001515383   0.0000081935   0.0000525901
        0.0000464563  -0.0002626137   0.0000081706  -0.0002261102   0.0000635151
        0.0000752885   0.0000419247   0.0000522449   0.0000707560   0.0000413690
       -0.0001675665   0.0000461310   0.0001026330  -0.0002000971  -0.0000130286
        0.0000954374  -0.0001081589  -0.0000157522  -0.0000327880  -0.0000107622
        0.0016544616  -0.0033159529   0.0009580516   0.0032092039  -0.0152083898
        0.0175459094  -0.0059577373   0.0177549425  -0.0174851603   0.0010977373
        0.0011260149  -0.0008505676  -0.0000322041  -0.0001903161   0.0003129975
       -0.0000940055  -0.0001028980   0.0001520355   0.0000312305  -0.0000004796
       -0.0001149564  -0.0000225052   0.0000046139  -0.0001961122   0.0000152422
        0.0001639892  -0.0000614691   0.0000300654   0.0000694817   0.0000120641
       -0.0000928524   0.0000240118   0.0001332698  -0.0000943278  -0.0000646637
        0.0000990365   0.0002974559  -0.0003322393  -0.0005373649   0.0001315324
        0.0000470707  -0.0004291034  -0.0001836100  -0.0001683688   0.0001717302
        0.0000484495   0.0001387966  -0.0001470205   0.0000522676   0.0002358915
       -0.0001446394   0.0000100836   0.0001295775   0.0000739453  -0.0000370480
       -0.0001035707   0.0002520734  -0.0000634398  -0.0002075113   0.0002552804
       -0.0005923172   0.0023588510   0.0042754171  -0.0060124539   0.0156141530
       -0.0368074910   0.0091571417  -0.0174851603   0.0324851905  -0.0024508777
       -0.0004529736   0.0012763409   0.0000982397   0.0003638851  -0.0010194506
        0.0001922751  -0.0001479756  -0.0005367704  -0.0001535873  -0.0000538085
        0.0000888462   0.0000217946   0.0000494246  -0.0000464647   0.0000502365
        0.0001074016   0.0000431209   0.0000605923  -0.0000217129   0.0000746162
       -0.0000058946  -0.0000425487   0.0000556157   0.0000047241  -0.0001228134
       -0.0000089685  -0.0004350758  -0.0005056628  -0.0000024166   0.0001729132
       -0.0000234325   0.0001523233  -0.0001557373   0.0001945243  -0.0000494516
        0.0000214338   0.0001413643  -0.0000851985   0.0000196262   0.0001094365
       -0.0000486186   0.0000048557   0.0000475902   0.0000545396   0.0000124968
       -0.0000601839   0.0000944484  -0.0000103860  -0.0000703584   0.0000043717
        0.0005525969  -0.0023403296  -0.0011671467  -0.0132503534  -0.0030159818
       -0.0002298221  -0.0032955819   0.0010977373  -0.0024508777   0.2232799805
        0.0016436749  -0.1277353349  -0.0683443932  -0.0520150751   0.0428765771
       -0.1067268959   0.0429880819   0.0589916926  -0.0322365825   0.0077443178
        0.0203934033   0.0015272010   0.0019376161   0.0022665041   0.0006753653
        0.0015641351   0.0002165767   0.0002421734  -0.0001864985   0.0002287861
        0.0003242593   0.0017983900  -0.0013059633  -0.0043923562  -0.0020843336
       -0.0019693376   0.0109748877   0.0050711054  -0.0108147376  -0.0115373994
       -0.0051268140   0.0182199462   0.0034744777   0.0028470347   0.0016307679
       -0.0005751533  -0.0009795063   0.0001188104  -0.0000030189  -0.0002306244
        0.0001173213  -0.0003473714  -0.0003175547   0.0003681728  -0.0003593049
        0.0001820863  -0.0000257959   0.0000174693  -0.0005774616   0.0002704571
       -0.0008386093  -0.0008216433  -0.0004523755  -0.0039562372  -0.0070777012
        0.0008912062   0.0002348540   0.0011260149  -0.0004529736   0.0016436749
        0.1896492531  -0.0425264003  -0.0389994592  -0.0900836045   0.0750300020
        0.0283798014  -0.0620640488  -0.0451558882   0.0179036658  -0.0052371288
       -0.0051803204  -0.0015024263  -0.0006712699  -0.0009075001  -0.0001936939
       -0.0005941721   0.0005396505  -0.0001848338   0.0000534096  -0.0002938725
        0.0004577127  -0.0008580936   0.0005816399   0.0018576636   0.0013008836
        0.0006789289  -0.0049776536  -0.0070253165   0.0160737310  -0.0182933602
       -0.0135346001   0.0233107109   0.0182620663  -0.0055383002  -0.0219349822
       -0.0003077858   0.0003346808   0.0000923725  -0.0001057617  -0.0000735287
        0.0001875567   0.0001680909   0.0002733369  -0.0001666670   0.0003572820
        0.0001808326  -0.0001258209   0.0000950095   0.0006609962  -0.0001889979
       -0.0009895858   0.0008656039   0.0011739349   0.0000998892  -0.0001899702
       -0.0050626704  -0.0014133082  -0.0008505676   0.0012763409  -0.1277353349
       -0.0425264003   0.2818469814   0.0375934068   0.0833014063  -0.1429161935
        0.0580416291  -0.0541610284  -0.1042450451   0.0005881224  -0.0007390278
        0.0084344571  -0.0021381245  -0.0022203545  -0.0005516917   0.0007360764
       -0.0003032091   0.0001306715  -0.0003111556   0.0004341947   0.0003995858
       -0.0004405250   0.0003590451   0.0003016023   0.0003660759   0.0014884754
       -0.0000099772   0.0169232364   0.0100871406  -0.0252693608   0.0018559947
        0.0041833544   0.0035836708   0.0174953610  -0.0015903140  -0.0203496946
       -0.0003249294   0.0010107917   0.0006941105  -0.0000914683  -0.0000054808
        0.0003175455  -0.0000872286   0.0000710723   0.0002145504   0.0000433697
        0.0000833711   0.0000403302  -0.0002115012   0.0007018972  -0.0000091478
        0.0002214185  -0.0000120531  -0.0000512706  -0.0029095454  -0.0029478838
        0.0033456014  -0.0007587233  -0.0000322041   0.0000982397  -0.0683443932
       -0.0389994592   0.0375934068   0.4089195082   0.0399141895   0.1739626024
       -0.0486487907   0.0617303811  -0.0215579762  -0.0058549406   0.0233017379
       -0.0117170397  -0.0003805267   0.0008092086   0.0003569381  -0.0004055058
       -0.0005551254   0.0006262629   0.0002752540   0.0002758152   0.0002119209
       -0.0014637657  -0.0001881795   0.0006272802  -0.0008629390   0.0000160389
       -0.0021282227  -0.1536382473   0.0306871117  -0.1256188967  -0.1249891903
       -0.1079988999  -0.0604037186  -0.0012267625  -0.0074550584   0.0063059383
       -0.0001365519   0.0008130125  -0.0009033901   0.0000272109   0.0000596227
       -0.0000960117   0.0001909838   0.0002646793  -0.0002861982  -0.0001706911
        0.0001122268  -0.0001301878   0.0001561980   0.0002048392  -0.0002352784
       -0.0000487774   0.0000408244   0.0001406929  -0.0018988384  -0.0006429455
        0.0005607212   0.0005063318  -0.0001903161   0.0003638851  -0.0520150751
       -0.0900836045   0.0833014063   0.0399141895   0.5977657976  -0.0678192409
        0.0768680488  -0.2578142131   0.0038817207   0.0101572567  -0.0078641855
        0.0052942700  -0.0021172989  -0.0004662375  -0.0018292362   0.0008065893
       -0.0001404670  -0.0004493195  -0.0002537651   0.0001634137   0.0000151451
        0.0009028564   0.0001595503  -0.0001975349  -0.0003968861  -0.0000167154
        0.0016237730   0.0354357768  -0.0500116968   0.0352611214  -0.1067887822
       -0.1699813413  -0.0684470875  -0.0003765472  -0.0207927335   0.0081303951
       -0.0002187330   0.0002097070  -0.0003215946  -0.0000472476   0.0000479092
       -0.0001939825  -0.0001559489  -0.0001417181   0.0001482971  -0.0000794475
       -0.0000695205   0.0001639972  -0.0001937019  -0.0001715076   0.0003725708
       -0.0002162941  -0.0005531701   0.0001266556   0.0042544278   0.0009970005
       -0.0002872452  -0.0004461594   0.0003129975  -0.0010194506   0.0428765771
        0.0750300020  -0.1429161935   0.1739626024  -0.0678192409   0.4033092143
       -0.0296421093   0.0274730505  -0.0224456412   0.0036284845   0.0095754112
       -0.0055859741  -0.0007450130   0.0007822972  -0.0005305060  -0.0000702398
       -0.0001765879   0.0004898320  -0.0000508196   0.0001289844  -0.0000144633
       -0.0005456242  -0.0005410040   0.0003972025  -0.0007774732   0.0001818618
       -0.0007751800  -0.1319752756   0.0356670974  -0.1655312606  -0.0590000304
       -0.0645029030  -0.0700310407  -0.0006216016  -0.0166831216   0.0064073018
       -0.0008490553   0.0001851651  -0.0011673027   0.0001012020   0.0000726607
       -0.0001880755   0.0001215487   0.0001070862  -0.0001658345  -0.0000727841
       -0.0000609737   0.0000095828   0.0000676372  -0.0001766132  -0.0000816212
        0.0000137488   0.0005292092   0.0004627131  -0.0061009197  -0.0004992372
        0.0034011920   0.0003251224  -0.0000940055   0.0001922751  -0.1067268959
        0.0283798014   0.0580416291  -0.0486487907   0.0768680488  -0.0296421093
        0.4510795574  -0.0814047981   0.1190279337  -0.1676448774   0.0300584029
       -0.0632240162  -0.0204105489  -0.0043050582  -0.0168052930   0.0032958549
       -0.0009272873  -0.0034576847  -0.0014512111   0.0003361548  -0.0005868557
        0.0021674008   0.0032963431   0.0010382899  -0.0221072937   0.0165901842
       -0.0031037224  -0.0097812947   0.0138258452   0.0064287325   0.0084088161
       -0.0133591851  -0.0052573970  -0.0815597684  -0.0681249659  -0.0676110313
       -0.0001967855   0.0006373544   0.0014223730  -0.0002392411   0.0003437301
       -0.0002446408  -0.0000972573  -0.0003921200   0.0003177566  -0.0004021971
       -0.0000545468  -0.0003203507   0.0000765811  -0.0017038700  -0.0000797940
       -0.0000774120  -0.0009422346  -0.0001117550  -0.0005587828   0.0024848293
        0.0010717999  -0.0001898734  -0.0001028980  -0.0001479756   0.0429880819
       -0.0620640488  -0.0541610284   0.0617303811  -0.2578142131   0.0274730505
       -0.0814047981   0.5695710882   0.1312080027   0.0188786609  -0.0668029002
        0.0074800562  -0.0098333073   0.0063880771  -0.0020283342  -0.0003983390
        0.0019764333  -0.0057918772   0.0009116447  -0.0006466512   0.0003221572
        0.0032145634  -0.0002584189  -0.0051322589   0.0246133861  -0.0116486543
        0.0054498238   0.0031220263  -0.0072400166   0.0000677674   0.0098306775
       -0.0195631964  -0.0056357690  -0.0719526808  -0.1499374869  -0.1034571738
       -0.0007729366  -0.0012551907   0.0007071188  -0.0007260737   0.0002033506
       -0.0006529466  -0.0005902275  -0.0007214804   0.0007524915   0.0007873553
       -0.0004920293   0.0005479166   0.0004276538  -0.0011343591   0.0020389339
        0.0004954521  -0.0007985034  -0.0007741672   0.0039185228   0.0023838715
       -0.0007020661  -0.0004715727   0.0001520355  -0.0005367704   0.0589916926
       -0.0451558882  -0.1042450451  -0.0215579762   0.0038817207  -0.0224456412
        0.1190279337   0.1312080027   0.3593114139  -0.0668509224   0.0106330023
       -0.0893011158  -0.0232706858   0.0042534362  -0.0142557471  -0.0030594528
       -0.0054529358  -0.0008007305  -0.0000565269  -0.0001829693  -0.0005314274
       -0.0000643054  -0.0042666320   0.0029851229   0.0042994217  -0.0017421369
        0.0046685379  -0.0114976207   0.0165879091   0.0036543685   0.0072663958
       -0.0059948666  -0.0037529939  -0.0702491333  -0.1071901735  -0.1306410185
        0.0006437370   0.0011044773  -0.0006952324  -0.0010621129   0.0001550944
       -0.0005907835   0.0006389342   0.0005967639  -0.0007611960   0.0005195935
       -0.0002298180   0.0000087128   0.0023386259   0.0000576101  -0.0005942207
        0.0002617832   0.0001674409  -0.0000987960  -0.0005371405   0.0002432237
        0.0005596836   0.0002814114   0.0000312305  -0.0001535873  -0.0322365825
        0.0179036658   0.0005881224  -0.0058549406   0.0101572567   0.0036284845
       -0.1676448774   0.0188786609  -0.0668509224   0.5075395538  -0.1388402498
        0.1352919342  -0.1080699325  -0.0500855112  -0.0911118339  -0.0209844664
       -0.0109888659  -0.0259131410   0.0021257813   0.0008506033   0.0067392751
       -0.0351404928   0.0247344728  -0.0027806999  -0.1365346167   0.1200785342
        0.0502128129   0.0002301397  -0.0011549482  -0.0003764047   0.0005901467
       -0.0002565618   0.0002638779  -0.0099603056   0.0010649728  -0.0087569521
        0.0056038487   0.0077534874   0.0113338347  -0.0027087689   0.0034163057
       -0.0046546346   0.0007658042  -0.0002326340   0.0004073075  -0.0028057434
        0.0035559907  -0.0044371649   0.0050793983  -0.0072770744  -0.0038911958
       -0.0001566965  -0.0000787510   0.0000972474   0.0002985224   0.0000043151
       -0.0000259315   0.0000472084  -0.0000004796  -0.0000538085   0.0077443178
       -0.0052371288  -0.0007390278   0.0233017379  -0.0078641855   0.0095754112
        0.0300584029  -0.0668029002   0.0106330023  -0.1388402498   0.4650928454
        0.2063941179  -0.0056522450  -0.1383649467  -0.0886078292  -0.0493607392
        0.0341158245  -0.0032978394   0.0011796711  -0.0397805544  -0.0309169268
        0.0617418076  -0.0069822071   0.0383768633   0.0741720924  -0.2130651976
       -0.0991947439   0.0021272963  -0.0025247128  -0.0015881270  -0.0001972200
        0.0005977353   0.0007186946  -0.0141097016   0.0027277007  -0.0083251863
       -0.0062991802  -0.0146203859  -0.0192538476   0.0038393935   0.0033795116
       -0.0017300982  -0.0000879878  -0.0002553038  -0.0006024092   0.0033163885
        0.0034790986  -0.0021507558   0.0068771813  -0.0138202778  -0.0093088057
       -0.0001656894   0.0000082164   0.0000397907  -0.0000652336  -0.0003702218
        0.0000653665   0.0001278187  -0.0001149564   0.0000888462   0.0203934033
       -0.0051803204   0.0084344571  -0.0117170397   0.0052942700  -0.0055859741
       -0.0632240162   0.0074800562  -0.0893011158   0.1352919342   0.2063941179
        0.4322217098  -0.0479862715  -0.1202415495  -0.2013043396  -0.0617748397
        0.0238166357  -0.0218904895   0.0072395788  -0.0308281891  -0.0302225311
        0.0327138172   0.0109265397   0.0337900012   0.0070527946  -0.0669442309
       -0.1046119629  -0.0011623519   0.0014755850   0.0009185581   0.0006782577
       -0.0009500270  -0.0001926810  -0.0151186190   0.0019565654  -0.0087781314
       -0.0028079244  -0.0092852778  -0.0092255312  -0.0043963746  -0.0021105532
        0.0031122730   0.0003547967  -0.0005345384  -0.0001195282  -0.0046658838
       -0.0018255987   0.0029540030   0.0092318428  -0.0189665232  -0.0103927208
       -0.0000995917   0.0000956800   0.0000729737   0.0000736759  -0.0000896365
       -0.0001394676  -0.0000390738  -0.0000225052   0.0000217946   0.0015272010
       -0.0015024263  -0.0021381245  -0.0003805267  -0.0021172989  -0.0007450130
       -0.0204105489  -0.0098333073  -0.0232706858  -0.1080699325  -0.0056522450
       -0.0479862715   0.5390396708  -0.1608933594   0.1519534223  -0.2646316811
        0.0400946647  -0.1193774794  -0.0348495410   0.0627940148   0.0335061374
       -0.0346334946  -0.0105419419  -0.0309371164   0.0439042362  -0.0255272048
        0.0061174248  -0.0000981394   0.0003878174   0.0002237478   0.0000462305
       -0.0001311341  -0.0004118730  -0.0040461060   0.0012273410  -0.0027171572
       -0.1066487386   0.1008538355   0.0446330988  -0.0117093644   0.0020180918
       -0.0070046230   0.0006646438   0.0046417785  -0.0007918663  -0.0001574008
       -0.0005080070  -0.0004238147   0.0005184811   0.0047058428  -0.0005851071
        0.0001062423   0.0001206792  -0.0000981389  -0.0002650739  -0.0002525257
        0.0002635031   0.0000676564   0.0000046139   0.0000494246   0.0019376161
       -0.0006712699  -0.0022203545   0.0008092086  -0.0004662375   0.0007822972
       -0.0043050582   0.0063880771   0.0042534362  -0.0500855112  -0.1383649467
       -0.1202415495  -0.1608933594   0.4535793256   0.2041889233   0.0903419330
       -0.0925426788   0.0226596557   0.0249436525  -0.0069193739   0.0104286138
       -0.0103660793  -0.0013359957  -0.0037336310   0.0092751892  -0.0324832870
       -0.0251005595   0.0000723526  -0.0001241177  -0.0002265603   0.0003037794
       -0.0002479282   0.0007302651   0.0016042383  -0.0001204977   0.0003097069
        0.1008403441  -0.1890823693  -0.0764954040  -0.0130626712   0.0034501192
       -0.0067362421   0.0048005376  -0.0006219965  -0.0044420432  -0.0004678164
        0.0004932117   0.0002876708   0.0043428194  -0.0008028020  -0.0046590137
       -0.0001005759  -0.0000120161   0.0000120858  -0.0000928478   0.0002226777
       -0.0001251943  -0.0000784312  -0.0001961122  -0.0000464647   0.0022665041
       -0.0009075001  -0.0005516917   0.0003569381  -0.0018292362  -0.0005305060
       -0.0168052930  -0.0020283342  -0.0142557471  -0.0911118339  -0.0886078292
       -0.2013043396   0.1519534223   0.2041889233   0.4243040676  -0.0719148130
       -0.0136184675  -0.1125582523  -0.0024338916   0.0377673225   0.0353035932
       -0.0309173247  -0.0039118476  -0.0310802929   0.0392656665  -0.0498739604
       -0.0181073197  -0.0002151027  -0.0001922010  -0.0000549569   0.0002217530
       -0.0007573089   0.0002331303  -0.0017940810  -0.0001347598   0.0000375325
        0.0445660903  -0.0757778452  -0.0757307059  -0.0213616598   0.0042234304
       -0.0109499360  -0.0005651745  -0.0045906484   0.0029104436  -0.0004207224
        0.0002614299  -0.0002202779  -0.0008186228  -0.0042257171   0.0027148320
        0.0000892542   0.0000701576   0.0000305452  -0.0002494840  -0.0001627232
       -0.0000784343   0.0000325209   0.0000152422   0.0000502365   0.0006753653
       -0.0001936939   0.0007360764  -0.0004055058   0.0008065893  -0.0000702398
        0.0032958549  -0.0003983390  -0.0030594528  -0.0209844664  -0.0493607392
       -0.0617748397  -0.2646316811   0.0903419330  -0.0719148130   0.5287288587
       -0.1395798482   0.1645602845  -0.1436011845   0.0749658945   0.0030546320
        0.0467661275   0.0097471781   0.0419545529  -0.0432955366   0.0304989542
        0.0018093771   0.0001420685  -0.0000055524   0.0000398220  -0.0002673115
        0.0001367989   0.0000399847  -0.0000823270   0.0003069917  -0.0001097440
       -0.0154672548   0.0065052021  -0.0056841905  -0.0765225814  -0.0456691496
       -0.0739035303  -0.0157453764   0.0212146153   0.0082685342   0.0017587919
        0.0003886708  -0.0042048091  -0.0002361324   0.0003718178   0.0002560081
        0.0000638016   0.0000811139  -0.0000874671  -0.0001574148  -0.0003964019
        0.0000426719   0.0001518521   0.0001639892   0.0001074016   0.0015641351
       -0.0005941721  -0.0003032091  -0.0005551254  -0.0001404670  -0.0001765879
       -0.0009272873   0.0019764333  -0.0054529358  -0.0109888659   0.0341158245
        0.0238166357   0.0400946647  -0.0925426788  -0.0136184675  -0.1395798482
        0.4479315443   0.2117604224   0.1253831852  -0.2111450606  -0.0625718184
       -0.0281092001  -0.0334085447  -0.0530394537   0.0307805431  -0.0241975342
        0.0042031131  -0.0001186243   0.0002210463   0.0001020694   0.0000281267
       -0.0000291933  -0.0002966940  -0.0006684527  -0.0000317514  -0.0002196176
        0.0215936361  -0.0074487547   0.0080807492  -0.0455230379  -0.1095082850
       -0.1047112819   0.0060442186  -0.0067053021  -0.0027065926   0.0006035000
        0.0016692927  -0.0053646166   0.0003201933  -0.0000110984   0.0004356787
        0.0000240589  -0.0000328216   0.0001258345  -0.0000197168   0.0000825266
       -0.0000713249  -0.0000246780  -0.0000614691   0.0000431209   0.0002165767
        0.0005396505   0.0001306715   0.0006262629  -0.0004493195   0.0004898320
       -0.0034576847  -0.0057918772  -0.0008007305  -0.0259131410  -0.0032978394
       -0.0218904895  -0.1193774794   0.0226596557  -0.1125582523   0.1645602845
        0.2117604224   0.4418286753   0.0510616909  -0.0996218387  -0.1073754117
        0.0065057187  -0.0258630426  -0.0183383977   0.0016075644   0.0044143096
       -0.0002642564   0.0001212046  -0.0001537465  -0.0000423865   0.0000094626
        0.0001745975  -0.0000736827  -0.0011313526   0.0002004448  -0.0006767624
        0.0088224766  -0.0030945181   0.0042634918  -0.0737867813  -0.1046452472
       -0.1891773162  -0.0061796449   0.0083975685   0.0041261827  -0.0039258860
       -0.0056439053  -0.0001496790   0.0002610639   0.0004264496   0.0004108811
        0.0001310554  -0.0000240086   0.0000525177  -0.0001561310   0.0000132190
       -0.0000566184   0.0001572549   0.0000300654   0.0000605923   0.0002421734
       -0.0001848338  -0.0003111556   0.0002752540  -0.0002537651  -0.0000508196
       -0.0014512111   0.0009116447  -0.0000565269   0.0021257813   0.0011796711
        0.0072395788  -0.0348495410   0.0249436525  -0.0024338916  -0.1436011845
        0.1253831852   0.0510616909   0.5470552643  -0.1505722882   0.1667271985
       -0.1173560613  -0.0558703997  -0.1023946752  -0.0197183854  -0.0121262155
       -0.0263933183  -0.0000572568  -0.0000128621   0.0000065884  -0.0000204703
       -0.0000850075   0.0000654786   0.0001967195  -0.0000136949   0.0001194337
       -0.0027664393   0.0037640674  -0.0044288669   0.0052165725  -0.0075659412
       -0.0039941522  -0.2376036159   0.0590668156  -0.0913285156   0.0050946706
        0.0080812209   0.0107616150  -0.0029144494   0.0033354747  -0.0046461536
       -0.0002034924   0.0000381947  -0.0000551058   0.0000759814  -0.0000584458
        0.0000808117   0.0000637280   0.0000694817  -0.0000217129  -0.0001864985
        0.0000534096   0.0004341947   0.0002758152   0.0001634137   0.0001289844
        0.0003361548  -0.0006466512  -0.0001829693   0.0008506033  -0.0397805544
       -0.0308281891   0.0627940148  -0.0069193739   0.0377673225   0.0749658945
       -0.2111450606  -0.0996218387  -0.1505722882   0.4429159750   0.1968978208
       -0.0050776178  -0.1415958640  -0.0911262736  -0.0500436861   0.0349637283
       -0.0040926634   0.0001842784  -0.0000460050  -0.0000088318  -0.0000391090
        0.0001812144  -0.0000298772   0.0000225714   0.0001771849   0.0000002342
        0.0033188301   0.0033574862  -0.0020265190   0.0075470688  -0.0136625685
       -0.0081664783   0.0590361194  -0.0572996930   0.0219214159  -0.0070376655
       -0.0139992034  -0.0191988301   0.0036892974   0.0032333315  -0.0018714949
       -0.0000812226   0.0000045937  -0.0000723565   0.0002732489  -0.0000644338
        0.0000284881  -0.0000886235   0.0000120641   0.0000746162   0.0002287861
       -0.0002938725   0.0003995858   0.0002119209   0.0000151451  -0.0000144633
       -0.0005868557   0.0003221572  -0.0005314274   0.0067392751  -0.0309169268
       -0.0302225311   0.0335061374   0.0104286138   0.0353035932   0.0030546320
       -0.0625718184  -0.1073754117   0.1667271985   0.1968978208   0.4281178755
       -0.0546726202  -0.1279793942  -0.2099285543  -0.0621829223   0.0231193904
       -0.0215678218   0.0001134519  -0.0000057813   0.0000403703  -0.0000629362
        0.0001562538   0.0000275832   0.0001623560   0.0001136564   0.0001182810
       -0.0047464469  -0.0018523651   0.0029108196   0.0104824584  -0.0193404653
       -0.0099662057  -0.0912914074   0.0219392031  -0.0808214341  -0.0034645825
       -0.0080156781  -0.0094929136  -0.0043218479  -0.0019681629   0.0029719068
       -0.0001157401   0.0000041960  -0.0000024050  -0.0001476749   0.0001020368
        0.0000609324   0.0000389809  -0.0000928524  -0.0000058946   0.0003242593
        0.0004577127  -0.0004405250  -0.0014637657   0.0009028564  -0.0005456242
        0.0021674008   0.0032145634  -0.0000643054  -0.0351404928   0.0617418076
        0.0327138172  -0.0346334946  -0.0103660793  -0.0309173247   0.0467661275
       -0.0281092001   0.0065057187  -0.1173560613  -0.0050776178  -0.0546726202
        0.5291603857  -0.1566047670   0.1468248574  -0.2606471518   0.0383360614
       -0.1151017258  -0.0002761414   0.0001392416   0.0000932830   0.0000435380
       -0.0002422201  -0.0000111676   0.0002167967  -0.0000692552   0.0001600152
       -0.0001163693  -0.0004148724  -0.0003525990   0.0007930786   0.0048702316
       -0.0004363781  -0.0119013556  -0.0127527438  -0.0212098646  -0.1065098195
        0.1019177094   0.0441665525  -0.0112025005   0.0020431910  -0.0067647421
       -0.0002171977  -0.0000610863   0.0000426014   0.0001818365   0.0001141981
       -0.0000369231  -0.0000268951   0.0000240118  -0.0000425487   0.0017983900
       -0.0008580936   0.0003590451  -0.0001881795   0.0001595503  -0.0005410040
        0.0032963431  -0.0002584189  -0.0042666320   0.0247344728  -0.0069822071
        0.0109265397  -0.0105419419  -0.0013359957  -0.0039118476   0.0097471781
       -0.0334085447  -0.0258630426  -0.0558703997  -0.1415958640  -0.1279793942
       -0.1566047670   0.4654763496   0.2122157138   0.0884944296  -0.0935658951
        0.0215699804  -0.0000605724   0.0001538335   0.0000799801  -0.0000005238
        0.0000172607   0.0000200264   0.0000728120  -0.0000270318  -0.0000365660
       -0.0004051803   0.0004329229   0.0002872250   0.0045677918  -0.0007415433
       -0.0047940916   0.0024440405   0.0037262059   0.0046769230   0.1017082265
       -0.1949585605  -0.0760295943  -0.0131298636   0.0036889085  -0.0066763908
       -0.0001570228   0.0001118299  -0.0001333078   0.0001908072  -0.0001798118
        0.0001306593  -0.0001803042   0.0001332698   0.0000556157  -0.0013059633
        0.0005816399   0.0003016023   0.0006272802  -0.0001975349   0.0003972025
        0.0010382899  -0.0051322589   0.0029851229  -0.0027806999   0.0383768633
        0.0337900012  -0.0309371164  -0.0037336310  -0.0310802929   0.0419545529
       -0.0530394537  -0.0183383977  -0.1023946752  -0.0911262736  -0.2099285543
        0.1468248574   0.2122157138   0.4258502523  -0.0681930605  -0.0147436389
       -0.1110633804   0.0000223625  -0.0001552277  -0.0001437753   0.0000643387
       -0.0001170764  -0.0000016027   0.0000798788  -0.0003048284  -0.0002346760
       -0.0003198208   0.0003415617  -0.0002093345  -0.0007264377  -0.0045572604
        0.0029018294  -0.0068445569  -0.0064283245  -0.0102439109   0.0439834563
       -0.0761330288  -0.0746682138  -0.0209461661   0.0040874706  -0.0103668394
       -0.0000463565  -0.0000885237  -0.0000199212   0.0003088899   0.0002303014
       -0.0002103541  -0.0001868452  -0.0000943278   0.0000047241  -0.0043923562
        0.0018576636   0.0003660759  -0.0008629390  -0.0003968861  -0.0007774732
       -0.0221072937   0.0246133861   0.0042994217  -0.1365346167   0.0741720924
        0.0070527946   0.0439042362   0.0092751892   0.0392656665  -0.0432955366
        0.0307805431   0.0016075644  -0.0197183854  -0.0500436861  -0.0621829223
       -0.2606471518   0.0884944296  -0.0681930605   0.5344264858  -0.1401556557
        0.1649747455   0.0000252646   0.0002938377   0.0004073051  -0.0001746259
        0.0000572659  -0.0000004255   0.0005543101   0.0010999325   0.0013200343
        0.0012569886   0.0002592185  -0.0042232047  -0.0003531115   0.0004275597
        0.0003703865   0.0015392661   0.0006285435  -0.0040398179  -0.0153908381
        0.0064510003  -0.0056007213  -0.0783053846  -0.0478618839  -0.0744208176
        0.0000705443  -0.0003194399  -0.0000825264   0.0003911623   0.0002570697
       -0.0000234703  -0.0000202987  -0.0000646637  -0.0001228134  -0.0020843336
        0.0013008836   0.0014884754   0.0000160389  -0.0000167154   0.0001818618
        0.0165901842  -0.0116486543  -0.0017421369   0.1200785342  -0.2130651976
       -0.0669442309  -0.0255272048  -0.0324832870  -0.0498739604   0.0304989542
       -0.0241975342   0.0044143096  -0.0121262155   0.0349637283   0.0231193904
        0.0383360614  -0.0935658951  -0.0147436389  -0.1401556557   0.4532377183
        0.2103738587  -0.0001572025  -0.0000309789  -0.0000512955  -0.0000007936
       -0.0000668373   0.0000505336  -0.0016538029   0.0007910835  -0.0002638717
        0.0006718219   0.0015400116  -0.0051058917   0.0004423229  -0.0000074243
        0.0004423423   0.0004401071   0.0017599456  -0.0055348080   0.0215917926
       -0.0073860752   0.0080158686  -0.0474020168  -0.1109977374  -0.1035979961
        0.0002493562  -0.0001039223  -0.0001966548   0.0004076954   0.0001268201
       -0.0001295421  -0.0001372281   0.0000990365  -0.0000089685  -0.0019693376
        0.0006789289  -0.0000099772  -0.0021282227   0.0016237730  -0.0007751800
       -0.0031037224   0.0054498238   0.0046685379   0.0502128129  -0.0991947439
       -0.1046119629   0.0061174248  -0.0251005595  -0.0181073197   0.0018093771
        0.0042031131  -0.0002642564  -0.0263933183  -0.0040926634  -0.0215678218
       -0.1151017258   0.0215699804  -0.1110633804   0.1649747455   0.2103738587
        0.4313291210  -0.0001954593   0.0002536965   0.0000980381  -0.0000448021
       -0.0001064630  -0.0002318004  -0.0011320584   0.0016939052   0.0002560576
       -0.0038425295  -0.0054427722  -0.0004745714   0.0002865862   0.0004935382
        0.0004924567  -0.0042882664  -0.0054078359  -0.0001532345   0.0086182229
       -0.0029179988   0.0041739079  -0.0743395504  -0.1041995154  -0.1834234488
       -0.0001889254   0.0001219388   0.0000270792   0.0006509121  -0.0002602996
        0.0003666007   0.0003435239   0.0002974559  -0.0004350758   0.0109748877
       -0.0049776536   0.0169232364  -0.1536382473   0.0354357768  -0.1319752756
       -0.0097812947   0.0031220263  -0.0114976207   0.0002301397   0.0021272963
       -0.0011623519  -0.0000981394   0.0000723526  -0.0002151027   0.0001420685
       -0.0001186243   0.0001212046  -0.0000572568   0.0001842784   0.0001134519
       -0.0002761414  -0.0000605724   0.0000223625   0.0000252646  -0.0001572025
       -0.0001954593   0.1620036853  -0.0371628667   0.1385362031  -0.0104969319
        0.0019873226  -0.0113780620   0.0001777183  -0.0008282358   0.0005019894
       -0.0000140034   0.0001338261   0.0002519551   0.0000279476   0.0000348099
        0.0000225886   0.0000183861   0.0000198565  -0.0000012028  -0.0000259687
       -0.0000232818   0.0000054343  -0.0000176248   0.0000517963  -0.0000319550
        0.0000582978  -0.0000074823  -0.0000388866  -0.0001418922  -0.0000269950
        0.0006209793   0.0001515383  -0.0003322393  -0.0005056628   0.0050711054
       -0.0070253165   0.0100871406   0.0306871117  -0.0500116968   0.0356670974
        0.0138258452  -0.0072400166   0.0165879091  -0.0011549482  -0.0025247128
        0.0014755850   0.0003878174  -0.0001241177  -0.0001922010  -0.0000055524
        0.0002210463  -0.0001537465  -0.0000128621  -0.0000460050  -0.0000057813
        0.0001392416   0.0001538335  -0.0001552277   0.0002938377  -0.0000309789
        0.0002536965  -0.0371628667   0.0630437286  -0.0502060759  -0.0128699039
        0.0039112124  -0.0138276603   0.0008569182   0.0000916725   0.0000554608
       -0.0000754104  -0.0000267778   0.0002066995  -0.0000009069  -0.0000089152
        0.0000185931  -0.0000327071  -0.0000218927   0.0000370992   0.0000346911
        0.0000080386  -0.0000076235  -0.0000493545  -0.0000023853   0.0000826052
        0.0000787480  -0.0002555260   0.0000639529  -0.0002573449   0.0007138212
       -0.0004075059   0.0000081935  -0.0005373649  -0.0000024166  -0.0108147376
        0.0160737310  -0.0252693608  -0.1256188967   0.0352611214  -0.1655312606
        0.0064287325   0.0000677674   0.0036543685  -0.0003764047  -0.0015881270
        0.0009185581   0.0002237478  -0.0002265603  -0.0000549569   0.0000398220
        0.0001020694  -0.0000423865   0.0000065884  -0.0000088318   0.0000403703
        0.0000932830   0.0000799801  -0.0001437753   0.0004073051  -0.0000512955
        0.0000980381   0.1385362031  -0.0502060759   0.1928519100  -0.0089922317
        0.0003234582  -0.0064223601   0.0002183803   0.0001529634   0.0000564784
       -0.0000035141   0.0000757989   0.0001842335   0.0000009602  -0.0000517981
        0.0000479551  -0.0000209935  -0.0000177495   0.0000049823   0.0000538469
        0.0000316457  -0.0000470043  -0.0000116876   0.0000609722   0.0000001799
        0.0000990494   0.0000671593  -0.0000374224   0.0000301272  -0.0003893411
       -0.0000499878   0.0000525901   0.0001315324   0.0001729132  -0.0115373994
       -0.0182933602   0.0018559947  -0.1249891903  -0.1067887822  -0.0590000304
        0.0084088161   0.0098306775   0.0072663958   0.0005901467  -0.0001972200
        0.0006782577   0.0000462305   0.0003037794   0.0002217530  -0.0002673115
        0.0000281267   0.0000094626  -0.0000204703  -0.0000391090  -0.0000629362
        0.0000435380  -0.0000005238   0.0000643387  -0.0001746259  -0.0000007936
       -0.0000448021  -0.0104969319  -0.0128699039  -0.0089922317   0.1377971922
        0.1252836454   0.0599017925   0.0002225253   0.0028886567  -0.0013639362
        0.0002103614   0.0001710457  -0.0005824269  -0.0000228261  -0.0000033295
       -0.0000320389   0.0000103798  -0.0000100819  -0.0000080897  -0.0000161562
       -0.0000322715   0.0000239860   0.0000139549  -0.0000799065  -0.0000209921
       -0.0001905995  -0.0000535931   0.0000988296   0.0001662174  -0.0001493574
       -0.0003821362   0.0000464563   0.0000470707  -0.0000234325  -0.0051268140
       -0.0135346001   0.0041833544  -0.1079988999  -0.1699813413  -0.0645029030
       -0.0133591851  -0.0195631964  -0.0059948666  -0.0002565618   0.0005977353
       -0.0009500270  -0.0001311341  -0.0002479282  -0.0007573089   0.0001367989
       -0.0000291933   0.0001745975  -0.0000850075   0.0001812144   0.0001562538
       -0.0002422201   0.0000172607  -0.0001170764   0.0000572659  -0.0000668373
       -0.0001064630   0.0019873226   0.0039112124   0.0003234582   0.1252836454
        0.2004980775   0.0642335478  -0.0003549986  -0.0021244078   0.0024929067
        0.0003085872   0.0003086060   0.0011012799  -0.0000658967   0.0000054942
       -0.0000139419  -0.0000544194   0.0000252088   0.0000068420  -0.0000477637
        0.0000253073  -0.0000084004  -0.0000727934   0.0001332676   0.0000854861
       -0.0000594382  -0.0001259138   0.0002563869  -0.0003659331   0.0007383073
       -0.0003208786  -0.0002626137  -0.0004291034   0.0001523233   0.0182199462
        0.0233107109   0.0035836708  -0.0604037186  -0.0684470875  -0.0700310407
       -0.0052573970  -0.0056357690  -0.0037529939   0.0002638779   0.0007186946
       -0.0001926810  -0.0004118730   0.0007302651   0.0002331303   0.0000399847
       -0.0002966940  -0.0000736827   0.0000654786  -0.0000298772   0.0000275832
       -0.0000111676   0.0000200264  -0.0000016027  -0.0000004255   0.0000505336
       -0.0002318004  -0.0113780620  -0.0138276603  -0.0064223601   0.0599017925
        0.0642335478   0.0769889241   0.0000547401  -0.0014128774   0.0010630585
       -0.0004415199   0.0004187206  -0.0010641694  -0.0000314498  -0.0000572896
        0.0000175133   0.0000540426  -0.0000288795  -0.0000602585   0.0000243854
        0.0000197907  -0.0000918861  -0.0000006494   0.0000505546  -0.0000792361
        0.0000504775  -0.0000873601  -0.0004880480  -0.0004112351   0.0006566624
        0.0009711538   0.0000081706  -0.0001836100  -0.0001557373   0.0034744777
        0.0182620663   0.0174953610  -0.0012267625  -0.0003765472  -0.0006216016
       -0.0815597684  -0.0719526808  -0.0702491333  -0.0099603056  -0.0141097016
       -0.0151186190  -0.0040461060   0.0016042383  -0.0017940810  -0.0000823270
       -0.0006684527  -0.0011313526   0.0001967195   0.0000225714   0.0001623560
        0.0002167967   0.0000728120   0.0000798788   0.0005543101  -0.0016538029
       -0.0011320584   0.0001777183   0.0008569182   0.0002183803   0.0002225253
       -0.0003549986   0.0000547401   0.0933124860   0.0664243462   0.0707468950
       -0.0000592696   0.0002370330   0.0003723698  -0.0003399888   0.0001103450
       -0.0000862014   0.0000525305   0.0000398489   0.0001007132   0.0000992591
        0.0000062750   0.0000256014  -0.0006797084   0.0010940370   0.0005493834
        0.0002550760  -0.0000810742  -0.0000451766   0.0001285957   0.0005792883
       -0.0002817539  -0.0002261102  -0.0001683688   0.0001945243   0.0028470347
       -0.0055383002  -0.0015903140  -0.0074550584  -0.0207927335  -0.0166831216
       -0.0681249659  -0.1499374869  -0.1071901735   0.0010649728   0.0027277007
        0.0019565654   0.0012273410  -0.0001204977  -0.0001347598   0.0003069917
       -0.0000317514   0.0002004448  -0.0000136949   0.0001771849   0.0001136564
       -0.0000692552  -0.0000270318  -0.0003048284   0.0010999325   0.0007910835
        0.0016939052  -0.0008282358   0.0000916725   0.0001529634   0.0028886567
       -0.0021244078  -0.0014128774   0.0664243462   0.1747138277   0.1231118056
        0.0000571418   0.0000282565   0.0001461945   0.0000538549  -0.0000719013
        0.0001319239  -0.0000080133  -0.0000171960   0.0000100740   0.0000947875
       -0.0000188801   0.0000038542   0.0002766022  -0.0001793846  -0.0000729064
       -0.0004344140   0.0002321395   0.0001519875   0.0001421560  -0.0007116671
       -0.0002658749   0.0000635151   0.0001717302  -0.0000494516   0.0016307679
       -0.0219349822  -0.0203496946   0.0063059383   0.0081303951   0.0064073018
       -0.0676110313  -0.1034571738  -0.1306410185  -0.0087569521  -0.0083251863
       -0.0087781314  -0.0027171572   0.0003097069   0.0000375325  -0.0001097440
       -0.0002196176  -0.0006767624   0.0001194337   0.0000002342   0.0001182810
        0.0001600152  -0.0000365660  -0.0002346760   0.0013200343  -0.0002638717
        0.0002560576   0.0005019894   0.0000554608   0.0000564784  -0.0013639362
        0.0024929067   0.0010630585   0.0707468950   0.1231118056   0.1522654971
        0.0001616075   0.0002057448   0.0001749654  -0.0001127937   0.0001314963
       -0.0001548674  -0.0000177241  -0.0000132075   0.0000699863   0.0000807758
       -0.0000426617   0.0000803801  -0.0001093757   0.0001633137   0.0004689505
        0.0001657854   0.0000572634   0.0000085149  -0.0003416730  -0.0002350559
        0.0001125147   0.0000752885   0.0000484495   0.0000214338  -0.0005751533
       -0.0003077858  -0.0003249294  -0.0001365519  -0.0002187330  -0.0008490553
       -0.0001967855  -0.0007729366   0.0006437370   0.0056038487  -0.0062991802
       -0.0028079244  -0.1066487386   0.1008403441   0.0445660903  -0.0154672548
        0.0215936361   0.0088224766  -0.0027664393   0.0033188301  -0.0047464469
       -0.0001163693  -0.0004051803  -0.0003198208   0.0012569886   0.0006718219
       -0.0038425295  -0.0000140034  -0.0000754104  -0.0000035141   0.0002103614
        0.0003085872  -0.0004415199  -0.0000592696   0.0000571418   0.0001616075
        0.1198774242  -0.1181970063  -0.0431594325  -0.0000055213  -0.0004520491
        0.0014488819  -0.0007360151   0.0010727853   0.0005054220  -0.0003268904
       -0.0005479809   0.0005409842   0.0002009687  -0.0004575411  -0.0003364900
        0.0000010967   0.0001698752  -0.0000020539  -0.0002174021  -0.0004216685
       -0.0000516301   0.0000419247   0.0001387966   0.0001413643  -0.0009795063
        0.0003346808   0.0010107917   0.0008130125   0.0002097070   0.0001851651
        0.0006373544  -0.0012551907   0.0011044773   0.0077534874  -0.0146203859
       -0.0092852778   0.1008538355  -0.1890823693  -0.0757778452   0.0065052021
       -0.0074487547  -0.0030945181   0.0037640674   0.0033574862  -0.0018523651
       -0.0004148724   0.0004329229   0.0003415617   0.0002592185   0.0015400116
       -0.0054427722   0.0001338261  -0.0000267778   0.0000757989   0.0001710457
        0.0003086060   0.0004187206   0.0002370330   0.0000282565   0.0002057448
       -0.1181970063   0.2082780889   0.0905896722  -0.0014900608  -0.0003349664
        0.0010942484   0.0001760314  -0.0003761345  -0.0001872396  -0.0005709053
       -0.0005779588   0.0008026128   0.0005226178  -0.0006542252  -0.0002764558
       -0.0000651372  -0.0000998064   0.0001209719  -0.0000022247   0.0002063126
       -0.0000281690   0.0000522449  -0.0001470205  -0.0000851985   0.0001188104
        0.0000923725   0.0006941105  -0.0009033901  -0.0003215946  -0.0011673027
        0.0014223730   0.0007071188  -0.0006952324   0.0113338347  -0.0192538476
       -0.0092255312   0.0446330988  -0.0764954040  -0.0757307059  -0.0056841905
        0.0080807492   0.0042634918  -0.0044288669  -0.0020265190   0.0029108196
       -0.0003525990   0.0002872250  -0.0002093345  -0.0042232047  -0.0051058917
       -0.0004745714   0.0002519551   0.0002066995   0.0001842335  -0.0005824269
        0.0011012799  -0.0010641694   0.0003723698   0.0001461945   0.0001749654
       -0.0431594325   0.0905896722   0.0818314738   0.0004950328   0.0018317845
       -0.0005051200  -0.0003580935   0.0004580047   0.0001465127   0.0005191841
        0.0007629664  -0.0006762658   0.0005606626  -0.0010202962  -0.0004649783
        0.0000974662   0.0000326844   0.0000266878  -0.0001506367  -0.0001134329
       -0.0000671552   0.0000707560   0.0000522676   0.0000196262  -0.0000030189
       -0.0001057617  -0.0000914683   0.0000272109  -0.0000472476   0.0001012020
       -0.0002392411  -0.0007260737  -0.0010621129  -0.0027087689   0.0038393935
       -0.0043963746  -0.0117093644  -0.0130626712  -0.0213616598  -0.0765225814
       -0.0455230379  -0.0737867813   0.0052165725   0.0075470688   0.0104824584
        0.0007930786   0.0045677918  -0.0007264377  -0.0003531115   0.0004423229
        0.0002865862   0.0000279476  -0.0000009069   0.0000009602  -0.0000228261
       -0.0000658967  -0.0000314498  -0.0003399888   0.0000538549  -0.0001127937
       -0.0000055213  -0.0014900608   0.0004950328   0.0858344360   0.0450064852
        0.0874968883   0.0001335916  -0.0003714253   0.0015364010   0.0001926986
        0.0004465389   0.0006246428  -0.0003386988  -0.0004818933   0.0005657477
       -0.0000832637   0.0001661803  -0.0001097952  -0.0000085595  -0.0004096399
        0.0000366445   0.0000413690   0.0002358915   0.0001094365  -0.0002306244
       -0.0000735287  -0.0000054808   0.0000596227   0.0000479092   0.0000726607
        0.0003437301   0.0002033506   0.0001550944   0.0034163057   0.0033795116
       -0.0021105532   0.0020180918   0.0034501192   0.0042234304  -0.0456691496
       -0.1095082850  -0.1046452472  -0.0075659412  -0.0136625685  -0.0193404653
        0.0048702316  -0.0007415433  -0.0045572604   0.0004275597  -0.0000074243
        0.0004935382   0.0000348099  -0.0000089152  -0.0000517981  -0.0000033295
        0.0000054942  -0.0000572896   0.0001103450  -0.0000719013   0.0001314963
       -0.0004520491  -0.0003349664   0.0018317845   0.0450064852   0.1191347355
        0.1230171176  -0.0013384323  -0.0004969704   0.0009242818  -0.0004737265
       -0.0007344367  -0.0008989509  -0.0005034748  -0.0005730125   0.0007813558
       -0.0001796558  -0.0001385195   0.0000486963   0.0004262957   0.0002915833
       -0.0001330764  -0.0001675665  -0.0001446394  -0.0000486186   0.0001173213
        0.0001875567   0.0003175455  -0.0000960117  -0.0001939825  -0.0001880755
       -0.0002446408  -0.0006529466  -0.0005907835  -0.0046546346  -0.0017300982
        0.0031122730  -0.0070046230  -0.0067362421  -0.0109499360  -0.0739035303
       -0.1047112819  -0.1891773162  -0.0039941522  -0.0081664783  -0.0099662057
       -0.0004363781  -0.0047940916   0.0029018294   0.0003703865   0.0004423423
        0.0004924567   0.0000225886   0.0000185931   0.0000479551  -0.0000320389
       -0.0000139419   0.0000175133  -0.0000862014   0.0001319239  -0.0001548674
        0.0014488819   0.0010942484  -0.0005051200   0.0874968883   0.1230171176
        0.2064469593   0.0006244397   0.0016075665  -0.0004802138  -0.0002469791
       -0.0002785361  -0.0005484106   0.0005396105   0.0007698264  -0.0006426048
       -0.0000417734  -0.0000303509   0.0000245136  -0.0000034243   0.0000635869
       -0.0000558744   0.0000461310   0.0000100836   0.0000048557  -0.0003473714
        0.0001680909  -0.0000872286   0.0001909838  -0.0001559489   0.0001215487
       -0.0000972573  -0.0005902275   0.0006389342   0.0007658042  -0.0000879878
        0.0003547967   0.0006646438   0.0048005376  -0.0005651745  -0.0157453764
        0.0060442186  -0.0061796449  -0.2376036159   0.0590361194  -0.0912914074
       -0.0119013556   0.0024440405  -0.0068445569   0.0015392661   0.0004401071
       -0.0042882664   0.0000183861  -0.0000327071  -0.0000209935   0.0000103798
       -0.0000544194   0.0000540426   0.0000525305  -0.0000080133  -0.0000177241
       -0.0007360151   0.0001760314  -0.0003580935   0.0001335916  -0.0013384323
        0.0006244397   0.2634692619  -0.0705332196   0.1066772695   0.0001588083
       -0.0005544386   0.0014009668  -0.0005735976   0.0002029296  -0.0001924033
       -0.0001068018   0.0000498640  -0.0000394500  -0.0000512674  -0.0001857756
        0.0000167464   0.0001026330   0.0001295775   0.0000475902  -0.0003175547
        0.0002733369   0.0000710723   0.0002646793  -0.0001417181   0.0001070862
       -0.0003921200  -0.0007214804   0.0005967639  -0.0002326340  -0.0002553038
       -0.0005345384   0.0046417785  -0.0006219965  -0.0045906484   0.0212146153
       -0.0067053021   0.0083975685   0.0590668156  -0.0572996930   0.0219392031
       -0.0127527438   0.0037262059  -0.0064283245   0.0006285435   0.0017599456
       -0.0054078359   0.0000198565  -0.0000218927  -0.0000177495  -0.0000100819
        0.0000252088  -0.0000288795   0.0000398489  -0.0000171960  -0.0000132075
        0.0010727853  -0.0003761345   0.0004580047  -0.0003714253  -0.0004969704
        0.0016075665  -0.0705332196   0.0611830404  -0.0167212931  -0.0015432483
       -0.0004085179   0.0008890901  -0.0007404589   0.0001048018  -0.0003487650
       -0.0001545235   0.0000512361  -0.0000761227   0.0004043304  -0.0001301332
       -0.0000127643  -0.0002000971   0.0000739453   0.0000545396   0.0003681728
       -0.0001666670   0.0002145504  -0.0002861982   0.0001482971  -0.0001658345
        0.0003177566   0.0007524915  -0.0007611960   0.0004073075  -0.0006024092
       -0.0001195282  -0.0007918663  -0.0044420432   0.0029104436   0.0082685342
       -0.0027065926   0.0041261827  -0.0913285156   0.0219214159  -0.0808214341
       -0.0212098646   0.0046769230  -0.0102439109  -0.0040398179  -0.0055348080
       -0.0001532345  -0.0000012028   0.0000370992   0.0000049823  -0.0000080897
        0.0000068420  -0.0000602585   0.0001007132   0.0000100740   0.0000699863
        0.0005054220  -0.0001872396   0.0001465127   0.0015364010   0.0009242818
       -0.0004802138   0.1066772695  -0.0167212931   0.0865074564   0.0004893859
        0.0015767323  -0.0006438778  -0.0010551175   0.0003118476  -0.0004962786
       -0.0001161518  -0.0001359328   0.0000267040   0.0002320469   0.0002077787
       -0.0001015159  -0.0000130286  -0.0000370480   0.0000124968  -0.0003593049
        0.0003572820   0.0000433697  -0.0001706911  -0.0000794475  -0.0000727841
       -0.0004021971   0.0007873553   0.0005195935  -0.0028057434   0.0033163885
       -0.0046658838  -0.0001574008  -0.0004678164  -0.0004207224   0.0017587919
        0.0006035000  -0.0039258860   0.0050946706  -0.0070376655  -0.0034645825
       -0.1065098195   0.1017082265   0.0439834563  -0.0153908381   0.0215917926
        0.0086182229  -0.0000259687   0.0000346911   0.0000538469  -0.0000161562
       -0.0000477637   0.0000243854   0.0000992591   0.0000947875   0.0000807758
       -0.0003268904  -0.0005709053   0.0005191841   0.0001926986  -0.0004737265
       -0.0002469791   0.0001588083  -0.0015432483   0.0004893859   0.1187932851
       -0.1179202427  -0.0429001276  -0.0000353701  -0.0003880053   0.0014270602
       -0.0001068337  -0.0000881660   0.0000780210  -0.0000499680   0.0001575493
       -0.0000214582   0.0000954374  -0.0001035707  -0.0000601839   0.0001820863
        0.0001808326   0.0000833711   0.0001122268  -0.0000695205  -0.0000609737
       -0.0000545468  -0.0004920293  -0.0002298180   0.0035559907   0.0034790986
       -0.0018255987  -0.0005080070   0.0004932117   0.0002614299   0.0003886708
        0.0016692927  -0.0056439053   0.0080812209  -0.0139992034  -0.0080156781
        0.1019177094  -0.1949585605  -0.0761330288   0.0064510003  -0.0073860752
       -0.0029179988  -0.0000232818   0.0000080386   0.0000316457  -0.0000322715
        0.0000253073   0.0000197907   0.0000062750  -0.0000188801  -0.0000426617
       -0.0005479809  -0.0005779588   0.0007629664   0.0004465389  -0.0007344367
       -0.0002785361  -0.0005544386  -0.0004085179   0.0015767323  -0.1179202427
        0.2131413390   0.0913387106  -0.0014395853  -0.0003177507   0.0010771738
       -0.0000485784   0.0002244000  -0.0001565559   0.0001790885  -0.0005001627
        0.0000766011  -0.0001081589   0.0002520734   0.0000944484  -0.0000257959
       -0.0001258209   0.0000403302  -0.0001301878   0.0001639972   0.0000095828
       -0.0003203507   0.0005479166   0.0000087128  -0.0044371649  -0.0021507558
        0.0029540030  -0.0004238147   0.0002876708  -0.0002202779  -0.0042048091
       -0.0053646166  -0.0001496790   0.0107616150  -0.0191988301  -0.0094929136
        0.0441665525  -0.0760295943  -0.0746682138  -0.0056007213   0.0080158686
        0.0041739079   0.0000054343  -0.0000076235  -0.0000470043   0.0000239860
       -0.0000084004  -0.0000918861   0.0000256014   0.0000038542   0.0000803801
        0.0005409842   0.0008026128  -0.0006762658   0.0006246428  -0.0008989509
       -0.0005484106   0.0014009668   0.0008890901  -0.0006438778  -0.0429001276
        0.0913387106   0.0797839100   0.0004708378   0.0017585611  -0.0005267916
       -0.0000234756  -0.0000355186  -0.0000155977   0.0001855686   0.0001222447
       -0.0000000641  -0.0000157522  -0.0000634398  -0.0000103860   0.0000174693
        0.0000950095  -0.0002115012   0.0001561980  -0.0001937019   0.0000676372
        0.0000765811   0.0004276538   0.0023386259   0.0050793983   0.0068771813
        0.0092318428   0.0005184811   0.0043428194  -0.0008186228  -0.0002361324
        0.0003201933   0.0002610639  -0.0029144494   0.0036892974  -0.0043218479
       -0.0112025005  -0.0131298636  -0.0209461661  -0.0783053846  -0.0474020168
       -0.0743395504  -0.0000176248  -0.0000493545  -0.0000116876   0.0000139549
       -0.0000727934  -0.0000006494  -0.0006797084   0.0002766022  -0.0001093757
        0.0002009687   0.0005226178   0.0005606626  -0.0003386988  -0.0005034748
        0.0005396105  -0.0005735976  -0.0007404589  -0.0010551175  -0.0000353701
       -0.0014395853   0.0004708378   0.0880940744   0.0469565882   0.0883702858
       -0.0001264935  -0.0001475628   0.0002022166   0.0000204009   0.0002628630
       -0.0001432438  -0.0000327880  -0.0002075113  -0.0000703584  -0.0005774616
        0.0006609962   0.0007018972   0.0002048392  -0.0001715076  -0.0001766132
       -0.0017038700  -0.0011343591   0.0000576101  -0.0072770744  -0.0138202778
       -0.0189665232   0.0047058428  -0.0008028020  -0.0042257171   0.0003718178
       -0.0000110984   0.0004264496   0.0033354747   0.0032333315  -0.0019681629
        0.0020431910   0.0036889085   0.0040874706  -0.0478618839  -0.1109977374
       -0.1041995154   0.0000517963  -0.0000023853   0.0000609722  -0.0000799065
        0.0001332676   0.0000505546   0.0010940370  -0.0001793846   0.0001633137
       -0.0004575411  -0.0006542252  -0.0010202962  -0.0004818933  -0.0005730125
        0.0007698264   0.0002029296   0.0001048018   0.0003118476  -0.0003880053
       -0.0003177507   0.0017585611   0.0469565882   0.1209354463   0.1221797103
       -0.0001703283   0.0003074994  -0.0000668633  -0.0000529228  -0.0006154680
        0.0000139919  -0.0000107622   0.0002552804   0.0000043717   0.0002704571
       -0.0001889979  -0.0000091478  -0.0002352784   0.0003725708  -0.0000816212
       -0.0000797940   0.0020389339  -0.0005942207  -0.0038911958  -0.0093088057
       -0.0103927208  -0.0005851071  -0.0046590137   0.0027148320   0.0002560081
        0.0004356787   0.0004108811  -0.0046461536  -0.0018714949   0.0029719068
       -0.0067647421  -0.0066763908  -0.0103668394  -0.0744208176  -0.1035979961
       -0.1834234488  -0.0000319550   0.0000826052   0.0000001799  -0.0000209921
        0.0000854861  -0.0000792361   0.0005493834  -0.0000729064   0.0004689505
       -0.0003364900  -0.0002764558  -0.0004649783   0.0005657477   0.0007813558
       -0.0006426048  -0.0001924033  -0.0003487650  -0.0004962786   0.0014270602
        0.0010771738  -0.0005267916   0.0883702858   0.1221797103   0.2005596375
