$hessian                                                                        
        0.0129153979   0.0167247087   0.0044531377  -0.0103657223  -0.0156547441
       -0.0035642236   0.0001364858  -0.0026823741  -0.0036836570  -0.0032257716
        0.0057035166   0.0008473206  -0.0013647411  -0.0030174551   0.0024479314
        0.0002837172  -0.0003398138  -0.0004931526   0.0008689175  -0.0000069141
       -0.0003391007  -0.0001042337   0.0000290407   0.0001303597   0.0001350886
       -0.0001085901   0.0000621136   0.0001181260  -0.0000959364   0.0000150090
        0.0000365724  -0.0000468402   0.0000185339   0.0000368429   0.0000558389
        0.0000155593  -0.0001595190  -0.0000071819  -0.0000352453  -0.0001456939
        0.0005815016  -0.0001089790   0.0001649742  -0.0016934177   0.0004582280
        0.0002887728   0.0004798960   0.0001136516   0.0002711694   0.0002757074
       -0.0002007927  -0.0000815764   0.0000411355  -0.0001236483  -0.0001840604
       -0.0000189372   0.0001180997   0.0001644923   0.0000476072  -0.0001140972
        0.0000306350  -0.0001032557   0.0000000227   0.0000538444  -0.0001332514
       -0.0000053486   0.0001079427  -0.0000593056   0.0000007682   0.0000559032
       -0.0000153530  -0.0000219381  -0.0000375638   0.0000444179   0.0000094477
        0.0167247087   0.1156932820   0.0287886517  -0.0164595122  -0.0977234195
       -0.0259068615  -0.0010666197  -0.0044470569  -0.0020965823   0.0052512333
       -0.0090586562  -0.0017833687  -0.0055406253  -0.0055944558   0.0035433270
        0.0003582325  -0.0002665928  -0.0011250309   0.0019151765  -0.0001440877
       -0.0007081271  -0.0001970164  -0.0004472278   0.0000179621   0.0003430528
       -0.0001511966   0.0000632789   0.0000774453   0.0000234031  -0.0000158471
        0.0000464045   0.0000940095   0.0000732482  -0.0001148508   0.0000330956
       -0.0000062362  -0.0001986600   0.0001730975   0.0000628610   0.0005782861
       -0.0002021185   0.0001064359  -0.0016189127   0.0025919600  -0.0010802825
        0.0000459273  -0.0005229981  -0.0000692481   0.0000706794  -0.0002002080
        0.0003549723   0.0000659404   0.0000204603  -0.0000658858  -0.0001807739
        0.0001123051   0.0000597832   0.0001780345   0.0000090306  -0.0001513412
       -0.0000104515   0.0000389902  -0.0000037110  -0.0000322833   0.0000020228
       -0.0000235086  -0.0000228051  -0.0000050754   0.0000081508  -0.0000264248
        0.0000147380  -0.0000064207  -0.0001861856  -0.0000433013  -0.0000362195
        0.0044531377   0.0287886517   0.0158150065  -0.0034562187  -0.0241790101
       -0.0145760642  -0.0037002433  -0.0045563013  -0.0030237290   0.0010042120
       -0.0024253166   0.0013679008   0.0030087873   0.0021632674  -0.0012895153
       -0.0001808549   0.0000889565   0.0006631866  -0.0009021093  -0.0003164193
        0.0001998768   0.0000389521   0.0001020829  -0.0000150247  -0.0000941098
        0.0000991359  -0.0000898850   0.0000238913   0.0000045833   0.0001834693
        0.0000115504  -0.0000298785   0.0001511428   0.0000001664  -0.0000059966
        0.0001212330   0.0001797059   0.0000151471   0.0000917906   0.0001121523
       -0.0000889568   0.0000272196  -0.0003263121   0.0005407840  -0.0005604577
        0.0000393362  -0.0002879908   0.0003431953  -0.0000967839   0.0002217797
        0.0004101589  -0.0001210153   0.0000063752   0.0001548287   0.0001134400
       -0.0001180076  -0.0000242861  -0.0001455617   0.0000375329  -0.0001256843
       -0.0000158453   0.0000157444  -0.0000855271   0.0000051049  -0.0000368587
        0.0000826052   0.0000027796  -0.0000735205   0.0001421710  -0.0000025199
       -0.0000187405   0.0001360656   0.0000483581   0.0000529562  -0.0000996774
       -0.0103657223  -0.0164595122  -0.0034562187   0.1009743328   0.0319260496
        0.0218480120  -0.0361377032  -0.0117206502  -0.0426425979  -0.0292059777
        0.0072890774   0.0019994940  -0.0139422431  -0.0100104865   0.0169263733
       -0.0036546463  -0.0006307180   0.0011489947  -0.0052631464  -0.0054092040
        0.0055377774  -0.0001746022  -0.0000032792  -0.0001270609  -0.0010698448
        0.0003028813  -0.0004972280  -0.0003661707   0.0001910196  -0.0002196980
        0.0000251403  -0.0001089500  -0.0001847569   0.0002809189  -0.0003422547
       -0.0001845641   0.0015146425   0.0001357920   0.0003478401   0.0022917496
       -0.0017043961   0.0006157463  -0.0031468579   0.0117582661  -0.0026019157
       -0.0009979692  -0.0035664560  -0.0011308893  -0.0016774976  -0.0020582979
        0.0031894310   0.0003921058   0.0004621405  -0.0000442336   0.0013966737
       -0.0002080435  -0.0009563620  -0.0009263054  -0.0002425935   0.0005078107
       -0.0002574284   0.0001534652  -0.0000985354   0.0000375144   0.0001898396
       -0.0000867362  -0.0000040382   0.0001099428   0.0000110923   0.0001281326
        0.0003059159   0.0001670747   0.0001489427  -0.0003595482  -0.0000688498
       -0.0156547441  -0.0977234195  -0.0241790101   0.0319260496   0.1425111545
        0.0192222810  -0.0127349494  -0.0113933339  -0.0187650283   0.0103625249
       -0.0112870094  -0.0002628675  -0.0105970869  -0.0161642723   0.0183356137
       -0.0030860680  -0.0027422857   0.0021609761  -0.0034018307  -0.0026936901
        0.0044067802  -0.0005803195   0.0005647925   0.0002905942  -0.0008690212
        0.0001664806   0.0001530558  -0.0001654090  -0.0001304984  -0.0001866938
       -0.0002265342  -0.0001166482  -0.0002024694   0.0006242705  -0.0001304260
       -0.0003095316  -0.0006176979   0.0000394314  -0.0008994276  -0.0017073915
        0.0000871375  -0.0000009228   0.0046459224  -0.0028347042   0.0005611259
       -0.0004558620   0.0009343401   0.0002730178  -0.0006821534   0.0004108688
       -0.0008273121   0.0004557408   0.0007704370  -0.0003446354   0.0001817035
       -0.0007052209   0.0005486243   0.0002384227   0.0005150436  -0.0001124978
        0.0001375329  -0.0002047680   0.0000325757   0.0001974694   0.0000780580
       -0.0000475066   0.0001776437   0.0001573773  -0.0001538986   0.0001556781
        0.0000715471  -0.0001880333   0.0016761093  -0.0001803917   0.0004951902
       -0.0035642236  -0.0259068615  -0.0145760642   0.0218480120   0.0192222810
        0.1366449408  -0.0415155214  -0.0170706014  -0.0734763049   0.0006686249
        0.0003861007  -0.0076187741   0.0103852704   0.0131332616  -0.0291618034
        0.0069288887   0.0044204954  -0.0059997774   0.0067817310   0.0078759925
       -0.0047689501  -0.0007131207  -0.0013586306  -0.0003631779   0.0011377240
       -0.0005071237   0.0000586470   0.0002865323  -0.0001777233  -0.0004692552
        0.0000354244   0.0000971101  -0.0001527074  -0.0004328891  -0.0001384645
       -0.0004737624  -0.0005792247   0.0002354598  -0.0003569778  -0.0001615997
        0.0002275759  -0.0002854937  -0.0004160015  -0.0004754915   0.0033991225
       -0.0001247888   0.0000231226  -0.0008221442   0.0012425853  -0.0000200482
       -0.0017214230  -0.0000683559  -0.0002485731  -0.0007632874  -0.0009619159
        0.0008187770  -0.0000059853  -0.0000352026  -0.0004636282   0.0007827807
       -0.0000070764   0.0000613009   0.0001733771  -0.0001104568  -0.0000971902
       -0.0002132845  -0.0000165192  -0.0000603635  -0.0001569093   0.0000094932
       -0.0001621538  -0.0000489717  -0.0006173901   0.0001853763   0.0003761858
        0.0001364858  -0.0010666197  -0.0037002433  -0.0361377032  -0.0127349494
       -0.0415155214   0.0422124474   0.0128184826   0.0503404016  -0.0075358049
        0.0032893332  -0.0042340796   0.0004553992   0.0002361938  -0.0014191824
        0.0003913816  -0.0005579679   0.0000767135  -0.0002753564  -0.0003413892
        0.0001779500  -0.0001118346   0.0001682465   0.0001895615   0.0000965714
       -0.0000006416   0.0002188223   0.0000963027   0.0000267892   0.0001650806
       -0.0001525004   0.0000539090   0.0000977108  -0.0000498364   0.0000960941
        0.0000504645  -0.0002723160  -0.0000171771  -0.0000592956  -0.0004513577
        0.0004670745  -0.0003072426   0.0006869690  -0.0031996077   0.0003717863
        0.0001797373   0.0004795636   0.0001088868   0.0003892290   0.0003445033
       -0.0004601777   0.0001007098  -0.0000382160  -0.0000246868  -0.0000724280
       -0.0000490932   0.0001065593   0.0002527941  -0.0000225854  -0.0001861771
        0.0001225263  -0.0000093431   0.0000224489  -0.0000222586   0.0000054798
        0.0000800395  -0.0000345523   0.0000009165   0.0000194631  -0.0000588196
       -0.0000356442  -0.0000679170   0.0000542148   0.0000866484  -0.0000513652
       -0.0026823741  -0.0044470569  -0.0045563013  -0.0117206502  -0.0113933339
       -0.0170706014   0.0128184826   0.0142608873   0.0191595817   0.0020356754
        0.0008863923  -0.0000931721  -0.0002735187   0.0003543290   0.0016352083
       -0.0002406801   0.0008035283   0.0000631272   0.0000889933  -0.0004616540
       -0.0002961530   0.0001022822  -0.0001661470   0.0002562235   0.0001976147
       -0.0000321686   0.0000150720   0.0000629252  -0.0000834159   0.0000986897
        0.0000983930  -0.0000293833   0.0001359273  -0.0000277936   0.0001426978
        0.0002384458  -0.0001274003  -0.0001483096   0.0002408306   0.0001670178
        0.0001143630   0.0000320355  -0.0004370871  -0.0001591980  -0.0003164995
        0.0002367125   0.0000404798   0.0003470140   0.0000688845   0.0003004499
        0.0001524213  -0.0001232322  -0.0000297137   0.0000778005  -0.0000917553
        0.0002375759  -0.0001183717   0.0000011364  -0.0000398834  -0.0000820504
       -0.0000260966  -0.0000135657  -0.0000834316   0.0000093469  -0.0001091313
        0.0000399705   0.0000265325  -0.0001145390   0.0001124551   0.0000193863
       -0.0000329412   0.0000978104  -0.0001827954   0.0001197380  -0.0000860322
       -0.0036836570  -0.0020965823  -0.0030237290  -0.0426425979  -0.0187650283
       -0.0734763049   0.0503404016   0.0191595817   0.0888968119  -0.0035308657
        0.0006374171  -0.0018177060   0.0019661363   0.0047739216  -0.0118035459
       -0.0011069264  -0.0014779154   0.0011527498  -0.0020941510  -0.0013334821
        0.0004642112  -0.0000690633   0.0000577807  -0.0001906525  -0.0003963988
        0.0000181335  -0.0001286926   0.0000579251  -0.0000289033   0.0000066974
        0.0000497861   0.0000726262   0.0000538447  -0.0000709691  -0.0000028876
       -0.0000166414   0.0002355269  -0.0001037096  -0.0001786664  -0.0002308878
        0.0001461615   0.0002084640   0.0006281718  -0.0018856477  -0.0004131014
        0.0002362707   0.0002439276   0.0005729234  -0.0001982165   0.0003053398
        0.0001941380   0.0001634524   0.0003049581  -0.0000416002   0.0002687909
       -0.0002707243  -0.0000424169  -0.0002011481   0.0000663432  -0.0000518997
        0.0000273153  -0.0000064038  -0.0001400134   0.0000503501   0.0000736035
       -0.0000819245   0.0000376364   0.0000356373  -0.0000689240   0.0000164029
        0.0000507674  -0.0000089292   0.0001467151   0.0000250849  -0.0000650922
       -0.0032257716   0.0052512333   0.0010042120  -0.0292059777   0.0103625249
        0.0006686249  -0.0075358049   0.0020356754  -0.0035308657   0.0568889019
       -0.0260915598   0.0010175468  -0.0066070031  -0.0031910730   0.0040267193
        0.0003777786   0.0007017509  -0.0007921852   0.0010198201   0.0023431897
       -0.0001114126   0.0001839022  -0.0000622713  -0.0001343660   0.0002469255
       -0.0000592652   0.0001738193   0.0001514513  -0.0001495821   0.0000325064
        0.0000753804   0.0000691926   0.0000978428  -0.0002492747   0.0001920356
        0.0000735874  -0.0003466991  -0.0000287373  -0.0000648298  -0.0088439083
        0.0046540928  -0.0009361601  -0.0053176657  -0.0000024271   0.0004011609
        0.0011263182   0.0026228027   0.0004607515   0.0018209263   0.0018209092
       -0.0025445663  -0.0000926830  -0.0001142702   0.0000121827  -0.0002475565
        0.0001753940  -0.0000097764  -0.0000362462  -0.0002319632   0.0001273849
        0.0001061666  -0.0000749725   0.0000342043   0.0000046619  -0.0000454129
        0.0000608990  -0.0000073559  -0.0000302595  -0.0000186694  -0.0000172298
       -0.0001157188  -0.0000749949  -0.0002690567  -0.0000312881   0.0000263842
        0.0057035166  -0.0090586562  -0.0024253166   0.0072890774  -0.0112870094
        0.0003861007   0.0032893332   0.0008863923   0.0006374171  -0.0260915598
        0.0438647021  -0.0041289457   0.0031489621   0.0023055443  -0.0017954698
       -0.0003791038  -0.0003064851   0.0006803199  -0.0007972877  -0.0011415853
        0.0001940174   0.0000430113   0.0002082876   0.0000870353  -0.0001567032
        0.0001201140  -0.0001193698  -0.0001462348   0.0001415071   0.0000432359
       -0.0000645598   0.0000001244   0.0000257421   0.0001379904  -0.0001600359
        0.0000608419   0.0003908526   0.0000401530   0.0000901745   0.0056338992
       -0.0020076348   0.0005328546   0.0021580723  -0.0113306313   0.0014197596
        0.0001611702  -0.0080970430  -0.0024378970  -0.0000615903  -0.0042896346
        0.0065208764   0.0000581043   0.0000765708  -0.0000178855   0.0002713925
       -0.0001215617  -0.0000619544   0.0000180812   0.0001097367  -0.0000253234
       -0.0000706314   0.0001486805  -0.0000054955  -0.0000804380   0.0001078478
        0.0000409109  -0.0001075008   0.0000341353   0.0001123045  -0.0000575411
        0.0001294575   0.0001289613  -0.0002903128  -0.0003729758   0.0000571057
        0.0008473206  -0.0017833687   0.0013679008   0.0019994940  -0.0002628675
       -0.0076187741  -0.0042340796  -0.0000931721  -0.0018177060   0.0010175468
       -0.0041289457   0.0166845345   0.0024317066   0.0014180454  -0.0006680401
        0.0001215492  -0.0000760090   0.0002865389  -0.0002920694  -0.0009172920
        0.0000579876  -0.0000518824   0.0000365354   0.0001611397  -0.0000522896
        0.0000241733   0.0000426895  -0.0000521937   0.0000085971   0.0001740918
       -0.0000440082  -0.0000136241   0.0001173612   0.0000351002   0.0000108693
        0.0000438429  -0.0000835581  -0.0000912197   0.0000467140  -0.0007956216
        0.0004102718   0.0007466216  -0.0005644011   0.0023619074  -0.0056114825
       -0.0004307744  -0.0016570114   0.0000969147  -0.0000723034   0.0045137516
       -0.0043571639   0.0000592035   0.0000923307   0.0001021456  -0.0000150109
       -0.0000448295   0.0000347303   0.0000726517   0.0001115770  -0.0000945115
        0.0000137931  -0.0000116140   0.0000897516  -0.0000298463  -0.0000172976
        0.0001711758  -0.0000474032  -0.0000157600   0.0001111326  -0.0000055564
        0.0000166960  -0.0000154014   0.0001726329   0.0001082563  -0.0001521936
       -0.0013647411  -0.0055406253   0.0030087873  -0.0139422431  -0.0105970869
        0.0103852704   0.0004553992  -0.0002735187   0.0019661363  -0.0066070031
        0.0031489621   0.0024317066   0.1896634929   0.0708632950  -0.0644971315
       -0.0287125674  -0.0026746158   0.0342019192  -0.1086776490  -0.0185376007
        0.0127627473  -0.0127952486  -0.0248147390  -0.0071030003   0.0040975413
       -0.0030451545   0.0030560763   0.0009011188  -0.0007104138  -0.0023195588
        0.0001768306   0.0005579354   0.0006052801  -0.0013036277  -0.0003240156
       -0.0016007646  -0.0039814069   0.0054760345  -0.0000676404  -0.0004063766
        0.0007361289  -0.0004311102   0.0007456047  -0.0046591419   0.0009740220
        0.0005297775   0.0011325337   0.0000727221   0.0007641151   0.0006794065
       -0.0007741155  -0.0014411233  -0.0032988609   0.0021443725   0.0064471044
        0.0082071889  -0.0131335618  -0.0260243081  -0.0159721817   0.0159819445
        0.0004874541  -0.0000630501   0.0008932167  -0.0000598538  -0.0002243242
       -0.0001242513   0.0000103250  -0.0002991454   0.0004690032  -0.0000346580
       -0.0001715071   0.0000441993   0.0010720432   0.0004044965   0.0010537309
       -0.0030174551  -0.0055944558   0.0021632674  -0.0100104865  -0.0161642723
        0.0131332616   0.0002361938   0.0003543290   0.0047739216  -0.0031910730
        0.0023055443   0.0014180454   0.0708632950   0.1598754588  -0.0955002772
        0.0050864272  -0.0680423314   0.0600084156  -0.0347286677  -0.0504051566
        0.0015722172  -0.0229190975  -0.0254850178   0.0036794381   0.0030087888
       -0.0036042458   0.0015791928   0.0003542150  -0.0002804138  -0.0024268394
       -0.0001261895   0.0003711905   0.0004614636  -0.0012366294   0.0006724795
       -0.0010818069  -0.0031505969   0.0027235165   0.0006262219  -0.0001057463
        0.0002509361  -0.0000957298   0.0002192063  -0.0036590643   0.0013688328
        0.0004032871   0.0006078161   0.0002070065   0.0006607914   0.0005816490
       -0.0007285785   0.0059313090   0.0107454682  -0.0091173679  -0.0123469021
       -0.0116175445   0.0209832841   0.0044117178   0.0081403248  -0.0048577196
        0.0001176861   0.0000579816   0.0004246043  -0.0001166063  -0.0001349091
       -0.0002166488  -0.0001530027  -0.0002932982   0.0005663967  -0.0001371119
       -0.0000890414   0.0003145214  -0.0000533526  -0.0013169435   0.0007448771
        0.0024479314   0.0035433270  -0.0012895153   0.0169263733   0.0183356137
       -0.0291618034  -0.0014191824   0.0016352083  -0.0118035459   0.0040267193
       -0.0017954698  -0.0006680401  -0.0644971315  -0.0955002772   0.2765479180
        0.0115131009   0.0513267977  -0.1638195743   0.0257378407   0.0020774492
       -0.0313034489  -0.0108572749  -0.0053088520   0.0082073459  -0.0012623161
       -0.0011029818  -0.0010004837  -0.0008526942   0.0003778742  -0.0005568746
       -0.0004048944  -0.0000944449  -0.0000426054   0.0006010806   0.0009001834
        0.0000544654   0.0015592246  -0.0018712606   0.0009398181   0.0002447526
       -0.0004004782   0.0000669911  -0.0006941529   0.0034616450  -0.0021527328
       -0.0001976797  -0.0007025829   0.0002037657  -0.0008372257  -0.0003272422
        0.0011869594   0.0129012944   0.0135959298  -0.0286233666   0.0054943747
        0.0108477321  -0.0148503776   0.0005844055   0.0018630389  -0.0020456187
       -0.0001753916  -0.0002179816  -0.0000124439  -0.0000173419  -0.0001102755
        0.0000831153  -0.0000975894  -0.0000967108   0.0002426498   0.0000101938
        0.0001511798   0.0000495043  -0.0007344172  -0.0005874216  -0.0002521019
        0.0002837172   0.0003582325  -0.0001808549  -0.0036546463  -0.0030860680
        0.0069288887   0.0003913816  -0.0002406801  -0.0011069264   0.0003777786
       -0.0003791038   0.0001215492  -0.0287125674   0.0050864272   0.0115131009
        0.3823868157  -0.1472170446   0.1267066788  -0.1564704964  -0.0053693178
       -0.1121694217  -0.0044058785  -0.0081776096  -0.0057830032   0.0009731987
        0.0001398799  -0.0012368674  -0.0002900615  -0.0005350691   0.0000542222
        0.0001203956   0.0002066838   0.0000683784  -0.0003286668  -0.0004235602
        0.0000711886  -0.0005686094   0.0015813025   0.0012042545   0.0000494462
       -0.0001569954   0.0003862812  -0.0003180954   0.0004861344   0.0001181514
        0.0000740060  -0.0002345094   0.0001261929  -0.0007396901   0.0002001637
        0.0003431159  -0.0406120765   0.0263095848   0.0197539545  -0.1364746748
        0.1262985099  -0.0251126418  -0.0122452955   0.0041180084  -0.0214335335
        0.0000965637   0.0001435718  -0.0003622539   0.0000288219  -0.0000148397
       -0.0001542361   0.0000758285   0.0001248382  -0.0002226925   0.0000053819
        0.0000541002   0.0000512638  -0.0000425771   0.0007273603   0.0003152105
       -0.0003398138  -0.0002665928   0.0000889565  -0.0006307180  -0.0027422857
        0.0044204954  -0.0005579679   0.0008035283  -0.0014779154   0.0007017509
       -0.0003064851  -0.0000760090  -0.0026746158  -0.0680423314   0.0513267977
       -0.1472170446   0.4831638254   0.0793302664  -0.0005484927  -0.0403684962
       -0.0226299452  -0.0096481401   0.0025608262  -0.0206252527   0.0003896222
       -0.0014120643  -0.0018293498  -0.0008012072  -0.0010039610   0.0004328059
       -0.0002436127   0.0002835391  -0.0001374508  -0.0001878665  -0.0002282314
        0.0008009030   0.0000604674  -0.0005595857  -0.0006244355  -0.0000473126
       -0.0000493391   0.0000948363   0.0000521972   0.0008581877  -0.0008846053
       -0.0000602173   0.0000685612  -0.0000553251  -0.0002017303  -0.0003334743
        0.0003153436   0.0265244545  -0.1735119559  -0.1283777790   0.1305208119
       -0.1950455519   0.0260947150   0.0051246385  -0.0034672638   0.0162891920
        0.0000368376   0.0000900189  -0.0001661341  -0.0000588010  -0.0001311521
       -0.0001401235   0.0000290557   0.0002434497  -0.0004186290   0.0000119078
        0.0000806800  -0.0001732889  -0.0002342031  -0.0006838455  -0.0015780684
       -0.0004931526  -0.0011250309   0.0006631866   0.0011489947   0.0021609761
       -0.0059997774   0.0000767135   0.0000631272   0.0011527498  -0.0007921852
        0.0006803199   0.0002865389   0.0342019192   0.0600084156  -0.1638195743
        0.1267066788   0.0793302664   0.5271524247  -0.1399457246  -0.0302049798
       -0.1359681685  -0.0061855304  -0.0022519423  -0.0147071552   0.0010768313
       -0.0006752387  -0.0018963091  -0.0004871020  -0.0012979535   0.0006211234
       -0.0000603379   0.0001278945   0.0000097432  -0.0006019905  -0.0004279536
        0.0004934466  -0.0009242728   0.0010802009   0.0001118788  -0.0001333959
        0.0001245640  -0.0000868502   0.0005989848  -0.0012333418   0.0003394273
        0.0000070750   0.0002767190   0.0000126183   0.0002911201   0.0001814309
       -0.0002629697   0.0175885231  -0.1360839564  -0.1625633402  -0.0312060235
        0.0292697258  -0.0437672214  -0.0015140995  -0.0001872417  -0.0008138656
        0.0002563844   0.0001474750  -0.0001845336   0.0000075605  -0.0000857730
       -0.0000235225   0.0000652087   0.0002296900  -0.0002816780  -0.0000221205
        0.0000701353  -0.0000478627   0.0003399413  -0.0001775291  -0.0004203092
        0.0008689175   0.0019151765  -0.0009021093  -0.0052631464  -0.0034018307
        0.0067817310  -0.0002753564   0.0000889933  -0.0020941510   0.0010198201
       -0.0007972877  -0.0002920694  -0.1086776490  -0.0347286677   0.0257378407
       -0.1564704964  -0.0005484927  -0.1399457246   0.5435441104  -0.0893439989
        0.1239387837  -0.0621992407   0.0064084323  -0.0040071836  -0.0151635046
       -0.0228394404  -0.0192002446  -0.0052407577   0.0004303401  -0.0010967017
       -0.0010922820  -0.0008162389  -0.0007422311  -0.0015335686   0.0051792554
        0.0019362464   0.0082539974   0.0110972777   0.0109757580   0.0001313657
       -0.0002337814   0.0000576342  -0.0005020724   0.0015439612   0.0002593937
       -0.0001909786  -0.0005287150  -0.0001754789  -0.0000117457  -0.0004040308
       -0.0000486371   0.0021013998   0.0017038302  -0.0007932421  -0.0158911691
       -0.0048988150  -0.0056817169  -0.1826486543   0.1320627639   0.0066747463
       -0.0001230291  -0.0021491684  -0.0011570497  -0.0003260975  -0.0009621101
       -0.0006654925  -0.0000868596  -0.0000454569   0.0000012874   0.0001417895
        0.0011623318   0.0005731935  -0.0003647924   0.0001056722  -0.0001345824
       -0.0000069141  -0.0001440877  -0.0003164193  -0.0054092040  -0.0026936901
        0.0078759925  -0.0003413892  -0.0004616540  -0.0013334821   0.0023431897
       -0.0011415853  -0.0009172920  -0.0185376007  -0.0504051566   0.0020774492
       -0.0053693178  -0.0403684962  -0.0302049798  -0.0893439989   0.4372882156
        0.1312133169  -0.0087974160  -0.1565016490  -0.0676687192  -0.0156153092
       -0.0110958296  -0.0131628922  -0.0019013753   0.0045586262  -0.0005806160
       -0.0000983689  -0.0013579304  -0.0007211332   0.0064663837   0.0018038505
       -0.0018659314   0.0078489718  -0.0317896285  -0.0150207615   0.0000421864
        0.0000556001  -0.0000374541  -0.0000035025   0.0021739564  -0.0001033522
       -0.0003603358  -0.0004083729  -0.0003492007  -0.0000579893  -0.0004267373
       -0.0000387188  -0.0172075054  -0.0062608428  -0.0050260953   0.0186618152
        0.0072972487   0.0063626718   0.1276291017  -0.1488433927  -0.0121204717
        0.0012843307  -0.0000028628   0.0016017107   0.0001690791  -0.0003212037
       -0.0000502425  -0.0000028613  -0.0003793483   0.0005413335  -0.0000050264
       -0.0006097614  -0.0007388836  -0.0013869435   0.0000347318   0.0005841709
       -0.0003391007  -0.0007081271   0.0001998768   0.0055377774   0.0044067802
       -0.0047689501   0.0001779500  -0.0002961530   0.0004642112  -0.0001114126
        0.0001940174   0.0000579876   0.0127627473   0.0015722172  -0.0313034489
       -0.1121694217  -0.0226299452  -0.1359681685   0.1239387837   0.1312133169
        0.3296517853  -0.0104542466  -0.0689799567  -0.0987114098  -0.0107903801
       -0.0137185111  -0.0087450628  -0.0033330764  -0.0019753964   0.0056934215
       -0.0000223062  -0.0005210035  -0.0007846580   0.0013234069  -0.0028833636
        0.0058077590   0.0042800639  -0.0126409974  -0.0083721856   0.0000100085
        0.0000076098   0.0002280526   0.0002305118  -0.0003538140   0.0007741137
       -0.0000204034  -0.0000202851  -0.0000428423   0.0000480820   0.0000100610
       -0.0002507618  -0.0170292711  -0.0056972951  -0.0094122836  -0.0055333444
        0.0016639590  -0.0033200769   0.0101595883  -0.0115055094  -0.0357896964
        0.0012761525   0.0011963789  -0.0017087667   0.0000149176  -0.0003702915
       -0.0004019853   0.0003311180   0.0009013145  -0.0014475751  -0.0001006403
       -0.0003533941  -0.0001512637  -0.0001875044   0.0014883884  -0.0016980720
       -0.0001042337  -0.0001970164   0.0000389521  -0.0001746022  -0.0005803195
       -0.0007131207  -0.0001118346   0.0001022822  -0.0000690633   0.0001839022
        0.0000430113  -0.0000518824  -0.0127952486  -0.0229190975  -0.0108572749
       -0.0044058785  -0.0096481401  -0.0061855304  -0.0621992407  -0.0087974160
       -0.0104542466   0.6444338395  -0.0531446920   0.0720299514  -0.2871665441
       -0.0040804692  -0.0545439490   0.0055315951  -0.0754322935  -0.0452069624
       -0.0609918827   0.0156792600  -0.0015830789   0.0429715663   0.0521304274
        0.0401663646  -0.2186074317   0.0765475885   0.0125199989   0.0000652635
       -0.0000073873   0.0000390964   0.0000092858   0.0000255453  -0.0000886906
        0.0000900622  -0.0000859339  -0.0001286865  -0.0000637806   0.0000339771
       -0.0001058033  -0.0012558169  -0.0006641321  -0.0002400763   0.0001128204
       -0.0001411622  -0.0002953745   0.0010631974   0.0170546718   0.0095839036
       -0.0244877773  -0.0008735811  -0.0056798086   0.0013069578  -0.0001792225
       -0.0013519195  -0.0007585485   0.0002543152   0.0001506193   0.0011202477
       -0.0005638272  -0.0017134971  -0.0237659178   0.0154436118   0.0047400787
        0.0000290407  -0.0004472278   0.0001020829  -0.0000032792   0.0005647925
       -0.0013586306   0.0001682465  -0.0001661470   0.0000577807  -0.0000622713
        0.0002082876   0.0000365354  -0.0248147390  -0.0254850178  -0.0053088520
       -0.0081776096   0.0025608262  -0.0022519423   0.0064084323  -0.1565016490
       -0.0689799567  -0.0531446920   0.4798436729   0.1949583725  -0.0607491587
       -0.0852874987  -0.0338415529  -0.0267557117  -0.0026837729  -0.0078669680
        0.0156306846  -0.0023232430   0.0057241022   0.0026687877  -0.0453680357
       -0.0274688823   0.1311332214  -0.1536930235  -0.0389236979  -0.0000701151
        0.0000295331   0.0000161052   0.0002534231  -0.0002565739  -0.0001112459
       -0.0001167192   0.0001215632   0.0001433971  -0.0001558278  -0.0000089956
        0.0000214160   0.0012525845   0.0003248467   0.0005626511  -0.0001972332
        0.0001996837   0.0003642172   0.0020379281  -0.0149817198  -0.0102555589
        0.0173045459   0.0021222783   0.0042738455  -0.0004666479  -0.0016634542
       -0.0060537700   0.0003913159   0.0007462943   0.0005063762  -0.0004602196
       -0.0013472230  -0.0058855762  -0.0021039865   0.0034918032   0.0015397517
        0.0001303597   0.0000179621  -0.0000150247  -0.0001270609   0.0002905942
       -0.0003631779   0.0001895615   0.0002562235  -0.0001906525  -0.0001343660
        0.0000870353   0.0001611397  -0.0071030003   0.0036794381   0.0082073459
       -0.0057830032  -0.0206252527  -0.0147071552  -0.0040071836  -0.0676687192
       -0.0987114098   0.0720299514   0.1949583725   0.2670377225  -0.0874866821
       -0.0227064889  -0.0783386079  -0.0146584183  -0.0179398419  -0.0140696811
       -0.0021322590   0.0058809475  -0.0032690066   0.0107012714  -0.0172420191
       -0.0081947064   0.0455247297  -0.0486571909  -0.0706909033  -0.0000199062
        0.0000177021   0.0000326879   0.0000861433  -0.0001143303  -0.0002515230
       -0.0000208760   0.0000895558   0.0000285222  -0.0001577131   0.0000567999
        0.0000410696  -0.0038720539  -0.0014986553  -0.0004216034   0.0012884612
        0.0002508388   0.0002438195   0.0002903966  -0.0026976961  -0.0005019777
        0.0049535141   0.0005579804   0.0021243446  -0.0016475523  -0.0058575416
        0.0041601778   0.0000289220   0.0003788156   0.0005719931  -0.0017087591
       -0.0060891591   0.0041771157  -0.0063644769   0.0045746294   0.0029394911
        0.0001350886   0.0003430528  -0.0000941098  -0.0010698448  -0.0008690212
        0.0011377240   0.0000965714   0.0001976147  -0.0003963988   0.0002469255
       -0.0001567032  -0.0000522896   0.0040975413   0.0030087888  -0.0012623161
        0.0009731987   0.0003896222   0.0010768313  -0.0151635046  -0.0156153092
       -0.0107903801  -0.2871665441  -0.0607491587  -0.0874866821   0.6321297844
       -0.0564279561   0.0762086162  -0.1028501599   0.0021200218  -0.0098381152
        0.0439340161   0.0051805192   0.0119618487  -0.0244553455  -0.0271812294
       -0.0204716576  -0.0585179644   0.0460564246   0.0156067588   0.0000570635
       -0.0000329859  -0.0000011823  -0.0001097404   0.0005156423   0.0001893918
       -0.0000942235  -0.0000860333   0.0000044467   0.0000186354  -0.0001542248
       -0.0000309535   0.0002429762   0.0002402528   0.0000254021  -0.0003126376
        0.0002565495   0.0000357906   0.0014752763   0.0015976853   0.0014789192
       -0.1822043594   0.1174990688   0.0383350388  -0.0071496110  -0.0227164864
       -0.0154729448  -0.0024534980   0.0038776451   0.0001723259   0.0002810428
       -0.0006686156  -0.0003918048  -0.0021406871   0.0033748358   0.0000557405
       -0.0001085901  -0.0001511966   0.0000991359   0.0003028813   0.0001664806
       -0.0005071237  -0.0000006416  -0.0000321686   0.0000181335  -0.0000592652
        0.0001201140   0.0000241733  -0.0030451545  -0.0036042458  -0.0011029818
        0.0001398799  -0.0014120643  -0.0006752387  -0.0228394404  -0.0110958296
       -0.0137185111  -0.0040804692  -0.0852874987  -0.0227064889  -0.0564279561
        0.5182247124   0.2279347551  -0.0627909249  -0.2365079000  -0.1264353690
        0.0544686749  -0.0444380772  -0.0165686043  -0.0264777546  -0.0227155594
       -0.0159054572   0.0011130605   0.0335226914   0.0196237543  -0.0000619975
        0.0000161688   0.0000257125   0.0000701806  -0.0001609319   0.0000109247
        0.0000594842  -0.0000622983  -0.0000797080   0.0000330171  -0.0000228289
        0.0000094233  -0.0004775938  -0.0000543582   0.0000308040   0.0000346617
       -0.0001593075  -0.0000147741  -0.0021210730   0.0004365372  -0.0000350207
        0.1182490360  -0.1408667548  -0.0375939558  -0.0029475243  -0.0060287306
       -0.0046998419   0.0038126475   0.0001069670  -0.0041018960  -0.0006955699
        0.0000919659  -0.0000315022   0.0038504315  -0.0000858871  -0.0036003433
        0.0000621136   0.0000632789  -0.0000898850  -0.0004972280   0.0001530558
        0.0000586470   0.0002188223   0.0000150720  -0.0001286926   0.0001738193
       -0.0001193698   0.0000426895   0.0030560763   0.0015791928  -0.0010004837
       -0.0012368674  -0.0018293498  -0.0018963091  -0.0192002446  -0.0131628922
       -0.0087450628  -0.0545439490  -0.0338415529  -0.0783386079   0.0762086162
        0.2279347551   0.2708013888  -0.0496024590  -0.1121738925  -0.1274225638
        0.0418476066  -0.0266194488  -0.0063591911  -0.0195350986  -0.0157960099
       -0.0192212182  -0.0116116482   0.0280918286   0.0164851932  -0.0000023998
       -0.0000384895   0.0000272153   0.0000192247   0.0001555570  -0.0000525216
       -0.0000055812  -0.0000689023  -0.0000812360  -0.0000404522  -0.0000186246
       -0.0000387885  -0.0003502518  -0.0000883436  -0.0001148559   0.0000756728
       -0.0000157008  -0.0000603678  -0.0006880364   0.0007050821  -0.0002213474
        0.0387629526  -0.0382145771  -0.0483555476  -0.0033978591  -0.0088282933
       -0.0056052731   0.0001729897  -0.0041326204   0.0056265761  -0.0003345466
       -0.0000217894  -0.0001881069   0.0004487279  -0.0037279653   0.0048783492
        0.0001181260   0.0000774453   0.0000238913  -0.0003661707  -0.0001654090
        0.0002865323   0.0000963027   0.0000629252   0.0000579251   0.0001514513
       -0.0001462348  -0.0000521937   0.0009011188   0.0003542150  -0.0008526942
       -0.0002900615  -0.0008012072  -0.0004871020  -0.0052407577  -0.0019013753
       -0.0033330764   0.0055315951  -0.0267557117  -0.0146584183  -0.1028501599
       -0.0627909249  -0.0496024590   0.6506151780  -0.0398478523   0.0846476499
       -0.2236887219   0.1429553239   0.0522190430  -0.0600609253   0.0007820776
       -0.0121186509  -0.0037358877   0.0169957284   0.0107410990   0.0000447069
       -0.0000527759  -0.0000831895  -0.0001024334   0.0001524601  -0.0000084299
       -0.0000895631  -0.0000004890   0.0000262076   0.0000246302  -0.0000317620
        0.0000525781  -0.0000880513  -0.0000669275  -0.0000380276  -0.0000000218
        0.0000228747  -0.0000203087  -0.0003320190   0.0000153915   0.0000228618
        0.0030161566   0.0186000957   0.0116237395  -0.2626555410  -0.0453637983
       -0.0752146892   0.0030547712  -0.0016827407  -0.0006774199  -0.0047015740
       -0.0005812831  -0.0029038583   0.0006478514   0.0001699543   0.0003489899
       -0.0000959364   0.0000234031   0.0000045833   0.0001910196  -0.0001304984
       -0.0001777233   0.0000267892  -0.0000834159  -0.0000289033  -0.0001495821
        0.0001415071   0.0000085971  -0.0007104138  -0.0002804138   0.0003778742
       -0.0005350691  -0.0010039610  -0.0012979535   0.0004303401   0.0045586262
       -0.0019753964  -0.0754322935  -0.0026837729  -0.0179398419   0.0021200218
       -0.2365079000  -0.1121738925  -0.0398478523   0.4998912521   0.2231458628
        0.0771670468  -0.1713791437  -0.0595377246   0.0482741050   0.0372538879
        0.0317701150   0.0185215369  -0.0457855263  -0.0210906473   0.0000146074
        0.0000943402  -0.0000071589  -0.0000697513  -0.0001667805  -0.0000099116
        0.0001201731   0.0000142786   0.0000978744   0.0000496507   0.0000457910
        0.0000244671  -0.0003256306  -0.0002485327  -0.0000280883   0.0001913523
       -0.0001222698   0.0000625169   0.0000719337   0.0002868383   0.0001875423
       -0.0013259283  -0.0172022584  -0.0113527823  -0.0457758718  -0.0517583951
       -0.0193104374   0.0178681067  -0.0171540513  -0.0074321590  -0.0007961977
        0.0025900498  -0.0032422569   0.0000178436  -0.0003930545  -0.0000745558
        0.0000150090  -0.0000158471   0.0001834693  -0.0002196980  -0.0001866938
       -0.0004692552   0.0001650806   0.0000986897   0.0000066974   0.0000325064
        0.0000432359   0.0001740918  -0.0023195588  -0.0024268394  -0.0005568746
        0.0000542222   0.0004328059   0.0006211234  -0.0010967017  -0.0005806160
        0.0056934215  -0.0452069624  -0.0078669680  -0.0140696811  -0.0098381152
       -0.1264353690  -0.1274225638   0.0846476499   0.2231458628   0.2735959975
        0.0118790722  -0.0457130131  -0.0754097139   0.0167406547   0.0217945586
        0.0185189787   0.0114862888  -0.0209773806  -0.0157353490   0.0000405393
        0.0000196339   0.0000755387  -0.0000973519  -0.0000534459  -0.0000749539
        0.0000713623   0.0000811893  -0.0000292131  -0.0000476683  -0.0000502181
       -0.0000093359   0.0002191319  -0.0000000434   0.0000390572   0.0001051312
       -0.0000135755   0.0000360617   0.0001965541   0.0000561805   0.0000489012
       -0.0002476198  -0.0070788049  -0.0034982215  -0.0752611059  -0.0194006124
       -0.0628761545   0.0114542067  -0.0115599810  -0.0036755269  -0.0029765305
       -0.0032841734   0.0050986452   0.0002039031  -0.0000285753  -0.0002651403
        0.0000365724   0.0000464045   0.0000115504   0.0000251403  -0.0002265342
        0.0000354244  -0.0001525004   0.0000983930   0.0000497861   0.0000753804
       -0.0000645598  -0.0000440082   0.0001768306  -0.0001261895  -0.0004048944
        0.0001203956  -0.0002436127  -0.0000603379  -0.0010922820  -0.0000983689
       -0.0000223062  -0.0609918827   0.0156306846  -0.0021322590   0.0439340161
        0.0544686749   0.0418476066  -0.2236887219   0.0771670468   0.0118790722
        0.6174523135  -0.0427919136   0.0739149186  -0.2853835507  -0.0035676937
       -0.0486969111   0.0060615474  -0.0766161084  -0.0461611268   0.0000653385
       -0.0000420639  -0.0000030368  -0.0002444418  -0.0000709354   0.0000148766
        0.0001217817  -0.0000821912  -0.0001354223   0.0001216062   0.0000750031
        0.0000156481  -0.0001231301  -0.0001632304  -0.0000272233   0.0001793443
       -0.0000221792   0.0001212892   0.0001515004  -0.0000417928   0.0000865466
        0.0011293247  -0.0007618760  -0.0018995166  -0.0239157141   0.0166369448
        0.0052863688  -0.0519775345  -0.0363661847  -0.0255726798  -0.0230724391
       -0.0026415024  -0.0065231865   0.0009911052  -0.0001962150  -0.0015801787
       -0.0000468402   0.0000940095  -0.0000298785  -0.0001089500  -0.0001166482
        0.0000971101   0.0000539090  -0.0000293833   0.0000726262   0.0000691926
        0.0000001244  -0.0000136241   0.0005579354   0.0003711905  -0.0000944449
        0.0002066838   0.0002835391   0.0001278945  -0.0008162389  -0.0013579304
       -0.0005210035   0.0156792600  -0.0023232430   0.0058809475   0.0051805192
       -0.0444380772  -0.0266194488   0.1429553239  -0.1713791437  -0.0457130131
       -0.0427919136   0.5221533390   0.2372033461  -0.0689309951  -0.0933905532
       -0.0403195399  -0.0285951958  -0.0001274611  -0.0068106859   0.0000736286
        0.0000910050  -0.0000090467  -0.0001443887  -0.0000559891  -0.0001425516
        0.0001207513   0.0000227177   0.0000900250  -0.0000348075   0.0000743098
        0.0000467759   0.0000686750   0.0000043733   0.0000272669  -0.0000456042
       -0.0000113045   0.0000572913  -0.0000441805   0.0002739824   0.0000449215
       -0.0002171186  -0.0019759671  -0.0060906184  -0.0028107440   0.0034203865
        0.0007853543  -0.0364076050  -0.2131143438  -0.1166036003   0.0164853092
        0.0032499506   0.0047007199  -0.0004566058  -0.0017188833  -0.0061668233
        0.0000185339   0.0000732482   0.0001511428  -0.0001847569  -0.0002024694
       -0.0001527074   0.0000977108   0.0001359273   0.0000538447   0.0000978428
        0.0000257421   0.0001173612   0.0006052801   0.0004614636  -0.0000426054
        0.0000683784  -0.0001374508   0.0000097432  -0.0007422311  -0.0007211332
       -0.0007846580  -0.0015830789   0.0057241022  -0.0032690066   0.0119618487
       -0.0165686043  -0.0063591911   0.0522190430  -0.0595377246  -0.0754097139
        0.0739149186   0.2372033461   0.2826835820  -0.0892495444  -0.0269860248
       -0.0850168472  -0.0166670098  -0.0166709133  -0.0121056607   0.0000693229
        0.0000422151   0.0000884679  -0.0000950875  -0.0000904329  -0.0000763166
        0.0000927104   0.0001070820  -0.0000722706  -0.0000484671  -0.0000393984
        0.0000037144  -0.0000088734   0.0000218216  -0.0000127692  -0.0000034038
        0.0000170415   0.0000368208   0.0000061837   0.0001457469   0.0001185862
       -0.0016658346  -0.0061790303   0.0039630358  -0.0069026511   0.0049534136
        0.0025996376  -0.0256191388  -0.1164617304  -0.1131691952   0.0053386626
        0.0008016769   0.0027546234  -0.0017203585  -0.0061179145   0.0038903817
        0.0000368429  -0.0001148508   0.0000001664   0.0002809189   0.0006242705
       -0.0004328891  -0.0000498364  -0.0000277936  -0.0000709691  -0.0002492747
        0.0001379904   0.0000351002  -0.0013036277  -0.0012366294   0.0006010806
       -0.0003286668  -0.0001878665  -0.0006019905  -0.0015335686   0.0064663837
        0.0013234069   0.0429715663   0.0026687877   0.0107012714  -0.0244553455
       -0.0264777546  -0.0195350986  -0.0600609253   0.0482741050   0.0167406547
       -0.2853835507  -0.0689309951  -0.0892495444   0.6355410289  -0.0624634952
        0.0640415750  -0.1015020891   0.0027593122  -0.0093444790  -0.0000020059
        0.0000049783   0.0000620706   0.0002731249  -0.0003554068  -0.0003371761
       -0.0002434589   0.0002633974   0.0002953556  -0.0003562089   0.0000646408
        0.0000391612   0.0000307677  -0.0000277262   0.0000495557  -0.0000188345
       -0.0000050180   0.0003082706  -0.0001346846   0.0012841562   0.0005467403
        0.0003282488  -0.0006274791  -0.0001688492  -0.0027382992   0.0038412337
        0.0000466935  -0.0062595853  -0.0027353886  -0.0031424965  -0.1883753158
        0.1191600988   0.0434527347  -0.0064672202  -0.0223589507  -0.0153603448
        0.0000558389   0.0000330956  -0.0000059966  -0.0003422547  -0.0001304260
       -0.0001384645   0.0000960941   0.0001426978  -0.0000028876   0.0001920356
       -0.0001600359   0.0000108693  -0.0003240156   0.0006724795   0.0009001834
       -0.0004235602  -0.0002282314  -0.0004279536   0.0051792554   0.0018038505
       -0.0028833636   0.0521304274  -0.0453680357  -0.0172420191  -0.0271812294
       -0.0227155594  -0.0157960099   0.0007820776   0.0372538879   0.0217945586
       -0.0035676937  -0.0933905532  -0.0269860248  -0.0624634952   0.5144664556
        0.2307604117  -0.0619383801  -0.2409690556  -0.1319452114  -0.0000412512
       -0.0001247544  -0.0000654157  -0.0000681501   0.0003828312   0.0004047852
       -0.0001000619  -0.0004035896  -0.0002785521   0.0001297916  -0.0000459900
       -0.0001517560  -0.0000638535   0.0001236436   0.0000585322  -0.0001673283
       -0.0001906180  -0.0000675652  -0.0001835305  -0.0005755299  -0.0004075795
       -0.0005113933   0.0000151080   0.0000823303   0.0041319563   0.0002794424
       -0.0039268237  -0.0222036230  -0.0060183739  -0.0089292475   0.1199162115
       -0.1391386301  -0.0399552529  -0.0030338678  -0.0057141088  -0.0048015469
        0.0000155593  -0.0000062362   0.0001212330  -0.0001845641  -0.0003095316
       -0.0004737624   0.0000504645   0.0002384458  -0.0000166414   0.0000735874
        0.0000608419   0.0000438429  -0.0016007646  -0.0010818069   0.0000544654
        0.0000711886   0.0008009030   0.0004934466   0.0019362464  -0.0018659314
        0.0058077590   0.0401663646  -0.0274688823  -0.0081947064  -0.0204716576
       -0.0159054572  -0.0192212182  -0.0121186509   0.0317701150   0.0185189787
       -0.0486969111  -0.0403195399  -0.0850168472   0.0640415750   0.2307604117
        0.2770645854  -0.0487453753  -0.1187533998  -0.1321171887   0.0000321086
        0.0000138228   0.0000162994  -0.0000621536  -0.0000197351  -0.0002204278
        0.0001793855   0.0000175085  -0.0000481758  -0.0000330730  -0.0000917985
        0.0000029812   0.0002781915   0.0001565880   0.0001188634  -0.0002040888
        0.0000362458   0.0000848825   0.0000337092  -0.0003135106  -0.0004414203
       -0.0001641704   0.0000655635  -0.0002900957   0.0003325241  -0.0039324144
        0.0055542927  -0.0152148881  -0.0049988372  -0.0049301400   0.0436771681
       -0.0399280862  -0.0522258102  -0.0033917754  -0.0089252787  -0.0046851960
       -0.0001595190  -0.0001986600   0.0001797059   0.0015146425  -0.0006176979
       -0.0005792247  -0.0002723160  -0.0001274003   0.0002355269  -0.0003466991
        0.0003908526  -0.0000835581  -0.0039814069  -0.0031505969   0.0015592246
       -0.0005686094   0.0000604674  -0.0009242728   0.0082539974   0.0078489718
        0.0042800639  -0.2186074317   0.1311332214   0.0455247297  -0.0585179644
        0.0011130605  -0.0116116482  -0.0037358877   0.0185215369   0.0114862888
        0.0060615474  -0.0285951958  -0.0166670098  -0.1015020891  -0.0619383801
       -0.0487453753   0.6367057118  -0.0372630893   0.0824152172   0.0000813866
        0.0000689762  -0.0001500562  -0.0015407986  -0.0002782347   0.0006945515
       -0.0001559872  -0.0001430709  -0.0002078987   0.0005593598   0.0000874080
        0.0002398245  -0.0004115591   0.0000169983  -0.0000347625   0.0000629689
       -0.0007770638  -0.0010737345   0.0001083766  -0.0013105209  -0.0013382084
       -0.0046379467  -0.0004503701  -0.0026646950   0.0007437462   0.0003344371
        0.0003825532  -0.0046748301  -0.0008114153  -0.0030340521   0.0031187586
        0.0178338379   0.0113718011  -0.2580974508  -0.0417480720  -0.0712549908
       -0.0000071819   0.0001730975   0.0000151471   0.0001357920   0.0000394314
        0.0002354598  -0.0000171771  -0.0001483096  -0.0001037096  -0.0000287373
        0.0000401530  -0.0000912197   0.0054760345   0.0027235165  -0.0018712606
        0.0015813025  -0.0005595857   0.0010802009   0.0110972777  -0.0317896285
       -0.0126409974   0.0765475885  -0.1536930235  -0.0486571909   0.0460564246
        0.0335226914   0.0280918286   0.0169957284  -0.0457855263  -0.0209773806
       -0.0766161084  -0.0001274611  -0.0166709133   0.0027593122  -0.2409690556
       -0.1187533998  -0.0372630893   0.5026304998   0.2294524155   0.0000142588
        0.0000448587  -0.0000744509  -0.0002843493  -0.0000335948   0.0005463062
       -0.0000081553  -0.0000511555  -0.0001824511   0.0003186285   0.0000340638
       -0.0001196088  -0.0001599385  -0.0000382898  -0.0001274832   0.0003512619
        0.0000134984   0.0001726926  -0.0001001675  -0.0035387648  -0.0027526222
       -0.0011041243   0.0023492459  -0.0032160344   0.0002950173  -0.0005540380
        0.0000118752  -0.0008780923   0.0023946039  -0.0035216141  -0.0014511832
       -0.0172246205  -0.0113405474  -0.0437103227  -0.0494526067  -0.0185050419
       -0.0000352453   0.0000628610   0.0000917906   0.0003478401  -0.0008994276
       -0.0003569778  -0.0000592956   0.0002408306  -0.0001786664  -0.0000648298
        0.0000901745   0.0000467140  -0.0000676404   0.0006262219   0.0009398181
        0.0012042545  -0.0006244355   0.0001118788   0.0109757580  -0.0150207615
       -0.0083721856   0.0125199989  -0.0389236979  -0.0706909033   0.0156067588
        0.0196237543   0.0164851932   0.0107410990  -0.0210906473  -0.0157353490
       -0.0461611268  -0.0068106859  -0.0121056607  -0.0093444790  -0.1319452114
       -0.1321171887   0.0824152172   0.2294524155   0.2762413412   0.0000611238
        0.0000214811   0.0000777067  -0.0007074058   0.0000170603  -0.0002287575
        0.0003286197  -0.0001063787  -0.0000684462   0.0000538748  -0.0001205832
        0.0002248121   0.0000056899  -0.0001740939   0.0000825048   0.0004781482
       -0.0000474827  -0.0000399442  -0.0007518359  -0.0029007295  -0.0002800199
       -0.0032252110  -0.0029113379   0.0046708805   0.0004161546  -0.0000908511
       -0.0001792927  -0.0030054835  -0.0034684583   0.0050201260  -0.0004049026
       -0.0074496256  -0.0040560258  -0.0713270820  -0.0175503911  -0.0595833481
       -0.0001456939   0.0005782861   0.0001121523   0.0022917496  -0.0017073915
       -0.0001615997  -0.0004513577   0.0001670178  -0.0002308878  -0.0088439083
        0.0056338992  -0.0007956216  -0.0004063766  -0.0001057463   0.0002447526
        0.0000494462  -0.0000473126  -0.0001333959   0.0001313657   0.0000421864
        0.0000100085   0.0000652635  -0.0000701151  -0.0000199062   0.0000570635
       -0.0000619975  -0.0000023998   0.0000447069   0.0000146074   0.0000405393
        0.0000653385   0.0000736286   0.0000693229  -0.0000020059  -0.0000412512
        0.0000321086   0.0000813866   0.0000142588   0.0000611238   0.1133698712
        0.0223265278  -0.0112061230  -0.0941324035  -0.0214718090   0.0106207364
       -0.0065375506  -0.0038487368  -0.0017513116  -0.0056111647  -0.0015021912
        0.0032319176   0.0000253949   0.0000022290  -0.0000372941   0.0001285474
       -0.0000113745  -0.0000329388  -0.0000000277   0.0000167863  -0.0000018189
       -0.0000183259   0.0000074882   0.0000191993  -0.0000324272  -0.0000064557
        0.0000153545  -0.0000174991  -0.0000090206  -0.0000005886   0.0000330643
        0.0001144820  -0.0000074452  -0.0001444572  -0.0001079956  -0.0000758846
        0.0005815016  -0.0002021185  -0.0000889568  -0.0017043961   0.0000871375
        0.0002275759   0.0004670745   0.0001143630   0.0001461615   0.0046540928
       -0.0020076348   0.0004102718   0.0007361289   0.0002509361  -0.0004004782
       -0.0001569954  -0.0000493391   0.0001245640  -0.0002337814   0.0000556001
        0.0000076098  -0.0000073873   0.0000295331   0.0000177021  -0.0000329859
        0.0000161688  -0.0000384895  -0.0000527759   0.0000943402   0.0000196339
       -0.0000420639   0.0000910050   0.0000422151   0.0000049783  -0.0001247544
        0.0000138228   0.0000689762   0.0000448587   0.0000214811   0.0223265278
        0.0151433775  -0.0025697241  -0.0191002725  -0.0142067332   0.0037272404
       -0.0052358031  -0.0014376383  -0.0029917230  -0.0023421405   0.0018723517
        0.0013986113   0.0000437749   0.0000472086  -0.0000242992   0.0001162496
       -0.0000498847  -0.0000201186   0.0000348727   0.0000233159  -0.0000148887
        0.0000090403   0.0000931021  -0.0000039547  -0.0000558820   0.0000992521
        0.0000075526  -0.0000740652   0.0000343307   0.0000253177  -0.0000031228
        0.0000830135   0.0000193490  -0.0000015456  -0.0001017917  -0.0000564763
       -0.0001089790   0.0001064359   0.0000272196   0.0006157463  -0.0000009228
       -0.0002854937  -0.0003072426   0.0000320355   0.0002084640  -0.0009361601
        0.0005328546   0.0007466216  -0.0004311102  -0.0000957298   0.0000669911
        0.0003862812   0.0000948363  -0.0000868502   0.0000576342  -0.0000374541
        0.0002280526   0.0000390964   0.0000161052   0.0000326879  -0.0000011823
        0.0000257125   0.0000272153  -0.0000831895  -0.0000071589   0.0000755387
       -0.0000030368  -0.0000090467   0.0000884679   0.0000620706  -0.0000654157
        0.0000162994  -0.0001500562  -0.0000744509   0.0000777067  -0.0112061230
       -0.0025697241   0.0099027330   0.0097737688   0.0038791995  -0.0070933706
       -0.0028189292  -0.0031346371  -0.0003295409   0.0052770338   0.0011595994
       -0.0037773296   0.0000035697   0.0000307973   0.0000426160  -0.0002316292
        0.0000720782  -0.0000252765   0.0000297498   0.0000037917  -0.0000035104
        0.0000144340  -0.0000067250   0.0000813493  -0.0000277875  -0.0000014749
        0.0001220342  -0.0000362616   0.0000064064   0.0000689407   0.0000516261
        0.0000592461  -0.0000499075   0.0000306762  -0.0000163587  -0.0001616587
        0.0001649742  -0.0016189127  -0.0003263121  -0.0031468579   0.0046459224
       -0.0004160015   0.0006869690  -0.0004370871   0.0006281718  -0.0053176657
        0.0021580723  -0.0005644011   0.0007456047   0.0002192063  -0.0006941529
       -0.0003180954   0.0000521972   0.0005989848  -0.0005020724  -0.0000035025
        0.0002305118   0.0000092858   0.0002534231   0.0000861433  -0.0001097404
        0.0000701806   0.0000192247  -0.0001024334  -0.0000697513  -0.0000973519
       -0.0002444418  -0.0001443887  -0.0000950875   0.0002731249  -0.0000681501
       -0.0000621536  -0.0015407986  -0.0002843493  -0.0007074058  -0.0941324035
       -0.0191002725   0.0097737688   0.1372266376   0.0379199021  -0.0126742134
       -0.0193596886  -0.0213258458  -0.0248662506  -0.0156944592  -0.0022084973
        0.0284075187  -0.0000776245   0.0000248636   0.0000391349  -0.0000313352
       -0.0001267191   0.0002405432  -0.0000002812  -0.0000554771  -0.0000321893
        0.0001077194  -0.0000548135  -0.0000301819   0.0001108139   0.0000042414
       -0.0000220887   0.0001153100   0.0000526042   0.0000476054   0.0000323260
       -0.0001514055  -0.0000083854   0.0011051323   0.0002485594   0.0005245684
       -0.0016934177   0.0025919600   0.0005407840   0.0117582661  -0.0028347042
       -0.0004754915  -0.0031996077  -0.0001591980  -0.0018856477  -0.0000024271
       -0.0113306313   0.0023619074  -0.0046591419  -0.0036590643   0.0034616450
        0.0004861344   0.0008581877  -0.0012333418   0.0015439612   0.0021739564
       -0.0003538140   0.0000255453  -0.0002565739  -0.0001143303   0.0005156423
       -0.0001609319   0.0001555570   0.0001524601  -0.0001667805  -0.0000534459
       -0.0000709354  -0.0000559891  -0.0000904329  -0.0003554068   0.0003828312
       -0.0000197351  -0.0002782347  -0.0000335948   0.0000170603  -0.0214718090
       -0.0142067332   0.0038791995   0.0379199021   0.0803820601   0.0237184530
       -0.0196495074  -0.0442582849  -0.0382166447  -0.0004380839  -0.0089444758
        0.0082420704  -0.0000054413  -0.0001572669   0.0000338513  -0.0003596904
        0.0004044969   0.0000376673  -0.0000690751  -0.0002446554   0.0000466272
        0.0001525008  -0.0001262053  -0.0000382052   0.0001105307  -0.0001082509
       -0.0000570838   0.0000645985  -0.0000544785  -0.0000880613  -0.0001506934
       -0.0005625933  -0.0001102043  -0.0003260694   0.0005269200   0.0002416160
        0.0004582280  -0.0010802825  -0.0005604577  -0.0026019157   0.0005611259
        0.0033991225   0.0003717863  -0.0003164995  -0.0004131014   0.0004011609
        0.0014197596  -0.0056114825   0.0009740220   0.0013688328  -0.0021527328
        0.0001181514  -0.0008846053   0.0003394273   0.0002593937  -0.0001033522
        0.0007741137  -0.0000886906  -0.0001112459  -0.0002515230   0.0001893918
        0.0000109247  -0.0000525216  -0.0000084299  -0.0000099116  -0.0000749539
        0.0000148766  -0.0001425516  -0.0000763166  -0.0003371761   0.0004047852
       -0.0002204278   0.0006945515   0.0005463062  -0.0002287575   0.0106207364
        0.0037272404  -0.0070933706  -0.0126742134   0.0237184530   0.1421040842
       -0.0240234165  -0.0395322672  -0.0489209219   0.0247817212   0.0111264815
       -0.0814573290  -0.0000722343  -0.0000171350  -0.0001492075   0.0010815961
       -0.0001520021  -0.0000169341  -0.0000396330   0.0000768949  -0.0002246691
       -0.0000410478  -0.0000351639  -0.0000832487   0.0000354162  -0.0000591806
       -0.0000914096  -0.0000457267  -0.0000930317  -0.0000441409  -0.0002447678
       -0.0004753415   0.0001465333   0.0001762197   0.0000517664   0.0009602254
        0.0002887728   0.0000459273   0.0000393362  -0.0009979692  -0.0004558620
       -0.0001247888   0.0001797373   0.0002367125   0.0002362707   0.0011263182
        0.0001611702  -0.0004307744   0.0005297775   0.0004032871  -0.0001976797
        0.0000740060  -0.0000602173   0.0000070750  -0.0001909786  -0.0003603358
       -0.0000204034   0.0000900622  -0.0001167192  -0.0000208760  -0.0000942235
        0.0000594842  -0.0000055812  -0.0000895631   0.0001201731   0.0000713623
        0.0001217817   0.0001207513   0.0000927104  -0.0002434589  -0.0001000619
        0.0001793855  -0.0001559872  -0.0000081553   0.0003286197  -0.0065375506
       -0.0052358031  -0.0028189292  -0.0193596886  -0.0196495074  -0.0240234165
        0.0244802602   0.0257355183   0.0264859333   0.0015459616  -0.0013261820
        0.0002637420   0.0000914166   0.0000347859   0.0000173265  -0.0000814031
       -0.0000079090  -0.0000884865   0.0000474146   0.0000737602   0.0000596347
       -0.0000603866   0.0000897291   0.0000749039  -0.0001110623   0.0000902753
        0.0000818641  -0.0001457695   0.0000315636   0.0000161442  -0.0001719920
        0.0002981878   0.0000480127  -0.0003354755  -0.0001805729  -0.0002713857
        0.0004798960  -0.0005229981  -0.0002879908  -0.0035664560   0.0009343401
        0.0000231226   0.0004795636   0.0000404798   0.0002439276   0.0026228027
       -0.0080970430  -0.0016570114   0.0011325337   0.0006078161  -0.0007025829
       -0.0002345094   0.0000685612   0.0002767190  -0.0005287150  -0.0004083729
       -0.0000202851  -0.0000859339   0.0001215632   0.0000895558  -0.0000860333
       -0.0000622983  -0.0000689023  -0.0000004890   0.0000142786   0.0000811893
       -0.0000821912   0.0000227177   0.0001070820   0.0002633974  -0.0004035896
        0.0000175085  -0.0001430709  -0.0000511555  -0.0001063787  -0.0038487368
       -0.0014376383  -0.0031346371  -0.0213258458  -0.0442582849  -0.0395322672
        0.0257355183   0.0534220071   0.0470481313  -0.0013126712  -0.0000878609
       -0.0023983687  -0.0000161421   0.0000916591  -0.0000376208  -0.0000698883
       -0.0000069428  -0.0000369101  -0.0000147454   0.0000194558  -0.0000138122
       -0.0000352062   0.0000196871   0.0000086507  -0.0000314208  -0.0000368254
        0.0000522808   0.0000465894  -0.0000469554   0.0001156345   0.0001069374
        0.0002582009   0.0001468546   0.0005148170  -0.0002008015  -0.0002138894
        0.0001136516  -0.0000692481   0.0003431953  -0.0011308893   0.0002730178
       -0.0008221442   0.0001088868   0.0003470140   0.0005729234   0.0004607515
       -0.0024378970   0.0000969147   0.0000727221   0.0002070065   0.0002037657
        0.0001261929  -0.0000553251   0.0000126183  -0.0001754789  -0.0003492007
       -0.0000428423  -0.0001286865   0.0001433971   0.0000285222   0.0000044467
       -0.0000797080  -0.0000812360   0.0000262076   0.0000978744  -0.0000292131
       -0.0001354223   0.0000900250  -0.0000722706   0.0002953556  -0.0002785521
       -0.0000481758  -0.0002078987  -0.0001824511  -0.0000684462  -0.0017513116
       -0.0029917230  -0.0003295409  -0.0248662506  -0.0382166447  -0.0489209219
        0.0264859333   0.0470481313   0.0585599193   0.0004948558  -0.0038617864
       -0.0087752568  -0.0000646639  -0.0000239382   0.0001008036  -0.0003694197
        0.0000015256  -0.0000047821   0.0000086706  -0.0000246799   0.0000244956
       -0.0000077117   0.0000303066   0.0000070205  -0.0000118444   0.0000518078
       -0.0000799899   0.0000532562   0.0000997276  -0.0001055698   0.0000737513
        0.0002585071  -0.0001960460   0.0005248954  -0.0000771865  -0.0003737428
        0.0002711694   0.0000706794  -0.0000967839  -0.0016774976  -0.0006821534
        0.0012425853   0.0003892290   0.0000688845  -0.0001982165   0.0018209263
       -0.0000615903  -0.0000723034   0.0007641151   0.0006607914  -0.0008372257
       -0.0007396901  -0.0002017303   0.0002911201  -0.0000117457  -0.0000579893
        0.0000480820  -0.0000637806  -0.0001558278  -0.0001577131   0.0000186354
        0.0000330171  -0.0000404522   0.0000246302   0.0000496507  -0.0000476683
        0.0001216062  -0.0000348075  -0.0000484671  -0.0003562089   0.0001297916
       -0.0000330730   0.0005593598   0.0003186285   0.0000538748  -0.0056111647
       -0.0023421405   0.0052770338  -0.0156944592  -0.0004380839   0.0247817212
        0.0015459616  -0.0013126712   0.0004948558   0.0192373320   0.0041729592
       -0.0298697254  -0.0001842326   0.0001767696  -0.0001460069   0.0007155780
       -0.0003188864  -0.0002484565  -0.0000501685   0.0000919425  -0.0001396927
       -0.0000909697   0.0000359843  -0.0001008360  -0.0000267156   0.0000084619
       -0.0001116754  -0.0000640144  -0.0000437888  -0.0000749801  -0.0000427268
       -0.0000453417   0.0000687772  -0.0008551686  -0.0001225498  -0.0000347739
        0.0002757074  -0.0002002080   0.0002217797  -0.0020582979   0.0004108688
       -0.0000200482   0.0003445033   0.0003004499   0.0003053398   0.0018209092
       -0.0042896346   0.0045137516   0.0006794065   0.0005816490  -0.0003272422
        0.0002001637  -0.0003334743   0.0001814309  -0.0004040308  -0.0004267373
        0.0000100610   0.0000339771  -0.0000089956   0.0000567999  -0.0001542248
       -0.0000228289  -0.0000186246  -0.0000317620   0.0000457910  -0.0000502181
        0.0000750031   0.0000743098  -0.0000393984   0.0000646408  -0.0000459900
       -0.0000917985   0.0000874080   0.0000340638  -0.0001205832  -0.0015021912
        0.0018723517   0.0011595994  -0.0022084973  -0.0089444758   0.0111264815
       -0.0013261820  -0.0000878609  -0.0038617864   0.0041729592   0.0115695611
       -0.0131767574  -0.0000278317  -0.0000749536   0.0001160517  -0.0002146840
       -0.0003763247   0.0000144084   0.0000175764  -0.0000650673   0.0001232492
       -0.0000147163  -0.0000202777   0.0000539940  -0.0000126135   0.0000497435
       -0.0000225075  -0.0000080912   0.0000549782  -0.0001011612   0.0000455026
        0.0001413781  -0.0000414158   0.0001453656  -0.0002383161  -0.0000114056
       -0.0002007927   0.0003549723   0.0004101589   0.0031894310  -0.0008273121
       -0.0017214230  -0.0004601777   0.0001524213   0.0001941380  -0.0025445663
        0.0065208764  -0.0043571639  -0.0007741155  -0.0007285785   0.0011869594
        0.0003431159   0.0003153436  -0.0002629697  -0.0000486371  -0.0000387188
       -0.0002507618  -0.0001058033   0.0000214160   0.0000410696  -0.0000309535
        0.0000094233  -0.0000387885   0.0000525781   0.0000244671  -0.0000093359
        0.0000156481   0.0000467759   0.0000037144   0.0000391612  -0.0001517560
        0.0000029812   0.0002398245  -0.0001196088   0.0002248121   0.0032319176
        0.0013986113  -0.0037773296   0.0284075187   0.0082420704  -0.0814573290
        0.0002637420  -0.0023983687  -0.0087752568  -0.0298697254  -0.0131767574
        0.0994873739  -0.0000534462   0.0000450348   0.0000806794  -0.0008236237
        0.0001593957  -0.0001801456   0.0000289585  -0.0000202406   0.0000244330
        0.0000131857   0.0000282568  -0.0000227774   0.0000011984   0.0000359765
       -0.0000319095   0.0000366683   0.0000381075  -0.0000435592   0.0000778846
        0.0001685129  -0.0001141197  -0.0010289911  -0.0001003207  -0.0006134503
       -0.0000815764   0.0000659404  -0.0001210153   0.0003921058   0.0004557408
       -0.0000683559   0.0001007098  -0.0001232322   0.0001634524  -0.0000926830
        0.0000581043   0.0000592035  -0.0014411233   0.0059313090   0.0129012944
       -0.0406120765   0.0265244545   0.0175885231   0.0021013998  -0.0172075054
       -0.0170292711  -0.0012558169   0.0012525845  -0.0038720539   0.0002429762
       -0.0004775938  -0.0003502518  -0.0000880513  -0.0003256306   0.0002191319
       -0.0001231301   0.0000686750  -0.0000088734   0.0000307677  -0.0000638535
        0.0002781915  -0.0004115591  -0.0001599385   0.0000056899   0.0000253949
        0.0000437749   0.0000035697  -0.0000776245  -0.0000054413  -0.0000722343
        0.0000914166  -0.0000161421  -0.0000646639  -0.0001842326  -0.0000278317
       -0.0000534462   0.0416877916  -0.0270707242  -0.0203591956  -0.0006811278
        0.0119770533   0.0105153350   0.0001789014  -0.0009420521   0.0004433712
        0.0000782677   0.0000525901  -0.0000276013  -0.0000214496  -0.0000605061
        0.0000193110   0.0000183372   0.0000467120  -0.0000324845  -0.0000069496
       -0.0000028960  -0.0000003069   0.0001293323   0.0000064085  -0.0001373194
        0.0000411355   0.0000204603   0.0000063752   0.0004621405   0.0007704370
       -0.0002485731  -0.0000382160  -0.0000297137   0.0003049581  -0.0001142702
        0.0000765708   0.0000923307  -0.0032988609   0.0107454682   0.0135959298
        0.0263095848  -0.1735119559  -0.1360839564   0.0017038302  -0.0062608428
       -0.0056972951  -0.0006641321   0.0003248467  -0.0014986553   0.0002402528
       -0.0000543582  -0.0000883436  -0.0000669275  -0.0002485327  -0.0000000434
       -0.0001632304   0.0000043733   0.0000218216  -0.0000277262   0.0001236436
        0.0001565880   0.0000169983  -0.0000382898  -0.0001740939   0.0000022290
        0.0000472086   0.0000307973   0.0000248636  -0.0001572669  -0.0000171350
        0.0000347859   0.0000916591  -0.0000239382   0.0001767696  -0.0000749536
        0.0000450348  -0.0270707242   0.1813409441   0.1419903630   0.0023798582
       -0.0136494147  -0.0136789946   0.0004089095   0.0004130597   0.0010392114
       -0.0000400776   0.0000016020  -0.0000507935  -0.0000038606  -0.0000523674
        0.0000232624  -0.0000136998  -0.0000266422   0.0000407895  -0.0000204914
       -0.0000084369   0.0000376294  -0.0002791409   0.0001525014   0.0001767308
       -0.0001236483  -0.0000658858   0.0001548287  -0.0000442336  -0.0003446354
       -0.0007632874  -0.0000246868   0.0000778005  -0.0000416002   0.0000121827
       -0.0000178855   0.0001021456   0.0021443725  -0.0091173679  -0.0286233666
        0.0197539545  -0.1283777790  -0.1625633402  -0.0007932421  -0.0050260953
       -0.0094122836  -0.0002400763   0.0005626511  -0.0004216034   0.0000254021
        0.0000308040  -0.0001148559  -0.0000380276  -0.0000280883   0.0000390572
       -0.0000272233   0.0000272669  -0.0000127692   0.0000495557   0.0000585322
        0.0001188634  -0.0000347625  -0.0001274832   0.0000825048  -0.0000372941
       -0.0000242992   0.0000426160   0.0000391349   0.0000338513  -0.0001492075
        0.0000173265  -0.0000376208   0.0001008036  -0.0001460069   0.0001160517
        0.0000806794  -0.0203591956   0.1419903630   0.1971603337  -0.0000627263
        0.0006035737   0.0042013279  -0.0001666405  -0.0004155650   0.0001259567
        0.0000202184   0.0000016104  -0.0000414523   0.0000175894   0.0000044245
        0.0000034132   0.0000121035   0.0000224672  -0.0000125040  -0.0000013907
        0.0000193630   0.0000124547   0.0000073148   0.0000339461  -0.0000687149
       -0.0001840604  -0.0001807739   0.0001134400   0.0013966737   0.0001817035
       -0.0009619159  -0.0000724280  -0.0000917553   0.0002687909  -0.0002475565
        0.0002713925  -0.0000150109   0.0064471044  -0.0123469021   0.0054943747
       -0.1364746748   0.1305208119  -0.0312060235  -0.0158911691   0.0186618152
       -0.0055333444   0.0001128204  -0.0001972332   0.0012884612  -0.0003126376
        0.0000346617   0.0000756728  -0.0000000218   0.0001913523   0.0001051312
        0.0001793443  -0.0000456042  -0.0000034038  -0.0000188345  -0.0001673283
       -0.0002040888   0.0000629689   0.0003512619   0.0004781482   0.0001285474
        0.0001162496  -0.0002316292  -0.0000313352  -0.0003596904   0.0010815961
       -0.0000814031  -0.0000698883  -0.0003694197   0.0007155780  -0.0002146840
       -0.0008236237  -0.0006811278   0.0023798582  -0.0000627263   0.1448662770
       -0.1397839353   0.0341145813  -0.0007536373   0.0007762833  -0.0039493718
        0.0001461469   0.0000040358   0.0000548672   0.0000302818   0.0000347762
        0.0000556427   0.0000291143   0.0000163711   0.0000546790   0.0000309195
        0.0000728635   0.0000460328   0.0006031094  -0.0001556417   0.0001291399
       -0.0000189372   0.0001123051  -0.0001180076  -0.0002080435  -0.0007052209
        0.0008187770  -0.0000490932   0.0002375759  -0.0002707243   0.0001753940
       -0.0001215617  -0.0000448295   0.0082071889  -0.0116175445   0.0108477321
        0.1262985099  -0.1950455519   0.0292697258  -0.0048988150   0.0072972487
        0.0016639590  -0.0001411622   0.0001996837   0.0002508388   0.0002565495
       -0.0001593075  -0.0000157008   0.0000228747  -0.0001222698  -0.0000135755
       -0.0000221792  -0.0000113045   0.0000170415  -0.0000050180  -0.0001906180
        0.0000362458  -0.0007770638   0.0000134984  -0.0000474827  -0.0000113745
       -0.0000498847   0.0000720782  -0.0001267191   0.0004044969  -0.0001520021
       -0.0000079090  -0.0000069428   0.0000015256  -0.0003188864  -0.0003763247
        0.0001593957   0.0119770533  -0.0136494147   0.0006035737  -0.1397839353
        0.2130898573  -0.0401794248  -0.0010201799   0.0006908167  -0.0022206751
        0.0000513880  -0.0000167302   0.0000055370   0.0000141226  -0.0000587846
        0.0000162869   0.0000381176  -0.0000190387   0.0000285533   0.0000245715
       -0.0000666268   0.0000008802   0.0003235462   0.0001716431  -0.0007297283
        0.0001180997   0.0000597832  -0.0000242861  -0.0009563620   0.0005486243
       -0.0000059853   0.0001065593  -0.0001183717  -0.0000424169  -0.0000097764
       -0.0000619544   0.0000347303  -0.0131335618   0.0209832841  -0.0148503776
       -0.0251126418   0.0260947150  -0.0437672214  -0.0056817169   0.0063626718
       -0.0033200769  -0.0002953745   0.0003642172   0.0002438195   0.0000357906
       -0.0000147741  -0.0000603678  -0.0000203087   0.0000625169   0.0000360617
        0.0001212892   0.0000572913   0.0000368208   0.0003082706  -0.0000675652
        0.0000848825  -0.0010737345   0.0001726926  -0.0000399442  -0.0000329388
       -0.0000201186  -0.0000252765   0.0002405432   0.0000376673  -0.0000169341
       -0.0000884865  -0.0000369101  -0.0000047821  -0.0002484565   0.0000144084
       -0.0001801456   0.0105153350  -0.0136789946   0.0042013279   0.0341145813
       -0.0401794248   0.0598107031   0.0000224304   0.0003313540  -0.0008524040
        0.0001113903  -0.0000183705  -0.0000200216   0.0000427479   0.0000099248
        0.0000057173   0.0000699684   0.0000426676   0.0000116790   0.0000315806
        0.0000172092   0.0000251941   0.0008147720  -0.0009625437  -0.0012806961
        0.0001644923   0.0001780345  -0.0001455617  -0.0009263054   0.0002384227
       -0.0000352026   0.0002527941   0.0000011364  -0.0002011481  -0.0000362462
        0.0000180812   0.0000726517  -0.0260243081   0.0044117178   0.0005844055
       -0.0122452955   0.0051246385  -0.0015140995  -0.1826486543   0.1276291017
        0.0101595883   0.0010631974   0.0020379281   0.0002903966   0.0014752763
       -0.0021210730  -0.0006880364  -0.0003320190   0.0000719337   0.0001965541
        0.0001515004  -0.0000441805   0.0000061837  -0.0001346846  -0.0001835305
        0.0000337092   0.0001083766  -0.0001001675  -0.0007518359  -0.0000000277
        0.0000348727   0.0000297498  -0.0000002812  -0.0000690751  -0.0000396330
        0.0000474146  -0.0000147454   0.0000086706  -0.0000501685   0.0000175764
        0.0000289585   0.0001789014   0.0004089095  -0.0001666405  -0.0007536373
       -0.0010201799   0.0000224304   0.2200376816  -0.1362424385  -0.0073920763
       -0.0003287959  -0.0001885686  -0.0003801610  -0.0000366620  -0.0000876148
       -0.0000768060  -0.0000072589   0.0000374336  -0.0000501800   0.0000052005
       -0.0000475750  -0.0000046291   0.0000395093  -0.0000906379   0.0000127115
        0.0000476072   0.0000090306   0.0000375329  -0.0002425935   0.0005150436
       -0.0004636282  -0.0000225854  -0.0000398834   0.0000663432  -0.0002319632
        0.0001097367   0.0001115770  -0.0159721817   0.0081403248   0.0018630389
        0.0041180084  -0.0034672638  -0.0001872417   0.1320627639  -0.1488433927
       -0.0115055094   0.0170546718  -0.0149817198  -0.0026976961   0.0015976853
        0.0004365372   0.0007050821   0.0000153915   0.0002868383   0.0000561805
       -0.0000417928   0.0002739824   0.0001457469   0.0012841562  -0.0005755299
       -0.0003135106  -0.0013105209  -0.0035387648  -0.0029007295   0.0000167863
        0.0000233159   0.0000037917  -0.0000554771  -0.0002446554   0.0000768949
        0.0000737602   0.0000194558  -0.0000246799   0.0000919425  -0.0000650673
       -0.0000202406  -0.0009420521   0.0004130597  -0.0004155650   0.0007762833
        0.0006908167   0.0003313540  -0.1362424385   0.1608884576   0.0154457504
       -0.0013777933  -0.0000791530  -0.0003673045  -0.0000097707   0.0001365650
        0.0000605317  -0.0000951159   0.0000764539   0.0000537245  -0.0001677197
       -0.0003221637  -0.0001664327  -0.0004270518   0.0001379756   0.0001049896
       -0.0001140972  -0.0001513412  -0.0001256843   0.0005078107  -0.0001124978
        0.0007827807  -0.0001861771  -0.0000820504  -0.0000518997   0.0001273849
       -0.0000253234  -0.0000945115   0.0159819445  -0.0048577196  -0.0020456187
       -0.0214335335   0.0162891920  -0.0008138656   0.0066747463  -0.0121204717
       -0.0357896964   0.0095839036  -0.0102555589  -0.0005019777   0.0014789192
       -0.0000350207  -0.0002213474   0.0000228618   0.0001875423   0.0000489012
        0.0000865466   0.0000449215   0.0001185862   0.0005467403  -0.0004075795
       -0.0004414203  -0.0013382084  -0.0027526222  -0.0002800199  -0.0000018189
       -0.0000148887  -0.0000035104  -0.0000321893   0.0000466272  -0.0002246691
        0.0000596347  -0.0000138122   0.0000244956  -0.0001396927   0.0001232492
        0.0000244330   0.0004433712   0.0010392114   0.0001259567  -0.0039493718
       -0.0022206751  -0.0008524040  -0.0073920763   0.0154457504   0.0403948304
       -0.0007137329  -0.0001836599   0.0000907914  -0.0000087012   0.0000336116
        0.0000503589  -0.0000423718   0.0000206373   0.0000639759  -0.0000480073
       -0.0001051108  -0.0002279582  -0.0001138854   0.0001075894  -0.0000505267
        0.0000306350  -0.0000104515  -0.0000158453  -0.0002574284   0.0001375329
       -0.0000070764   0.0001225263  -0.0000260966   0.0000273153   0.0001061666
       -0.0000706314   0.0000137931   0.0004874541   0.0001176861  -0.0001753916
        0.0000965637   0.0000368376   0.0002563844  -0.0001230291   0.0012843307
        0.0012761525  -0.0244877773   0.0173045459   0.0049535141  -0.1822043594
        0.1182490360   0.0387629526   0.0030161566  -0.0013259283  -0.0002476198
        0.0011293247  -0.0002171186  -0.0016658346   0.0003282488  -0.0005113933
       -0.0001641704  -0.0046379467  -0.0011041243  -0.0032252110  -0.0000183259
        0.0000090403   0.0000144340   0.0001077194   0.0001525008  -0.0000410478
       -0.0000603866  -0.0000352062  -0.0000077117  -0.0000909697  -0.0000147163
        0.0000131857   0.0000782677  -0.0000400776   0.0000202184   0.0001461469
        0.0000513880   0.0001113903  -0.0003287959  -0.0013777933  -0.0007137329
        0.2065015786  -0.1320181523  -0.0397620718   0.0008569538  -0.0010407757
        0.0001253371   0.0001004377  -0.0002361209  -0.0001215110   0.0001001584
       -0.0002430959   0.0002499046  -0.0009993193   0.0009287840   0.0003226424
       -0.0001032557   0.0000389902   0.0000157444   0.0001534652  -0.0002047680
        0.0000613009  -0.0000093431  -0.0000135657  -0.0000064038  -0.0000749725
        0.0001486805  -0.0000116140  -0.0000630501   0.0000579816  -0.0002179816
        0.0001435718   0.0000900189   0.0001474750  -0.0021491684  -0.0000028628
        0.0011963789  -0.0008735811   0.0021222783   0.0005579804   0.1174990688
       -0.1408667548  -0.0382145771   0.0186000957  -0.0172022584  -0.0070788049
       -0.0007618760  -0.0019759671  -0.0061790303  -0.0006274791   0.0000151080
        0.0000655635  -0.0004503701   0.0023492459  -0.0029113379   0.0000074882
        0.0000931021  -0.0000067250  -0.0000548135  -0.0001262053  -0.0000351639
        0.0000897291   0.0000196871   0.0000303066   0.0000359843  -0.0000202777
        0.0000282568   0.0000525901   0.0000016020   0.0000016104   0.0000040358
       -0.0000167302  -0.0000183705  -0.0001885686  -0.0000791530  -0.0001836599
       -0.1320181523   0.1568216230   0.0508779130   0.0002815977  -0.0001394450
        0.0015335804   0.0009803283  -0.0008415309  -0.0002211970  -0.0002212999
       -0.0003892737   0.0007531888  -0.0002520246   0.0001204748  -0.0001844332
        0.0000000227  -0.0000037110  -0.0000855271  -0.0000985354   0.0000325757
        0.0001733771   0.0000224489  -0.0000834316  -0.0001400134   0.0000342043
       -0.0000054955   0.0000897516   0.0008932167   0.0004246043  -0.0000124439
       -0.0003622539  -0.0001661341  -0.0001845336  -0.0011570497   0.0016017107
       -0.0017087667  -0.0056798086   0.0042738455   0.0021243446   0.0383350388
       -0.0375939558  -0.0483555476   0.0116237395  -0.0113527823  -0.0034982215
       -0.0018995166  -0.0060906184   0.0039630358  -0.0001688492   0.0000823303
       -0.0002900957  -0.0026646950  -0.0032160344   0.0046708805   0.0000191993
       -0.0000039547   0.0000813493  -0.0000301819  -0.0000382052  -0.0000832487
        0.0000749039   0.0000086507   0.0000070205  -0.0001008360   0.0000539940
       -0.0000227774  -0.0000276013  -0.0000507935  -0.0000414523   0.0000548672
        0.0000055370  -0.0000200216  -0.0003801610  -0.0003673045   0.0000907914
       -0.0397620718   0.0508779130   0.0460597494   0.0008583390   0.0012324752
       -0.0016233711   0.0006217643  -0.0004765607  -0.0002773614   0.0002236850
        0.0007698857  -0.0011897603  -0.0004298692   0.0000854596   0.0002728422
        0.0000538444  -0.0000322833   0.0000051049   0.0000375144   0.0001974694
       -0.0001104568  -0.0000222586   0.0000093469   0.0000503501   0.0000046619
       -0.0000804380  -0.0000298463  -0.0000598538  -0.0001166063  -0.0000173419
        0.0000288219  -0.0000588010   0.0000075605  -0.0003260975   0.0001690791
        0.0000149176   0.0013069578  -0.0004666479  -0.0016475523  -0.0071496110
       -0.0029475243  -0.0033978591  -0.2626555410  -0.0457758718  -0.0752611059
       -0.0239157141  -0.0028107440  -0.0069026511  -0.0027382992   0.0041319563
        0.0003325241   0.0007437462   0.0002950173   0.0004161546  -0.0000324272
       -0.0000558820  -0.0000277875   0.0001108139   0.0001105307   0.0000354162
       -0.0001110623  -0.0000314208  -0.0000118444  -0.0000267156  -0.0000126135
        0.0000011984  -0.0000214496  -0.0000038606   0.0000175894   0.0000302818
        0.0000141226   0.0000427479  -0.0000366620  -0.0000097707  -0.0000087012
        0.0008569538   0.0002815977   0.0008583390   0.2941857561   0.0484895732
        0.0855751346   0.0006678680  -0.0008301641   0.0001309536  -0.0010346506
       -0.0003014392  -0.0003630429   0.0001031225  -0.0001646258   0.0002901986
       -0.0001332514   0.0000020228  -0.0000368587   0.0001898396   0.0000780580
       -0.0000971902   0.0000054798  -0.0001091313   0.0000736035  -0.0000454129
        0.0001078478  -0.0000172976  -0.0002243242  -0.0001349091  -0.0001102755
       -0.0000148397  -0.0001311521  -0.0000857730  -0.0009621101  -0.0003212037
       -0.0003702915  -0.0001792225  -0.0016634542  -0.0058575416  -0.0227164864
       -0.0060287306  -0.0088282933  -0.0453637983  -0.0517583951  -0.0194006124
        0.0166369448   0.0034203865   0.0049534136   0.0038412337   0.0002794424
       -0.0039324144   0.0003344371  -0.0005540380  -0.0000908511  -0.0000064557
        0.0000992521  -0.0000014749   0.0000042414  -0.0001082509  -0.0000591806
        0.0000902753  -0.0000368254   0.0000518078   0.0000084619   0.0000497435
        0.0000359765  -0.0000605061  -0.0000523674   0.0000044245   0.0000347762
       -0.0000587846   0.0000099248  -0.0000876148   0.0001365650   0.0000336116
       -0.0010407757  -0.0001394450   0.0012324752   0.0484895732   0.0573508155
        0.0298401302   0.0004922498  -0.0000959675   0.0015624323   0.0008546949
        0.0000973112   0.0003269788  -0.0001474099  -0.0004287896   0.0007632761
       -0.0000053486  -0.0000235086   0.0000826052  -0.0000867362  -0.0000475066
       -0.0002132845   0.0000800395   0.0000399705  -0.0000819245   0.0000608990
        0.0000409109   0.0001711758  -0.0001242513  -0.0002166488   0.0000831153
       -0.0001542361  -0.0001401235  -0.0000235225  -0.0006654925  -0.0000502425
       -0.0004019853  -0.0013519195  -0.0060537700   0.0041601778  -0.0154729448
       -0.0046998419  -0.0056052731  -0.0752146892  -0.0193104374  -0.0628761545
        0.0052863688   0.0007853543   0.0025996376   0.0000466935  -0.0039268237
        0.0055542927   0.0003825532   0.0000118752  -0.0001792927   0.0000153545
        0.0000075526   0.0001220342  -0.0000220887  -0.0000570838  -0.0000914096
        0.0000818641   0.0000522808  -0.0000799899  -0.0001116754  -0.0000225075
       -0.0000319095   0.0000193110   0.0000232624   0.0000034132   0.0000556427
        0.0000162869   0.0000057173  -0.0000768060   0.0000605317   0.0000503589
        0.0001253371   0.0015335804  -0.0016233711   0.0855751346   0.0298401302
        0.0610655091   0.0009484485   0.0012742283  -0.0014734436   0.0003362472
        0.0000892458  -0.0000413372   0.0002722948   0.0007732843  -0.0011751392
        0.0001079427  -0.0000228051   0.0000027796  -0.0000040382   0.0001776437
       -0.0000165192  -0.0000345523   0.0000265325   0.0000376364  -0.0000073559
       -0.0001075008  -0.0000474032   0.0000103250  -0.0001530027  -0.0000975894
        0.0000758285   0.0000290557   0.0000652087  -0.0000868596  -0.0000028613
        0.0003311180  -0.0007585485   0.0003913159   0.0000289220  -0.0024534980
        0.0038126475   0.0001729897   0.0030547712   0.0178681067   0.0114542067
       -0.0519775345  -0.0364076050  -0.0256191388  -0.0062595853  -0.0222036230
       -0.0152148881  -0.0046748301  -0.0008780923  -0.0030054835  -0.0000174991
       -0.0000740652  -0.0000362616   0.0001153100   0.0000645985  -0.0000457267
       -0.0001457695   0.0000465894   0.0000532562  -0.0000640144  -0.0000080912
        0.0000366683   0.0000183372  -0.0000136998   0.0000121035   0.0000291143
        0.0000381176   0.0000699684  -0.0000072589  -0.0000951159  -0.0000423718
        0.0001004377   0.0009803283   0.0006217643   0.0006678680   0.0004922498
        0.0009484485   0.0620421736   0.0382339245   0.0310867645   0.0005429655
       -0.0010279235  -0.0000661735  -0.0002737292  -0.0011667241  -0.0007302791
       -0.0000593056  -0.0000050754  -0.0000735205   0.0001099428   0.0001573773
       -0.0000603635   0.0000009165  -0.0001145390   0.0000356373  -0.0000302595
        0.0000341353  -0.0000157600  -0.0002991454  -0.0002932982  -0.0000967108
        0.0001248382   0.0002434497   0.0002296900  -0.0000454569  -0.0003793483
        0.0009013145   0.0002543152   0.0007462943   0.0003788156   0.0038776451
        0.0001069670  -0.0041326204  -0.0016827407  -0.0171540513  -0.0115599810
       -0.0363661847  -0.2131143438  -0.1164617304  -0.0027353886  -0.0060183739
       -0.0049988372  -0.0008114153   0.0023946039  -0.0034684583  -0.0000090206
        0.0000343307   0.0000064064   0.0000526042  -0.0000544785  -0.0000930317
        0.0000315636  -0.0000469554   0.0000997276  -0.0000437888   0.0000549782
        0.0000381075   0.0000467120  -0.0000266422   0.0000224672   0.0000163711
       -0.0000190387   0.0000426676   0.0000374336   0.0000764539   0.0000206373
       -0.0002361209  -0.0008415309  -0.0004765607  -0.0008301641  -0.0000959675
        0.0012742283   0.0382339245   0.2346575425   0.1369453724   0.0003355989
        0.0000091338   0.0015153702   0.0000271254  -0.0003516238  -0.0000728674
        0.0000007682   0.0000081508   0.0001421710   0.0000110923  -0.0001538986
       -0.0001569093   0.0000194631   0.0001124551  -0.0000689240  -0.0000186694
        0.0001123045   0.0001111326   0.0004690032   0.0005663967   0.0002426498
       -0.0002226925  -0.0004186290  -0.0002816780   0.0000012874   0.0005413335
       -0.0014475751   0.0001506193   0.0005063762   0.0005719931   0.0001723259
       -0.0041018960   0.0056265761  -0.0006774199  -0.0074321590  -0.0036755269
       -0.0255726798  -0.1166036003  -0.1131691952  -0.0031424965  -0.0089292475
       -0.0049301400  -0.0030340521  -0.0035216141   0.0050201260  -0.0000005886
        0.0000253177   0.0000689407   0.0000476054  -0.0000880613  -0.0000441409
        0.0000161442   0.0001156345  -0.0001055698  -0.0000749801  -0.0001011612
       -0.0000435592  -0.0000324845   0.0000407895  -0.0000125040   0.0000546790
        0.0000285533   0.0000116790  -0.0000501800   0.0000537245   0.0000639759
       -0.0001215110  -0.0002211970  -0.0002773614   0.0001309536   0.0015624323
       -0.0014734436   0.0310867645   0.1369453724   0.1156804547   0.0007861569
        0.0012641232  -0.0014418210   0.0000008917  -0.0003115000  -0.0004113502
        0.0000559032  -0.0000264248  -0.0000025199   0.0001281326   0.0001556781
        0.0000094932  -0.0000588196   0.0000193863   0.0000164029  -0.0000172298
       -0.0000575411  -0.0000055564  -0.0000346580  -0.0001371119   0.0000101938
        0.0000053819   0.0000119078  -0.0000221205   0.0001417895  -0.0000050264
       -0.0001006403   0.0011202477  -0.0004602196  -0.0017087591   0.0002810428
       -0.0006955699  -0.0003345466  -0.0047015740  -0.0007961977  -0.0029765305
       -0.0230724391   0.0164853092   0.0053386626  -0.1883753158   0.1199162115
        0.0436771681   0.0031187586  -0.0014511832  -0.0004049026   0.0000330643
       -0.0000031228   0.0000516261   0.0000323260  -0.0001506934  -0.0002447678
       -0.0001719920   0.0001069374   0.0000737513  -0.0000427268   0.0000455026
        0.0000778846  -0.0000069496  -0.0000204914  -0.0000013907   0.0000309195
        0.0000245715   0.0000315806   0.0000052005  -0.0001677197  -0.0000480073
        0.0001001584  -0.0002212999   0.0002236850  -0.0010346506   0.0008546949
        0.0003362472   0.0005429655   0.0003355989   0.0007861569   0.2111577448
       -0.1327351602  -0.0448618840   0.0007627200  -0.0010280360   0.0000787735
       -0.0000153530   0.0000147380  -0.0000187405   0.0003059159   0.0000715471
       -0.0001621538  -0.0000356442  -0.0000329412   0.0000507674  -0.0001157188
        0.0001294575   0.0000166960  -0.0001715071  -0.0000890414   0.0001511798
        0.0000541002   0.0000806800   0.0000701353   0.0011623318  -0.0006097614
       -0.0003533941  -0.0005638272  -0.0013472230  -0.0060891591  -0.0006686156
        0.0000919659  -0.0000217894  -0.0005812831   0.0025900498  -0.0032841734
       -0.0026415024   0.0032499506   0.0008016769   0.1191600988  -0.1391386301
       -0.0399280862   0.0178338379  -0.0172246205  -0.0074496256   0.0001144820
        0.0000830135   0.0000592461  -0.0001514055  -0.0005625933  -0.0004753415
        0.0002981878   0.0002582009   0.0002585071  -0.0000453417   0.0001413781
        0.0001685129  -0.0000028960  -0.0000084369   0.0000193630   0.0000728635
       -0.0000666268   0.0000172092  -0.0000475750  -0.0003221637  -0.0001051108
       -0.0002430959  -0.0003892737   0.0007698857  -0.0003014392   0.0000973112
        0.0000892458  -0.0010279235   0.0000091338   0.0012641232  -0.1327351602
        0.1532616498   0.0526427161   0.0003464706  -0.0002877642   0.0015083100
       -0.0000219381  -0.0000064207   0.0001360656   0.0001670747  -0.0001880333
       -0.0000489717  -0.0000679170   0.0000978104  -0.0000089292  -0.0000749949
        0.0001289613  -0.0000154014   0.0000441993   0.0003145214   0.0000495043
        0.0000512638  -0.0001732889  -0.0000478627   0.0005731935  -0.0007388836
       -0.0001512637  -0.0017134971  -0.0058855762   0.0041771157  -0.0003918048
       -0.0000315022  -0.0001881069  -0.0029038583  -0.0032422569   0.0050986452
       -0.0065231865   0.0047007199   0.0027546234   0.0434527347  -0.0399552529
       -0.0522258102   0.0113718011  -0.0113405474  -0.0040560258  -0.0000074452
        0.0000193490  -0.0000499075  -0.0000083854  -0.0001102043   0.0001465333
        0.0000480127   0.0001468546  -0.0001960460   0.0000687772  -0.0000414158
       -0.0001141197  -0.0000003069   0.0000376294   0.0000124547   0.0000460328
        0.0000008802   0.0000251941  -0.0000046291  -0.0001664327  -0.0002279582
        0.0002499046   0.0007531888  -0.0011897603  -0.0003630429   0.0003269788
       -0.0000413372  -0.0000661735   0.0015153702  -0.0014418210  -0.0448618840
        0.0526427161   0.0492465575   0.0009360692   0.0011948348  -0.0016433722
       -0.0000375638  -0.0001861856   0.0000483581   0.0001489427   0.0016761093
       -0.0006173901   0.0000542148  -0.0001827954   0.0001467151  -0.0002690567
       -0.0002903128   0.0001726329   0.0010720432  -0.0000533526  -0.0007344172
       -0.0000425771  -0.0002342031   0.0003399413  -0.0003647924  -0.0013869435
       -0.0001875044  -0.0237659178  -0.0021039865  -0.0063644769  -0.0021406871
        0.0038504315   0.0004487279   0.0006478514   0.0000178436   0.0002039031
        0.0009911052  -0.0004566058  -0.0017203585  -0.0064672202  -0.0030338678
       -0.0033917754  -0.2580974508  -0.0437103227  -0.0713270820  -0.0001444572
       -0.0000015456   0.0000306762   0.0011051323  -0.0003260694   0.0001762197
       -0.0003354755   0.0005148170   0.0005248954  -0.0008551686   0.0001453656
       -0.0010289911   0.0001293323  -0.0002791409   0.0000073148   0.0006031094
        0.0003235462   0.0008147720   0.0000395093  -0.0004270518  -0.0001138854
       -0.0009993193  -0.0002520246  -0.0004298692   0.0001031225  -0.0001474099
        0.0002722948  -0.0002737292   0.0000271254   0.0000008917   0.0007627200
        0.0003464706   0.0009360692   0.2881363328   0.0461701087   0.0817923379
        0.0000444179  -0.0000433013   0.0000529562  -0.0003595482  -0.0001803917
        0.0001853763   0.0000866484   0.0001197380   0.0000250849  -0.0000312881
       -0.0003729758   0.0001082563   0.0004044965  -0.0013169435  -0.0005874216
        0.0007273603  -0.0006838455  -0.0001775291   0.0001056722   0.0000347318
        0.0014883884   0.0154436118   0.0034918032   0.0045746294   0.0033748358
       -0.0000858871  -0.0037279653   0.0001699543  -0.0003930545  -0.0000285753
       -0.0001962150  -0.0017188833  -0.0061179145  -0.0223589507  -0.0057141088
       -0.0089252787  -0.0417480720  -0.0494526067  -0.0175503911  -0.0001079956
       -0.0001017917  -0.0000163587   0.0002485594   0.0005269200   0.0000517664
       -0.0001805729  -0.0002008015  -0.0000771865  -0.0001225498  -0.0002383161
       -0.0001003207   0.0000064085   0.0001525014   0.0000339461  -0.0001556417
        0.0001716431  -0.0009625437  -0.0000906379   0.0001379756   0.0001075894
        0.0009287840   0.0001204748   0.0000854596  -0.0001646258  -0.0004287896
        0.0007732843  -0.0011667241  -0.0003516238  -0.0003115000  -0.0010280360
       -0.0002877642   0.0011948348   0.0461701087   0.0568152970   0.0299014134
        0.0000094477  -0.0000362195  -0.0000996774  -0.0000688498   0.0004951902
        0.0003761858  -0.0000513652  -0.0000860322  -0.0000650922   0.0000263842
        0.0000571057  -0.0001521936   0.0010537309   0.0007448771  -0.0002521019
        0.0003152105  -0.0015780684  -0.0004203092  -0.0001345824   0.0005841709
       -0.0016980720   0.0047400787   0.0015397517   0.0029394911   0.0000557405
       -0.0036003433   0.0048783492   0.0003489899  -0.0000745558  -0.0002651403
       -0.0015801787  -0.0061668233   0.0038903817  -0.0153603448  -0.0048015469
       -0.0046851960  -0.0712549908  -0.0185050419  -0.0595833481  -0.0000758846
       -0.0000564763  -0.0001616587   0.0005245684   0.0002416160   0.0009602254
       -0.0002713857  -0.0002138894  -0.0003737428  -0.0000347739  -0.0000114056
       -0.0006134503  -0.0001373194   0.0001767308  -0.0000687149   0.0001291399
       -0.0007297283  -0.0012806961   0.0000127115   0.0001049896  -0.0000505267
        0.0003226424  -0.0001844332   0.0002728422   0.0002901986   0.0007632761
       -0.0011751392  -0.0007302791  -0.0000728674  -0.0004113502   0.0000787735
        0.0015083100  -0.0016433722   0.0817923379   0.0299014134   0.0596823063
