$hessian                                                                        
        0.0113936402  -0.0020594813  -0.0025217305  -0.0068335737   0.0028601850
        0.0039306871   0.0002968232  -0.0041825132  -0.0026116605   0.0008992588
        0.0012870498   0.0004976412  -0.0007226380   0.0001033181  -0.0002518373
       -0.0004794871   0.0001057061   0.0001047362  -0.0004448267   0.0001378744
        0.0003415871   0.0001935367  -0.0004657902  -0.0007860879  -0.0003591452
        0.0003664723   0.0001665624   0.0000964551  -0.0000269196   0.0001448913
        0.0001305172   0.0000984541   0.0000255949   0.0000259402   0.0001340435
        0.0001073950  -0.0000343829   0.0001458388  -0.0000317272  -0.0003834869
       -0.0000141328  -0.0000786919  -0.0000145526   0.0001651228   0.0000210524
       -0.0036618682   0.0008942052   0.0006641908   0.0000128982   0.0000378560
       -0.0001311468  -0.0001098892   0.0000842280   0.0001602030   0.0000090780
        0.0001342049   0.0001448415  -0.0000142973   0.0001942784   0.0001034991
       -0.0020594813   0.0471614997   0.0279051064   0.0025917138  -0.0408361196
       -0.0293452933  -0.0044007565  -0.0035755389   0.0006675109   0.0030976627
       -0.0017026620   0.0012448512  -0.0001440191  -0.0007736284  -0.0005472780
       -0.0005958701  -0.0004389061  -0.0003483760  -0.0001692893  -0.0001010918
        0.0001536082   0.0000191645  -0.0000942180   0.0002591769   0.0001490775
       -0.0001949755   0.0000742320  -0.0001081418   0.0000910625   0.0000821845
       -0.0001322913   0.0000522806   0.0000683428  -0.0001216644   0.0001148993
       -0.0000992814   0.0000887515  -0.0000252889  -0.0001396172   0.0000179752
        0.0001128400   0.0003112139  -0.0000295628   0.0000639617  -0.0002455341
        0.0017649740  -0.0001142520   0.0000737615   0.0000335074   0.0001720269
        0.0000289165   0.0000540624   0.0000894956   0.0000303557   0.0000343273
        0.0000299931  -0.0001061676  -0.0000901397  -0.0000313784  -0.0000677131
       -0.0025217305   0.0279051064   0.0249153428   0.0042910947  -0.0297365390
       -0.0297712967  -0.0029981028   0.0005542710   0.0032646182   0.0013155252
        0.0007673695   0.0018328546  -0.0007512919  -0.0000527252  -0.0004130053
       -0.0002962373   0.0001612202   0.0000049213  -0.0000667883   0.0002710774
        0.0000052476   0.0001304330  -0.0001618719   0.0002553539   0.0000017940
       -0.0000061642  -0.0000656102  -0.0002054171  -0.0000335547   0.0000808489
       -0.0000028566  -0.0000769791   0.0000627220  -0.0000868886  -0.0000536931
        0.0000454667   0.0001668853   0.0002517456   0.0001044745   0.0001309396
        0.0003125158  -0.0001575729  -0.0001342342   0.0003119296   0.0000998889
        0.0011945744  -0.0001119856  -0.0001926512  -0.0001680909  -0.0000743784
       -0.0001777442   0.0000046731  -0.0001199174  -0.0000804239   0.0000271979
       -0.0001067358   0.0000498388  -0.0000314788  -0.0000006911   0.0001367260
       -0.0068335737   0.0025917138   0.0042910947   0.0654891764   0.0117146217
       -0.0182334506  -0.0464779308  -0.0181640043   0.0253997831  -0.0055706731
        0.0047338514  -0.0065515533  -0.0017621376  -0.0000718316  -0.0011152229
       -0.0022620003   0.0001094871  -0.0019183883  -0.0009470978   0.0009597045
       -0.0005701402  -0.0009169056   0.0006968884   0.0008476834   0.0000475713
       -0.0004690255   0.0006218272  -0.0003868967  -0.0000621205  -0.0000082382
       -0.0003950318  -0.0000089279  -0.0000089527  -0.0002835059   0.0004338602
       -0.0002997546   0.0005117711  -0.0000769291   0.0002173283  -0.0000071897
       -0.0001710262  -0.0003319237  -0.0000354997  -0.0001357741  -0.0000619018
       -0.0001967270  -0.0016409071  -0.0014289883   0.0000549755  -0.0000826886
       -0.0001250534   0.0000795771  -0.0000274998  -0.0002195425   0.0000390685
       -0.0001302205  -0.0003548734  -0.0001469700  -0.0001991720  -0.0001497327
        0.0028601850  -0.0408361196  -0.0297365390   0.0117146217   0.0626771277
        0.0142385520  -0.0174607836  -0.0148172888   0.0093695338   0.0010830806
       -0.0078711881   0.0052127200   0.0014168380   0.0015344133   0.0009901361
        0.0024398378   0.0011846346   0.0010693227   0.0005155055   0.0002178111
       -0.0005081012  -0.0008974301   0.0012721399   0.0011132204   0.0001613134
       -0.0002008621   0.0000401302  -0.0000952202  -0.0001463342  -0.0000386237
       -0.0000000697  -0.0002449960  -0.0000174886  -0.0000386317  -0.0004128501
       -0.0001032281  -0.0003611475   0.0001899303   0.0001004751  -0.0004994814
       -0.0001226346  -0.0008346915  -0.0000865282  -0.0002454536   0.0002287673
       -0.0008648416  -0.0006186582  -0.0012113295  -0.0000263765  -0.0005369687
       -0.0000630466   0.0000697378  -0.0003480591  -0.0001129658  -0.0000308460
       -0.0003221205   0.0001043963   0.0001002367  -0.0003525233   0.0001587601
        0.0039306871  -0.0293452933  -0.0297712967  -0.0182334506   0.0142385520
        0.0701323807   0.0255268307   0.0098346127  -0.0213912783  -0.0051453408
        0.0063235447  -0.0151656713  -0.0029306224   0.0016285013  -0.0016954719
       -0.0025245220  -0.0013842028  -0.0001745089  -0.0002175688  -0.0005847861
       -0.0000084385  -0.0008195876   0.0007783580  -0.0000613221   0.0001231939
       -0.0002260805  -0.0003952977   0.0002804698   0.0000777350  -0.0004368965
        0.0000966079   0.0000242865  -0.0003047010   0.0000535998   0.0002381546
       -0.0003094911  -0.0000588194  -0.0006430846   0.0000680945  -0.0001402282
       -0.0001049189  -0.0001971613   0.0008415855  -0.0004549280   0.0001681458
       -0.0009803136  -0.0008275958   0.0000949993   0.0001278551   0.0001899653
        0.0001238223  -0.0000046309   0.0000950348  -0.0001922039  -0.0000048910
        0.0000988650  -0.0002462540   0.0000791453   0.0000432802  -0.0002374496
        0.0002968232  -0.0044007565  -0.0029981028  -0.0464779308  -0.0174607836
        0.0255268307   0.0465818688   0.0220284685  -0.0222511915  -0.0022305277
        0.0005903555  -0.0015433347   0.0001549320   0.0001391758   0.0006835941
        0.0006055258  -0.0006561899   0.0004287073   0.0004104470  -0.0002334472
       -0.0001053630  -0.0000334425   0.0000411720  -0.0003166953   0.0000249427
        0.0000559318  -0.0001227531   0.0002442164  -0.0000093573  -0.0001114993
        0.0001810581  -0.0000767814  -0.0000159232   0.0001611360  -0.0001786090
        0.0001168640  -0.0000332574  -0.0000994663   0.0000869025   0.0000835782
        0.0000976532   0.0001408185   0.0002139630  -0.0001229105   0.0001393045
       -0.0003641045   0.0002740163   0.0001107872   0.0000636398  -0.0000540381
        0.0000253645  -0.0000001953  -0.0000551782   0.0000570903  -0.0000030870
        0.0000365907   0.0001540872   0.0001204141   0.0000841541  -0.0000054877
       -0.0041825132  -0.0035755389   0.0005542710  -0.0181640043  -0.0148172888
        0.0098346127   0.0220284685   0.0177086378  -0.0093727892  -0.0000694435
        0.0002079733  -0.0011630351  -0.0002075930   0.0001878275   0.0001121508
        0.0002616834  -0.0000219547   0.0001205594   0.0000858781  -0.0001739940
        0.0000353531   0.0000129147  -0.0001108634  -0.0002528922  -0.0001521393
        0.0000726822  -0.0000026106   0.0001011919   0.0002061299  -0.0000713522
        0.0001184335   0.0000837474  -0.0000688335   0.0000831305  -0.0000645928
        0.0000423843   0.0000503937  -0.0002068230   0.0000119379   0.0001224318
        0.0000059913   0.0001598308   0.0000829998  -0.0000755017  -0.0000721164
       -0.0001855117   0.0000236213   0.0001588777  -0.0000362875   0.0000858684
        0.0000540193  -0.0000672725   0.0001525535   0.0000373501   0.0000135148
        0.0001909416  -0.0000112284   0.0001037242   0.0001205830  -0.0001064895
       -0.0026116605   0.0006675109   0.0032646182   0.0253997831   0.0093695338
       -0.0213912783  -0.0222511915  -0.0093727892   0.0162452182  -0.0001303575
       -0.0006310788   0.0013985384  -0.0000932757  -0.0002877689  -0.0000359672
       -0.0001908882   0.0001529115   0.0000982428   0.0000502693   0.0001153668
       -0.0001518540  -0.0000818829   0.0000021756   0.0002200505   0.0000478569
        0.0000271817   0.0000969504  -0.0000065037  -0.0000499106   0.0002218933
       -0.0000823014   0.0000966171   0.0001880975  -0.0001200921   0.0000630224
       -0.0000571936   0.0000312015   0.0000155831  -0.0000173752  -0.0000861493
       -0.0001279625  -0.0000605410  -0.0001709707   0.0000388192  -0.0000818044
        0.0001392578  -0.0000429883  -0.0001816595   0.0000472680   0.0000203048
        0.0000518408   0.0001132632   0.0000451158   0.0001336507   0.0000685017
       -0.0000128475   0.0000486215  -0.0000721282  -0.0000887970   0.0000099508
        0.0008992588   0.0030976627   0.0013155252  -0.0055706731   0.0010830806
       -0.0051453408  -0.0022305277  -0.0000694435  -0.0001303575   0.3179608612
        0.0058828018   0.1025125420  -0.0707566619  -0.0376303678  -0.0823488654
       -0.1818303543   0.0258787202  -0.0081870406  -0.0343282776  -0.0067580169
        0.0021682768   0.0004399736   0.0046181166   0.0002412536  -0.0000320223
        0.0009662983   0.0016648155   0.0002524705   0.0001191432  -0.0005442777
        0.0008842912  -0.0000023279   0.0020787854  -0.0011925254  -0.0045129444
       -0.0005842021   0.0021526670   0.0023842869   0.0003141759  -0.0044786711
       -0.0003712645  -0.0028675003  -0.0214566437   0.0070848008  -0.0080196534
       -0.0002089481  -0.0009009132  -0.0010250072  -0.0000276881  -0.0001404687
       -0.0001372874  -0.0003756157  -0.0002732162  -0.0004831230  -0.0002190811
       -0.0000762869   0.0001601601   0.0001181678  -0.0003796612  -0.0009828792
        0.0012870498  -0.0017026620   0.0007673695   0.0047338514  -0.0078711881
        0.0063235447   0.0005903555   0.0002079733  -0.0006310788   0.0058828018
        0.1263721234   0.0445695654  -0.0305932451  -0.0706384428  -0.0429937744
        0.0156352391  -0.0497056338   0.0093355425  -0.0106865731   0.0019417342
       -0.0070080580  -0.0009674521  -0.0005405753  -0.0002197464   0.0005107918
        0.0006260643  -0.0004613489  -0.0002255967   0.0001956283  -0.0000368615
        0.0002295879   0.0002658998   0.0004727162  -0.0003065096  -0.0004164189
        0.0005912141   0.0106818105   0.0056556763   0.0027528167  -0.0254601964
       -0.0063651820  -0.0242582780   0.0298671524   0.0014569130   0.0110782894
       -0.0008705190  -0.0000746456  -0.0002300472  -0.0002438836   0.0000436709
       -0.0004164378  -0.0001924049   0.0000426682  -0.0001976346   0.0001120862
        0.0001638626   0.0001979607   0.0000156541   0.0003425344   0.0003642465
        0.0004976412   0.0012448512   0.0018328546  -0.0065515533   0.0052127200
       -0.0151656713  -0.0015433347  -0.0011630351   0.0013985384   0.1025125420
        0.0445695654   0.2418044659  -0.0642901754  -0.0472638493  -0.1615240948
       -0.0191425640   0.0136411238  -0.0329578712   0.0228760064   0.0011785225
        0.0049772499   0.0008046838   0.0002583385   0.0014863784  -0.0009498913
       -0.0006269571  -0.0001509301   0.0002225270  -0.0004559179   0.0002448376
        0.0001699700  -0.0003536433  -0.0014077444   0.0007082939   0.0012973576
       -0.0004970662  -0.0249390662  -0.0060252532  -0.0282856775  -0.0093461503
       -0.0085281593  -0.0098383579  -0.0024271415  -0.0026572577  -0.0023333774
        0.0004283813  -0.0003747876  -0.0003414671   0.0000321150  -0.0000982921
        0.0000801782   0.0003708786   0.0000630304   0.0003811432   0.0002717571
        0.0000629075   0.0001314170   0.0002950806   0.0000187357   0.0001651949
       -0.0007226380  -0.0001440191  -0.0007512919  -0.0017621376   0.0014168380
       -0.0029306224   0.0001549320  -0.0002075930  -0.0000932757  -0.0707566619
       -0.0305932451  -0.0642901754   0.2460366514   0.0076185962  -0.1010271103
       -0.0789529727   0.0557360871   0.0901073234  -0.0088710207   0.0026958651
        0.0178928849   0.0001552470   0.0009487279  -0.0009519691  -0.0004275467
       -0.0001071889  -0.0004538474   0.0001155419   0.0003497993  -0.0000359915
       -0.0011518699  -0.0001816840   0.0003265672   0.0007262253  -0.0010662070
        0.0014259192  -0.0482949015  -0.0343198130   0.0506185657  -0.0329354081
       -0.0085212320   0.0017906263  -0.0037010688   0.0058920646   0.0069151088
       -0.0000112075   0.0002636910   0.0006548027   0.0000175598   0.0000494281
       -0.0000161939   0.0001819477   0.0001123269   0.0002683000  -0.0000123295
       -0.0000453374   0.0002194711   0.0002116579   0.0001028953   0.0003309083
        0.0001033181  -0.0007736284  -0.0000527252  -0.0000718316   0.0015344133
        0.0016285013   0.0001391758   0.0001878275  -0.0002877689  -0.0376303678
       -0.0706384428  -0.0472638493   0.0076185962   0.5838778292   0.0261494272
        0.0657813784  -0.0955592936  -0.0699900182   0.0028152773   0.0090829540
        0.0099246811  -0.0004527450  -0.0014061577   0.0011116848   0.0000622561
        0.0000358397  -0.0003758576  -0.0001228238   0.0001990447   0.0002168530
       -0.0006253143   0.0000799591  -0.0002664581  -0.0012024001  -0.0006805033
        0.0008097423  -0.0337816114  -0.1170483917   0.1099883175  -0.0041862407
       -0.2940122203  -0.0087582739   0.0022060651  -0.0142617001  -0.0250829677
       -0.0005630295  -0.0007512769   0.0019673483   0.0001005851   0.0000529851
        0.0002378053   0.0000820890   0.0001216878   0.0001583807  -0.0001367134
       -0.0000171197  -0.0000113056  -0.0001356632  -0.0000238059  -0.0001035170
       -0.0002518373  -0.0005472780  -0.0004130053  -0.0011152229   0.0009901361
       -0.0016954719   0.0006835941   0.0001121508  -0.0000359672  -0.0823488654
       -0.0429937744  -0.1615240948  -0.1010271103   0.0261494272   0.5822416421
        0.1181352133  -0.0801047052  -0.1539028315   0.0039479833  -0.0055395094
       -0.0185535374  -0.0001848761  -0.0009651676  -0.0001440650   0.0008365806
       -0.0000419555   0.0003620399   0.0000741432  -0.0001866363  -0.0000470857
        0.0013072751   0.0004360025   0.0004890269  -0.0001194707   0.0013546656
       -0.0019452277   0.0557610133   0.1131696715  -0.2049199756   0.0037683645
       -0.0131033820  -0.0406722437   0.0010610789   0.0009367256   0.0018506061
        0.0001102306   0.0004172486  -0.0006159077  -0.0001018836  -0.0001226018
       -0.0000552908  -0.0002636148  -0.0001376183  -0.0002483140   0.0000319114
        0.0000863807  -0.0000679941  -0.0003045074   0.0000902199  -0.0001023026
       -0.0004794871  -0.0005958701  -0.0002962373  -0.0022620003   0.0024398378
       -0.0025245220   0.0006055258   0.0002616834  -0.0001908882  -0.1818303543
        0.0156352391  -0.0191425640  -0.0789529727   0.0657813784   0.1181352133
        0.4281746050  -0.0955370140  -0.1727649409  -0.0938795941  -0.0336194745
        0.0527501110   0.0020069204  -0.0101798171   0.0001756287   0.0043640443
        0.0027756194   0.0005518510  -0.0011720258  -0.0003399148   0.0009856750
       -0.0002376238   0.0042264080   0.0028442781  -0.0225744993  -0.0047723239
        0.0224144029  -0.0057360105   0.0031668529   0.0019635346  -0.0000844034
       -0.0008001619  -0.0004524818  -0.0456122418   0.0528874087  -0.0032827020
       -0.0008291929   0.0006661559  -0.0006857187   0.0003148372   0.0004307422
       -0.0001396881  -0.0004287061  -0.0002506538  -0.0005876351  -0.0005454578
       -0.0005154423   0.0005868263  -0.0008413627  -0.0016606535  -0.0003401428
        0.0001057061  -0.0004389061   0.0001612202   0.0001094871   0.0011846346
       -0.0013842028  -0.0006561899  -0.0000219547   0.0001529115   0.0258787202
       -0.0497056338   0.0136411238   0.0557360871  -0.0955592936  -0.0801047052
       -0.0955370140   0.5543492978  -0.0330861064  -0.0431103326  -0.1088937272
        0.0576229040  -0.0161640797  -0.0206839000   0.0207562810   0.0030673473
       -0.0049388124   0.0021575516   0.0000959536  -0.0005415807   0.0000931169
        0.0034911379   0.0002950137  -0.0004627836   0.0045323157   0.0065485223
       -0.0051529269  -0.0130938946   0.0038136486   0.0037341938   0.0240407708
       -0.0112738026  -0.0107116922   0.0510365045  -0.2738725575   0.0352725533
       -0.0005467268   0.0004243346  -0.0005123653  -0.0005881853  -0.0007556783
        0.0010964487  -0.0001412263  -0.0001733508  -0.0003658148   0.0005183694
        0.0000680255  -0.0006419773   0.0012252495   0.0001757206  -0.0022657303
        0.0001047362  -0.0003483760   0.0000049213  -0.0019183883   0.0010693227
       -0.0001745089   0.0004287073   0.0001205594   0.0000982428  -0.0081870406
        0.0093355425  -0.0329578712   0.0901073234  -0.0699900182  -0.1539028315
       -0.1727649409  -0.0330861064   0.3804739929   0.0542067668   0.0507362515
       -0.1192413442   0.0035165510   0.0132054256  -0.0092454458   0.0015023355
        0.0023840644   0.0051365619   0.0004627894   0.0005165038  -0.0010193861
        0.0043900250  -0.0007181400   0.0046159406   0.0177546610   0.0038368557
       -0.0133558189   0.0191409273  -0.0089208388  -0.0120888901   0.0008557244
       -0.0037994383  -0.0026110872  -0.0059521888   0.0365182427  -0.0415387768
       -0.0009127943  -0.0011705901  -0.0013563099   0.0002089421   0.0001083552
       -0.0000433503  -0.0009960933  -0.0003736017  -0.0010659848   0.0000905420
        0.0003238151  -0.0005549095  -0.0020385849   0.0002521708  -0.0011731442
       -0.0004448267  -0.0001692893  -0.0000667883  -0.0009470978   0.0005155055
       -0.0002175688   0.0004104470   0.0000858781   0.0000502693  -0.0343282776
       -0.0106865731   0.0228760064  -0.0088710207   0.0028152773   0.0039479833
       -0.0938795941  -0.0431103326   0.0542067668   0.4576314469  -0.1009966680
       -0.2126040736  -0.0840319070   0.0229689050   0.0201199324   0.0297461634
       -0.0133295475  -0.0184737582  -0.0201667400   0.0302409332  -0.0004119449
       -0.0385076705  -0.0324825946   0.0433081063  -0.2039378426   0.1168568204
        0.0800185415   0.0004627642  -0.0005402399  -0.0003619356   0.0001057671
        0.0000996110  -0.0000355223   0.0036421634   0.0020830464  -0.0022860252
       -0.0050456145   0.0210124843  -0.0037228239   0.0013809931  -0.0009471553
        0.0057865497   0.0001362133   0.0006121971  -0.0003225153   0.0013650499
       -0.0006987592   0.0056265538  -0.0047204168   0.0056705013   0.0025622465
        0.0001378744  -0.0001010918   0.0002710774   0.0009597045   0.0002178111
       -0.0005847861  -0.0002334472  -0.0001739940   0.0001153668  -0.0067580169
        0.0019417342   0.0011785225   0.0026958651   0.0090829540  -0.0055395094
       -0.0336194745  -0.1088937272   0.0507362515  -0.1009966680   0.5975618564
       -0.0931067484   0.0714677732  -0.2831760041   0.0292560761  -0.0564971835
       -0.0316704849   0.0571981195   0.0303586022  -0.0447207037  -0.0095769280
        0.0110633497   0.0528363280  -0.0287130558   0.0637199145  -0.1418913322
       -0.0161514297   0.0021187640  -0.0009134999  -0.0007040730   0.0000210275
        0.0002409729  -0.0005082434  -0.0116427763  -0.0179130391   0.0173701634
        0.0062883958  -0.0147747479   0.0018921931  -0.0005430280   0.0003527467
        0.0035528888   0.0006886629  -0.0002966089  -0.0003573215  -0.0010804373
        0.0001439019   0.0038548861   0.0218510979  -0.0178530716  -0.0101834500
        0.0003415871   0.0001536082   0.0000052476  -0.0005701402  -0.0005081012
       -0.0000084385  -0.0001053630   0.0000353531  -0.0001518540   0.0021682768
       -0.0070080580   0.0049772499   0.0178928849   0.0099246811  -0.0185535374
        0.0527501110   0.0576229040  -0.1192413442  -0.2126040736  -0.0931067484
        0.3418545934   0.0005558541   0.0707634034  -0.0774425371  -0.0021343854
        0.0228570520  -0.0066555597  -0.0006047991  -0.0094744105  -0.0021202982
        0.0262535779   0.0057344467  -0.0233648636   0.1012344170  -0.0586767098
       -0.1068062759   0.0033892195  -0.0010612139  -0.0007610441  -0.0012219366
        0.0004576547   0.0004485646   0.0025676243   0.0040254763  -0.0029932959
        0.0025506954  -0.0113735068   0.0033204332   0.0057713683   0.0037909461
        0.0020935130  -0.0002563431  -0.0003245482   0.0005274490   0.0057155975
        0.0035630561   0.0021474028  -0.0036941728   0.0026047150   0.0027245953
        0.0001935367   0.0000191645   0.0001304330  -0.0009169056  -0.0008974301
       -0.0008195876  -0.0000334425   0.0000129147  -0.0000818829   0.0004399736
       -0.0009674521   0.0008046838   0.0001552470  -0.0004527450  -0.0001848761
        0.0020069204  -0.0161640797   0.0035165510  -0.0840319070   0.0714677732
        0.0005558541   0.4576378330  -0.0915298351  -0.2460024947  -0.1557213916
       -0.0852597700   0.1199239390  -0.0382967892   0.0118480774   0.0275113822
       -0.0032698725  -0.0146000951   0.0041658167   0.0002961849   0.0249150241
       -0.0079875052  -0.0003380182   0.0002983435   0.0001013907  -0.0001189148
       -0.0004487532   0.0008866967  -0.0013357177  -0.0020200036   0.0029190684
       -0.1782206280   0.0954042010   0.0865524965   0.0026414742   0.0014509234
       -0.0020348707  -0.0006762642   0.0035585805   0.0054198867   0.0003795386
       -0.0005371705  -0.0003948731  -0.0007908570   0.0039023321   0.0050178914
       -0.0004657902  -0.0000942180  -0.0001618719   0.0006968884   0.0012721399
        0.0007783580   0.0000411720  -0.0001108634   0.0000021756   0.0046181166
       -0.0005405753   0.0002583385   0.0009487279  -0.0014061577  -0.0009651676
       -0.0101798171  -0.0206839000   0.0132054256   0.0229689050  -0.2831760041
        0.0707634034  -0.0915298351   0.5931813749  -0.1057767048  -0.0283185331
       -0.1453468161   0.0603120484  -0.0317767597   0.0544018167   0.0054622345
       -0.0152357470  -0.0442504244   0.0269618046   0.0652502077  -0.0314304796
       -0.0395726275  -0.0000127683  -0.0001283436  -0.0000161609   0.0003341922
       -0.0000055676  -0.0009154542  -0.0009762479  -0.0012314253   0.0015504097
        0.0931145925  -0.1037971085  -0.0516089845  -0.0160271735  -0.0164267212
        0.0192714160   0.0037132770   0.0001639493  -0.0000536359  -0.0005467599
       -0.0002618214   0.0003498700   0.0033833523  -0.0001288546   0.0001551230
       -0.0007860879   0.0002591769   0.0002553539   0.0008476834   0.0011132204
       -0.0000613221  -0.0003166953  -0.0002528922   0.0002200505   0.0002412536
       -0.0002197464   0.0014863784  -0.0009519691   0.0011116848  -0.0001440650
        0.0001756287   0.0207562810  -0.0092454458   0.0201199324   0.0292560761
       -0.0774425371  -0.2460024947  -0.1057767048   0.3571584801   0.1000955137
        0.1069284098  -0.1695440693   0.0443174972  -0.0293158550  -0.0224174089
        0.0041891496   0.0270120198  -0.0188737446  -0.0242439055  -0.0074325684
        0.0240151893   0.0002114257   0.0001833285   0.0000949154  -0.0000782264
        0.0007956638  -0.0006641866   0.0025747930   0.0025297302  -0.0016906451
        0.0849522484  -0.0523307189  -0.0846962216   0.0044311618   0.0052447701
       -0.0049623755   0.0053346332   0.0000580908   0.0034217972  -0.0003958789
        0.0004024173  -0.0001693142   0.0052843369  -0.0003223840   0.0032591712
       -0.0003591452   0.0001490775   0.0000017940   0.0000475713   0.0001613134
        0.0001231939   0.0000249427  -0.0001521393   0.0000478569  -0.0000320223
        0.0005107918  -0.0009498913  -0.0004275467   0.0000622561   0.0008365806
        0.0043640443   0.0030673473   0.0015023355   0.0297461634  -0.0564971835
       -0.0021343854  -0.1557213916  -0.0283185331   0.1000955137   0.4481012954
       -0.0917832068  -0.2294085649  -0.2087923258   0.0586073153   0.1044256068
        0.0012706559   0.0693074053  -0.0262463179  -0.0418734581  -0.0017816953
        0.0293481011   0.0000342724   0.0000266221  -0.0000251280  -0.0002350610
        0.0000344038  -0.0000757696   0.0001315281   0.0005110661  -0.0002302619
       -0.0149112962  -0.0095030162   0.0158202572  -0.0496085408   0.0459601011
       -0.0059398508  -0.0148699103   0.0075170918   0.0097957224   0.0034588492
        0.0023269494   0.0028810680  -0.0003486247  -0.0002059668   0.0001321396
        0.0003664723  -0.0001949755  -0.0000061642  -0.0004690255  -0.0002008621
       -0.0002260805   0.0000559318   0.0000726822   0.0000271817   0.0009662983
        0.0006260643  -0.0006269571  -0.0001071889   0.0000358397  -0.0000419555
        0.0027756194  -0.0049388124   0.0023840644  -0.0133295475  -0.0316704849
        0.0228570520  -0.0852597700  -0.1453468161   0.1069284098  -0.0917832068
        0.6223889362  -0.1185750429   0.1177396380  -0.1435784884  -0.0585377884
        0.0258603653  -0.0317617128  -0.0079511687  -0.0018291555   0.0029738406
       -0.0017931370   0.0000529293   0.0000833700  -0.0000516828  -0.0001114853
       -0.0000300518   0.0002749782  -0.0007103349  -0.0009164725   0.0008743342
        0.0075093659   0.0063742457  -0.0084541086   0.0460009688  -0.2760011246
        0.0542041541  -0.0101577043   0.0062264279   0.0060814904   0.0026552824
       -0.0048658467   0.0028493497  -0.0002254530   0.0007242410  -0.0002169288
        0.0001665624   0.0000742320  -0.0000656102   0.0006218272   0.0000401302
       -0.0003952977  -0.0001227531  -0.0000026106   0.0000969504   0.0016648155
       -0.0004613489  -0.0001509301  -0.0004538474  -0.0003758576   0.0003620399
        0.0005518510   0.0021575516   0.0051365619  -0.0184737582   0.0571981195
       -0.0066555597   0.1199239390   0.0603120484  -0.1695440693  -0.2294085649
       -0.1185750429   0.3503131630   0.0823022193  -0.0116924817  -0.1111749922
       -0.0096805493  -0.0426007783   0.0255005450   0.0297481517  -0.0016453558
       -0.0284326256  -0.0002381987   0.0001596312   0.0001102622   0.0001143111
       -0.0001724800   0.0000037576   0.0000871903   0.0001127311  -0.0002241221
        0.0102823303   0.0059311209  -0.0087013111  -0.0063557722   0.0546790825
       -0.0513028367   0.0164723163  -0.0080127226  -0.0092523459   0.0026492484
        0.0030681429   0.0046327702   0.0001486815  -0.0001941119  -0.0002563495
        0.0000964551  -0.0001081418  -0.0002054171  -0.0003868967  -0.0000952202
        0.0002804698   0.0002442164   0.0001011919  -0.0000065037   0.0002524705
       -0.0002255967   0.0002225270   0.0001155419  -0.0001228238   0.0000741432
       -0.0011720258   0.0000959536   0.0004627894  -0.0201667400   0.0303586022
       -0.0006047991  -0.0382967892  -0.0317767597   0.0443174972  -0.2087923258
        0.1177396380   0.0823022193   0.4588007552  -0.0771169818  -0.2409229306
       -0.0873919048   0.0180830502   0.0232039625   0.0317205170  -0.0126378544
       -0.0195608739  -0.0000927579  -0.0000972691   0.0000018106   0.0001083823
       -0.0001778242  -0.0001353334   0.0001159537   0.0000529136  -0.0001084185
        0.0014929164  -0.0007560936   0.0056080510  -0.0048990213   0.0046809042
        0.0026086939  -0.1276083600  -0.0694871206   0.1002652747  -0.0052822993
        0.0226372106  -0.0037128213   0.0011419122  -0.0011477786   0.0059096590
       -0.0000269196   0.0000910625  -0.0000335547  -0.0000621205  -0.0001463342
        0.0000777350  -0.0000093573   0.0002061299  -0.0000499106   0.0001191432
        0.0001956283  -0.0004559179   0.0003497993   0.0001990447  -0.0001866363
       -0.0003399148  -0.0005415807   0.0005165038   0.0302409332  -0.0447207037
       -0.0094744105   0.0118480774   0.0544018167  -0.0293158550   0.0586073153
       -0.1435784884  -0.0116924817  -0.0771169818   0.6007478134  -0.1229156873
        0.0770916472  -0.3008508660   0.0356009690  -0.0569515511  -0.0329852785
        0.0581923989   0.0001327451   0.0000692634  -0.0000740916  -0.0001370750
        0.0001087231   0.0000234658   0.0000741735   0.0003121489  -0.0000756081
       -0.0009652421   0.0000716234   0.0036509288   0.0222697495  -0.0158021699
       -0.0111197015  -0.0695198426  -0.1020741784   0.0812854257   0.0050938881
       -0.0158659522   0.0025135023  -0.0006984673   0.0001622977   0.0035329258
        0.0001448913   0.0000821845   0.0000808489  -0.0000082382  -0.0000386237
       -0.0004368965  -0.0001114993  -0.0000713522   0.0002218933  -0.0005442777
       -0.0000368615   0.0002448376  -0.0000359915   0.0002168530  -0.0000470857
        0.0009856750   0.0000931169  -0.0010193861  -0.0004119449  -0.0095769280
       -0.0021202982   0.0275113822   0.0054622345  -0.0224174089   0.1044256068
       -0.0585377884  -0.1111749922  -0.2409229306  -0.1229156873   0.3605168628
        0.0008062455   0.0827306640  -0.0816549280  -0.0028979390   0.0230521883
       -0.0054207099   0.0000658654  -0.0000024355   0.0000128331  -0.0000332326
        0.0000501074   0.0000757870  -0.0001001046  -0.0001552484   0.0001330386
        0.0057324486   0.0034888987   0.0019829063  -0.0037874431   0.0026826860
        0.0030698552   0.1003399286   0.0812795638  -0.1469982500   0.0030626018
       -0.0116509578   0.0029649051   0.0057789564   0.0038473859   0.0019861877
        0.0001305172  -0.0001322913  -0.0000028566  -0.0003950318  -0.0000000697
        0.0000966079   0.0001810581   0.0001184335  -0.0000823014   0.0008842912
        0.0002295879   0.0001699700  -0.0011518699  -0.0006253143   0.0013072751
       -0.0002376238   0.0034911379   0.0043900250  -0.0385076705   0.0110633497
        0.0262535779  -0.0032698725  -0.0152357470   0.0041891496   0.0012706559
        0.0258603653  -0.0096805493  -0.0873919048   0.0770916472   0.0008062455
        0.4692738340  -0.1018408334  -0.2392982701  -0.1568113937  -0.0834812792
        0.1177888379  -0.0003142315   0.0000586870   0.0000550151   0.0000633693
       -0.0001190301  -0.0000753535  -0.0000283591   0.0002219007  -0.0001008943
        0.0002101825  -0.0004165232  -0.0002843925  -0.0006656790   0.0038699491
        0.0051970293   0.0026339450  -0.0162548152   0.0047554022  -0.1888953435
        0.0943997749   0.0868883852   0.0030211268   0.0017010702  -0.0023729030
        0.0000984541   0.0000522806  -0.0000769791  -0.0000089279  -0.0002449960
        0.0000242865  -0.0000767814   0.0000837474   0.0000966171  -0.0000023279
        0.0002658998  -0.0003536433  -0.0001816840   0.0000799591   0.0004360025
        0.0042264080   0.0002950137  -0.0007181400  -0.0324825946   0.0528363280
        0.0057344467  -0.0146000951  -0.0442504244   0.0270120198   0.0693074053
       -0.0317617128  -0.0426007783   0.0180830502  -0.3008508660   0.0827306640
       -0.1018408334   0.6016369458  -0.1029010094  -0.0252972215  -0.1432299804
        0.0559855181  -0.0002026931  -0.0000226014   0.0000913317   0.0001015782
       -0.0000946282  -0.0000729340   0.0001889501  -0.0001617859  -0.0001252997
       -0.0004291279  -0.0001477070   0.0003293545   0.0035863294  -0.0000182931
       -0.0000606060   0.0013984711  -0.0158236239   0.0052477578   0.0942385151
       -0.1019508654  -0.0501856856  -0.0161068747  -0.0166926899   0.0194070765
        0.0000255949   0.0000683428   0.0000627220  -0.0000089527  -0.0000174886
       -0.0003047010  -0.0000159232  -0.0000688335   0.0001880975   0.0020787854
        0.0004727162  -0.0014077444   0.0003265672  -0.0002664581   0.0004890269
        0.0028442781  -0.0004627836   0.0046159406   0.0433081063  -0.0287130558
       -0.0233648636   0.0041658167   0.0269618046  -0.0188737446  -0.0262463179
       -0.0079511687   0.0255005450   0.0232039625   0.0356009690  -0.0816549280
       -0.2392982701  -0.1029010094   0.3504639289   0.0954824828   0.1024425627
       -0.1639235258  -0.0000811321   0.0001232181   0.0000282565  -0.0000830729
        0.0000936615   0.0000905184  -0.0001002589  -0.0000034578   0.0001006874
       -0.0002270154   0.0002946099  -0.0001339250   0.0053815012  -0.0001251016
        0.0036358962  -0.0020155559   0.0193652618  -0.0050553332   0.0869480111
       -0.0502056193  -0.0857511347   0.0043113931   0.0052918298  -0.0047057192
        0.0000259402  -0.0001216644  -0.0000868886  -0.0002835059  -0.0000386317
        0.0000535998   0.0001611360   0.0000831305  -0.0001200921  -0.0011925254
       -0.0003065096   0.0007082939   0.0007262253  -0.0012024001  -0.0001194707
       -0.0225744993   0.0045323157   0.0177546610  -0.2039378426   0.0637199145
        0.1012344170   0.0002961849   0.0652502077  -0.0242439055  -0.0418734581
       -0.0018291555   0.0297481517   0.0317205170  -0.0569515511  -0.0028979390
       -0.1568113937  -0.0252972215   0.0954824828   0.4517637159  -0.0880425156
       -0.2333909269  -0.0001583047   0.0002997904  -0.0001243539  -0.0002022211
        0.0001836284   0.0000556493   0.0005591947   0.0011244120  -0.0011844560
        0.0032757254   0.0019322276   0.0026995884  -0.0003143984  -0.0001072159
        0.0003691502   0.0034255845   0.0024716543   0.0027789905  -0.0154725437
       -0.0095738608   0.0165568691  -0.0491335308   0.0438734453  -0.0052738209
        0.0001340435   0.0001148993  -0.0000536931   0.0004338602  -0.0004128501
        0.0002381546  -0.0001786090  -0.0000645928   0.0000630224  -0.0045129444
       -0.0004164189   0.0012973576  -0.0010662070  -0.0006805033   0.0013546656
       -0.0047723239   0.0065485223   0.0038368557   0.1168568204  -0.1418913322
       -0.0586767098   0.0249150241  -0.0314304796  -0.0074325684  -0.0017816953
        0.0029738406  -0.0016453558  -0.0126378544  -0.0329852785   0.0230521883
       -0.0834812792  -0.1432299804   0.1024425627  -0.0880425156   0.6147571778
       -0.1164954752  -0.0004711962   0.0000778851   0.0000639153   0.0000729614
       -0.0003192197   0.0000963988  -0.0022765962   0.0008754254   0.0013427320
        0.0021024941  -0.0045314574   0.0026614158  -0.0002122942   0.0008586197
       -0.0001885853   0.0022241333  -0.0046649415   0.0031101039   0.0080284991
        0.0061332863  -0.0085104783   0.0446656794  -0.2717126020   0.0534434932
        0.0001073950  -0.0000992814   0.0000454667  -0.0002997546  -0.0001032281
       -0.0003094911   0.0001168640   0.0000423843  -0.0000571936  -0.0005842021
        0.0005912141  -0.0004970662   0.0014259192   0.0008097423  -0.0019452277
        0.0224144029  -0.0051529269  -0.0133558189   0.0800185415  -0.0161514297
       -0.1068062759  -0.0079875052  -0.0395726275   0.0240151893   0.0293481011
       -0.0017931370  -0.0284326256  -0.0195608739   0.0581923989  -0.0054207099
        0.1177888379   0.0559855181  -0.1639235258  -0.2333909269  -0.1164954752
        0.3481359089   0.0003836440  -0.0002866484  -0.0000618306   0.0000319283
        0.0000398956  -0.0001046443   0.0000977616  -0.0013223762   0.0000873386
        0.0024725570   0.0029375205   0.0038872249   0.0002509578  -0.0002623987
       -0.0003289000   0.0028612802   0.0029594531   0.0046228171   0.0098785007
        0.0056051901  -0.0093310020  -0.0053734284   0.0540762121  -0.0502196339
       -0.0000343829   0.0000887515   0.0001668853   0.0005117711  -0.0003611475
       -0.0000588194  -0.0000332574   0.0000503937   0.0000312015   0.0021526670
        0.0106818105  -0.0249390662  -0.0482949015  -0.0337816114   0.0557610133
       -0.0057360105  -0.0130938946   0.0191409273   0.0004627642   0.0021187640
        0.0033892195  -0.0003380182  -0.0000127683   0.0002114257   0.0000342724
        0.0000529293  -0.0002381987  -0.0000927579   0.0001327451   0.0000658654
       -0.0003142315  -0.0002026931  -0.0000811321  -0.0001583047  -0.0004711962
        0.0003836440   0.0508417927   0.0354788539  -0.0538416109   0.0010146838
       -0.0000357445   0.0008910703  -0.0000922544  -0.0006841185  -0.0009291320
        0.0000177971   0.0000964322  -0.0000509894   0.0000131023   0.0000104936
       -0.0000045105   0.0000390940   0.0000042597   0.0000262942  -0.0000455194
       -0.0000475018   0.0000239484   0.0000516938  -0.0000247575   0.0000519643
        0.0001458388  -0.0000252889   0.0002517456  -0.0000769291   0.0001899303
       -0.0006430846  -0.0000994663  -0.0002068230   0.0000155831   0.0023842869
        0.0056556763  -0.0060252532  -0.0343198130  -0.1170483917   0.1131696715
        0.0031668529   0.0038136486  -0.0089208388  -0.0005402399  -0.0009134999
       -0.0010612139   0.0002983435  -0.0001283436   0.0001833285   0.0000266221
        0.0000833700   0.0001596312  -0.0000972691   0.0000692634  -0.0000024355
        0.0000586870  -0.0000226014   0.0001232181   0.0002997904   0.0000778851
       -0.0002866484   0.0354788539   0.1228930816  -0.1177533114  -0.0069911083
       -0.0152268201   0.0215968957   0.0005890099   0.0004174376  -0.0005329825
       -0.0002005258   0.0003126761  -0.0002324003   0.0000040881   0.0000298865
       -0.0000060803  -0.0000458040  -0.0000132312  -0.0000192757   0.0000008480
        0.0000021964  -0.0000108487  -0.0000820659   0.0000399479  -0.0000057005
       -0.0000317272  -0.0001396172   0.0001044745   0.0002173283   0.0001004751
        0.0000680945   0.0000869025   0.0000119379  -0.0000173752   0.0003141759
        0.0027528167  -0.0282856775   0.0506185657   0.1099883175  -0.2049199756
        0.0019635346   0.0037341938  -0.0120888901  -0.0003619356  -0.0007040730
       -0.0007610441   0.0001013907  -0.0000161609   0.0000949154  -0.0000251280
       -0.0000516828   0.0001102622   0.0000018106  -0.0000740916   0.0000128331
        0.0000550151   0.0000913317   0.0000282565  -0.0001243539   0.0000639153
       -0.0000618306  -0.0538416109  -0.1177533114   0.2441374955   0.0008571567
        0.0017057105   0.0014068071   0.0002062862   0.0003597482   0.0002893181
        0.0000436092  -0.0000671495  -0.0000851659  -0.0000179606  -0.0000126435
        0.0000247462  -0.0000143856   0.0000037413  -0.0000090466  -0.0000048331
        0.0000034338  -0.0000022520  -0.0000438407   0.0000031079  -0.0000459453
       -0.0003834869   0.0000179752   0.0001309396  -0.0000071897  -0.0004994814
       -0.0001402282   0.0000835782   0.0001224318  -0.0000861493  -0.0044786711
       -0.0254601964  -0.0093461503  -0.0329354081  -0.0041862407   0.0037683645
       -0.0000844034   0.0240407708   0.0008557244   0.0001057671   0.0000210275
       -0.0012219366  -0.0001189148   0.0003341922  -0.0000782264  -0.0002350610
       -0.0001114853   0.0001143111   0.0001083823  -0.0001370750  -0.0000332326
        0.0000633693   0.0001015782  -0.0000830729  -0.0002022211   0.0000729614
        0.0000319283   0.0010146838  -0.0069911083   0.0008571567   0.0361008222
        0.0112144620   0.0008735538   0.0002038222   0.0019301399   0.0040144899
        0.0006004224  -0.0003987533   0.0005106907   0.0000097981   0.0000058278
       -0.0000333884   0.0000197431   0.0000046960  -0.0000344458   0.0000279852
        0.0000062039  -0.0000398884   0.0001069820  -0.0000879264  -0.0000604400
       -0.0000141328   0.0001128400   0.0003125158  -0.0001710262  -0.0001226346
       -0.0001049189   0.0000976532   0.0000059913  -0.0001279625  -0.0003712645
       -0.0063651820  -0.0085281593  -0.0085212320  -0.2940122203  -0.0131033820
       -0.0008001619  -0.0112738026  -0.0037994383   0.0000996110   0.0002409729
        0.0004576547  -0.0004487532  -0.0000055676   0.0007956638   0.0000344038
       -0.0000300518  -0.0001724800  -0.0001778242   0.0001087231   0.0000501074
       -0.0001190301  -0.0000946282   0.0000936615   0.0001836284  -0.0003192197
        0.0000398956  -0.0000357445  -0.0152268201   0.0017057105   0.0112144620
        0.3262910057   0.0223480631  -0.0006830382   0.0003435316  -0.0009397275
       -0.0001078771   0.0004341916   0.0008297302  -0.0000549578  -0.0000638804
        0.0000366654  -0.0000074997  -0.0000290031   0.0000108337  -0.0000361577
       -0.0000463292   0.0000432191  -0.0000810584   0.0000520831   0.0000523476
       -0.0000786919   0.0003112139  -0.0001575729  -0.0003319237  -0.0008346915
       -0.0001971613   0.0001408185   0.0001598308  -0.0000605410  -0.0028675003
       -0.0242582780  -0.0098383579   0.0017906263  -0.0087582739  -0.0406722437
       -0.0004524818  -0.0107116922  -0.0026110872  -0.0000355223  -0.0005082434
        0.0004485646   0.0008866967  -0.0009154542  -0.0006641866  -0.0000757696
        0.0002749782   0.0000037576  -0.0001353334   0.0000234658   0.0000757870
       -0.0000753535  -0.0000729340   0.0000905184   0.0000556493   0.0000963988
       -0.0001046443   0.0008910703   0.0215968957   0.0014068071   0.0008735538
        0.0223480631   0.0551879544  -0.0004321021  -0.0004092695  -0.0011585248
        0.0001035645   0.0015617434  -0.0017781006  -0.0000395457   0.0000056320
       -0.0000158872  -0.0000889229   0.0000012213  -0.0000067698  -0.0000294971
       -0.0000032991   0.0000131681  -0.0000993351   0.0000926929   0.0000385203
       -0.0000145526  -0.0000295628  -0.0001342342  -0.0000354997  -0.0000865282
        0.0008415855   0.0002139630   0.0000829998  -0.0001709707  -0.0214566437
        0.0298671524  -0.0024271415  -0.0037010688   0.0022060651   0.0010610789
       -0.0456122418   0.0510365045  -0.0059521888   0.0036421634  -0.0116427763
        0.0025676243  -0.0013357177  -0.0009762479   0.0025747930   0.0001315281
       -0.0007103349   0.0000871903   0.0001159537   0.0000741735  -0.0001001046
       -0.0000283591   0.0001889501  -0.0001002589   0.0005591947  -0.0022765962
        0.0000977616  -0.0000922544   0.0005890099   0.0002062862   0.0002038222
       -0.0006830382  -0.0004321021   0.0684125562  -0.0681762224   0.0012748231
       -0.0001530782   0.0001231545  -0.0000516011  -0.0002088650  -0.0001199640
        0.0000864826  -0.0000011881   0.0000734089  -0.0000066205  -0.0000083646
        0.0000262651   0.0000241667  -0.0006313477   0.0004335874   0.0005534301
        0.0001651228   0.0000639617   0.0003119296  -0.0001357741  -0.0002454536
       -0.0004549280  -0.0001229105  -0.0000755017   0.0000388192   0.0070848008
        0.0014569130  -0.0026572577   0.0058920646  -0.0142617001   0.0009367256
        0.0528874087  -0.2738725575   0.0365182427   0.0020830464  -0.0179130391
        0.0040254763  -0.0020200036  -0.0012314253   0.0025297302   0.0005110661
       -0.0009164725   0.0001127311   0.0000529136   0.0003121489  -0.0001552484
        0.0002219007  -0.0001617859  -0.0000034578   0.0011244120   0.0008754254
       -0.0013223762  -0.0006841185   0.0004174376   0.0003597482   0.0019301399
        0.0003435316  -0.0004092695  -0.0681762224   0.3041563831  -0.0399123403
       -0.0001640309   0.0003619171  -0.0000671296  -0.0001909535  -0.0001085761
        0.0001296060  -0.0000227802   0.0000519778  -0.0000398875   0.0000800210
        0.0000927096  -0.0000961076  -0.0005161027   0.0006541060   0.0001549937
        0.0000210524  -0.0002455341   0.0000998889  -0.0000619018   0.0002287673
        0.0001681458   0.0001393045  -0.0000721164  -0.0000818044  -0.0080196534
        0.0110782894  -0.0023333774   0.0069151088  -0.0250829677   0.0018506061
       -0.0032827020   0.0352725533  -0.0415387768  -0.0022860252   0.0173701634
       -0.0029932959   0.0029190684   0.0015504097  -0.0016906451  -0.0002302619
        0.0008743342  -0.0002241221  -0.0001084185  -0.0000756081   0.0001330386
       -0.0001008943  -0.0001252997   0.0001006874  -0.0011844560   0.0013427320
        0.0000873386  -0.0009291320  -0.0005329825   0.0002893181   0.0040144899
       -0.0009397275  -0.0011585248   0.0012748231  -0.0399123403   0.0478531549
        0.0000497327  -0.0001795880  -0.0000793543   0.0001016683   0.0000822026
       -0.0002997175   0.0000047769  -0.0000877436   0.0000094953  -0.0000204346
       -0.0000571538   0.0000582383   0.0007838548  -0.0004883902  -0.0002502936
       -0.0036618682   0.0017649740   0.0011945744  -0.0001967270  -0.0008648416
       -0.0009803136  -0.0003641045  -0.0001855117   0.0001392578  -0.0002089481
       -0.0008705190   0.0004283813  -0.0000112075  -0.0005630295   0.0001102306
       -0.0008291929  -0.0005467268  -0.0009127943  -0.0050456145   0.0062883958
        0.0025506954  -0.1782206280   0.0931145925   0.0849522484  -0.0149112962
        0.0075093659   0.0102823303   0.0014929164  -0.0009652421   0.0057324486
        0.0002101825  -0.0004291279  -0.0002270154   0.0032757254   0.0021024941
        0.0024725570   0.0000177971  -0.0002005258   0.0000436092   0.0006004224
       -0.0001078771   0.0001035645  -0.0001530782  -0.0001640309   0.0000497327
        0.1998418879  -0.1057942379  -0.1038354258  -0.0004744486  -0.0001496177
       -0.0017851903  -0.0006797196   0.0004354948   0.0002823171  -0.0005357873
       -0.0003785440  -0.0008470337  -0.0001463112   0.0000045150   0.0002458261
        0.0008942052  -0.0001142520  -0.0001119856  -0.0016409071  -0.0006186582
       -0.0008275958   0.0002740163   0.0000236213  -0.0000429883  -0.0009009132
       -0.0000746456  -0.0003747876   0.0002636910  -0.0007512769   0.0004172486
        0.0006661559   0.0004243346  -0.0011705901   0.0210124843  -0.0147747479
       -0.0113735068   0.0954042010  -0.1037971085  -0.0523307189  -0.0095030162
        0.0063742457   0.0059311209  -0.0007560936   0.0000716234   0.0034888987
       -0.0004165232  -0.0001477070   0.0002946099   0.0019322276  -0.0045314574
        0.0029375205   0.0000964322   0.0003126761  -0.0000671495  -0.0003987533
        0.0004341916   0.0015617434   0.0001231545   0.0003619171  -0.0001795880
       -0.1057942379   0.1167501428   0.0524345610  -0.0014123941   0.0005751336
       -0.0000661549  -0.0006401977   0.0002538583   0.0003553909  -0.0003462826
       -0.0000181935  -0.0003363370   0.0011427509  -0.0007536974  -0.0005396913
        0.0006641908   0.0000737615  -0.0001926512  -0.0014289883  -0.0012113295
        0.0000949993   0.0001107872   0.0001588777  -0.0001816595  -0.0010250072
       -0.0002300472  -0.0003414671   0.0006548027   0.0019673483  -0.0006159077
       -0.0006857187  -0.0005123653  -0.0013563099  -0.0037228239   0.0018921931
        0.0033204332   0.0865524965  -0.0516089845  -0.0846962216   0.0158202572
       -0.0084541086  -0.0087013111   0.0056080510   0.0036509288   0.0019829063
       -0.0002843925   0.0003293545  -0.0001339250   0.0026995884   0.0026614158
        0.0038872249  -0.0000509894  -0.0002324003  -0.0000851659   0.0005106907
        0.0008297302  -0.0017781006  -0.0000516011  -0.0000671296  -0.0000793543
       -0.1038354258   0.0524345610   0.0912063968  -0.0012861079  -0.0011892720
       -0.0011509179   0.0007150700  -0.0004863295  -0.0004545099  -0.0007973082
       -0.0003470504  -0.0008867104  -0.0001675715   0.0003408458   0.0001622515
        0.0000128982   0.0000335074  -0.0001680909   0.0000549755  -0.0000263765
        0.0001278551   0.0000636398  -0.0000362875   0.0000472680  -0.0000276881
       -0.0002438836   0.0000321150   0.0000175598   0.0001005851  -0.0001018836
        0.0003148372  -0.0005881853   0.0002089421   0.0013809931  -0.0005430280
        0.0057713683   0.0026414742  -0.0160271735   0.0044311618  -0.0496085408
        0.0460009688  -0.0063557722  -0.0048990213   0.0222697495  -0.0037874431
       -0.0006656790   0.0035863294   0.0053815012  -0.0003143984  -0.0002122942
        0.0002509578   0.0000131023   0.0000040881  -0.0000179606   0.0000097981
       -0.0000549578  -0.0000395457  -0.0002088650  -0.0001909535   0.0001016683
       -0.0004744486  -0.0014123941  -0.0012861079   0.0530786421  -0.0535593981
       -0.0018838384  -0.0004749833   0.0001081890  -0.0016237616  -0.0003186923
        0.0011327387  -0.0002929448  -0.0005956034  -0.0003412239  -0.0007954887
        0.0000378560   0.0001720269  -0.0000743784  -0.0000826886  -0.0005369687
        0.0001899653  -0.0000540381   0.0000858684   0.0000203048  -0.0001404687
        0.0000436709  -0.0000982921   0.0000494281   0.0000529851  -0.0001226018
        0.0004307422  -0.0007556783   0.0001083552  -0.0009471553   0.0003527467
        0.0037909461   0.0014509234  -0.0164267212   0.0052447701   0.0459601011
       -0.2760011246   0.0546790825   0.0046809042  -0.0158021699   0.0026826860
        0.0038699491  -0.0000182931  -0.0001251016  -0.0001072159   0.0008586197
       -0.0002623987   0.0000104936   0.0000298865  -0.0000126435   0.0000058278
       -0.0000638804   0.0000056320  -0.0001199640  -0.0001085761   0.0000822026
       -0.0001496177   0.0005751336  -0.0011892720  -0.0535593981   0.3076924253
       -0.0644248835  -0.0010544726   0.0005830526  -0.0003209399   0.0000715486
       -0.0007505284   0.0001890211  -0.0003527551   0.0000175249  -0.0003624541
       -0.0001311468   0.0000289165  -0.0001777442  -0.0001250534  -0.0000630466
        0.0001238223   0.0000253645   0.0000540193   0.0000518408  -0.0001372874
       -0.0004164378   0.0000801782  -0.0000161939   0.0002378053  -0.0000552908
       -0.0001396881   0.0010964487  -0.0000433503   0.0057865497   0.0035528888
        0.0020935130  -0.0020348707   0.0192714160  -0.0049623755  -0.0059398508
        0.0542041541  -0.0513028367   0.0026086939  -0.0111197015   0.0030698552
        0.0051970293  -0.0000606060   0.0036358962   0.0003691502  -0.0001885853
       -0.0003289000  -0.0000045105  -0.0000060803   0.0000247462  -0.0000333884
        0.0000366654  -0.0000158872   0.0000864826   0.0001296060  -0.0002997175
       -0.0017851903  -0.0000661549  -0.0011509179  -0.0018838384  -0.0644248835
        0.0511606583  -0.0011872364  -0.0012374005  -0.0009941240   0.0001279061
       -0.0006443214   0.0000508303  -0.0007829211  -0.0003847022  -0.0009601964
       -0.0001098892   0.0000540624   0.0000046731   0.0000795771   0.0000697378
       -0.0000046309  -0.0000001953  -0.0000672725   0.0001132632  -0.0003756157
       -0.0001924049   0.0003708786   0.0001819477   0.0000820890  -0.0002636148
       -0.0004287061  -0.0001412263  -0.0009960933   0.0001362133   0.0006886629
       -0.0002563431  -0.0006762642   0.0037132770   0.0053346332  -0.0148699103
       -0.0101577043   0.0164723163  -0.1276083600  -0.0695198426   0.1003399286
        0.0026339450   0.0013984711  -0.0020155559   0.0034255845   0.0022241333
        0.0028612802   0.0000390940  -0.0000458040  -0.0000143856   0.0000197431
       -0.0000074997  -0.0000889229  -0.0000011881  -0.0000227802   0.0000047769
       -0.0006797196  -0.0006401977   0.0007150700  -0.0004749833  -0.0010544726
       -0.0011872364   0.1389270194   0.0733851232  -0.1194219757  -0.0003034703
        0.0000272609  -0.0017961077   0.0000851781   0.0002063871  -0.0001719538
        0.0000842280   0.0000894956  -0.0001199174  -0.0000274998  -0.0003480591
        0.0000950348  -0.0000551782   0.0001525535   0.0000451158  -0.0002732162
        0.0000426682   0.0000630304   0.0001123269   0.0001216878  -0.0001376183
       -0.0002506538  -0.0001733508  -0.0003736017   0.0006121971  -0.0002966089
       -0.0003245482   0.0035585805   0.0001639493   0.0000580908   0.0075170918
        0.0062264279  -0.0080127226  -0.0694871206  -0.1020741784   0.0812795638
       -0.0162548152  -0.0158236239   0.0193652618   0.0024716543  -0.0046649415
        0.0029594531   0.0000042597  -0.0000132312   0.0000037413   0.0000046960
       -0.0000290031   0.0000012213   0.0000734089   0.0000519778  -0.0000877436
        0.0004354948   0.0002538583  -0.0004863295   0.0001081890   0.0005830526
       -0.0012374005   0.0733851232   0.1161339673  -0.0938430504  -0.0011319504
        0.0003841161  -0.0002167754  -0.0008868159  -0.0007807573   0.0009691946
        0.0001602030   0.0000303557  -0.0000804239  -0.0002195425  -0.0001129658
       -0.0001922039   0.0000570903   0.0000373501   0.0001336507  -0.0004831230
       -0.0001976346   0.0003811432   0.0002683000   0.0001583807  -0.0002483140
       -0.0005876351  -0.0003658148  -0.0010659848  -0.0003225153  -0.0003573215
        0.0005274490   0.0054198867  -0.0000536359   0.0034217972   0.0097957224
        0.0060814904  -0.0092523459   0.1002652747   0.0812854257  -0.1469982500
        0.0047554022   0.0052477578  -0.0050553332   0.0027789905   0.0031101039
        0.0046228171   0.0000262942  -0.0000192757  -0.0000090466  -0.0000344458
        0.0000108337  -0.0000067698  -0.0000066205  -0.0000398875   0.0000094953
        0.0002823171   0.0003553909  -0.0004545099  -0.0016237616  -0.0003209399
       -0.0009941240  -0.1194219757  -0.0938430504   0.1565421231  -0.0013521921
       -0.0011239147  -0.0010058465   0.0002423303   0.0001173518  -0.0002753230
        0.0000090780   0.0000343273   0.0000271979   0.0000390685  -0.0000308460
       -0.0000048910  -0.0000030870   0.0000135148   0.0000685017  -0.0002190811
        0.0001120862   0.0002717571  -0.0000123295  -0.0001367134   0.0000319114
       -0.0005454578   0.0005183694   0.0000905420   0.0013650499  -0.0010804373
        0.0057155975   0.0003795386  -0.0005467599  -0.0003958789   0.0034588492
        0.0026552824   0.0026492484  -0.0052822993   0.0050938881   0.0030626018
       -0.1888953435   0.0942385151   0.0869480111  -0.0154725437   0.0080284991
        0.0098785007  -0.0000455194   0.0000008480  -0.0000048331   0.0000279852
       -0.0000361577  -0.0000294971  -0.0000083646   0.0000800210  -0.0000204346
       -0.0005357873  -0.0003462826  -0.0007973082  -0.0003186923   0.0000715486
        0.0001279061  -0.0003034703  -0.0011319504  -0.0013521921   0.2067719647
       -0.1074146063  -0.1045360513  -0.0004095584  -0.0001231464  -0.0017306892
        0.0001342049   0.0000299931  -0.0001067358  -0.0001302205  -0.0003221205
        0.0000988650   0.0000365907   0.0001909416  -0.0000128475  -0.0000762869
        0.0001638626   0.0000629075  -0.0000453374  -0.0000171197   0.0000863807
       -0.0005154423   0.0000680255   0.0003238151  -0.0006987592   0.0001439019
        0.0035630561  -0.0005371705  -0.0002618214   0.0004024173   0.0023269494
       -0.0048658467   0.0030681429   0.0226372106  -0.0158659522  -0.0116509578
        0.0943997749  -0.1019508654  -0.0502056193  -0.0095738608   0.0061332863
        0.0056051901  -0.0000475018   0.0000021964   0.0000034338   0.0000062039
       -0.0000463292  -0.0000032991   0.0000262651   0.0000927096  -0.0000571538
       -0.0003785440  -0.0000181935  -0.0003470504   0.0011327387  -0.0007505284
       -0.0006443214   0.0000272609   0.0003841161  -0.0011239147  -0.1074146063
        0.1162312399   0.0511591505  -0.0013094694   0.0006585039  -0.0002214592
        0.0001448415  -0.0001061676   0.0000498388  -0.0003548734   0.0001043963
       -0.0002462540   0.0001540872  -0.0000112284   0.0000486215   0.0001601601
        0.0001979607   0.0001314170   0.0002194711  -0.0000113056  -0.0000679941
        0.0005868263  -0.0006419773  -0.0005549095   0.0056265538   0.0038548861
        0.0021474028  -0.0003948731   0.0003498700  -0.0001693142   0.0028810680
        0.0028493497   0.0046327702  -0.0037128213   0.0025135023   0.0029649051
        0.0868883852  -0.0501856856  -0.0857511347   0.0165568691  -0.0085104783
       -0.0093310020   0.0000239484  -0.0000108487  -0.0000022520  -0.0000398884
        0.0000432191   0.0000131681   0.0000241667  -0.0000961076   0.0000582383
       -0.0008470337  -0.0003363370  -0.0008867104  -0.0002929448   0.0001890211
        0.0000508303  -0.0017961077  -0.0002167754  -0.0010058465  -0.1045360513
        0.0511591505   0.0890902111  -0.0012917838  -0.0011344442  -0.0011719859
       -0.0000142973  -0.0000901397  -0.0000314788  -0.0001469700   0.0001002367
        0.0000791453   0.0001204141   0.0001037242  -0.0000721282   0.0001181678
        0.0000156541   0.0002950806   0.0002116579  -0.0001356632  -0.0003045074
       -0.0008413627   0.0012252495  -0.0020385849  -0.0047204168   0.0218510979
       -0.0036941728  -0.0007908570   0.0033833523   0.0052843369  -0.0003486247
       -0.0002254530   0.0001486815   0.0011419122  -0.0006984673   0.0057789564
        0.0030211268  -0.0161068747   0.0043113931  -0.0491335308   0.0446656794
       -0.0053734284   0.0000516938  -0.0000820659  -0.0000438407   0.0001069820
       -0.0000810584  -0.0000993351  -0.0006313477  -0.0005161027   0.0007838548
       -0.0001463112   0.0011427509  -0.0001675715  -0.0005956034  -0.0003527551
       -0.0007829211   0.0000851781  -0.0008868159   0.0002423303  -0.0004095584
       -0.0013094694  -0.0012917838   0.0529217473  -0.0520028799  -0.0030240263
        0.0001942784  -0.0000313784  -0.0000006911  -0.0001991720  -0.0003525233
        0.0000432802   0.0000841541   0.0001205830  -0.0000887970  -0.0003796612
        0.0003425344   0.0000187357   0.0001028953  -0.0000238059   0.0000902199
       -0.0016606535   0.0001757206   0.0002521708   0.0056705013  -0.0178530716
        0.0026047150   0.0039023321  -0.0001288546  -0.0003223840  -0.0002059668
        0.0007242410  -0.0001941119  -0.0011477786   0.0001622977   0.0038473859
        0.0017010702  -0.0166926899   0.0052918298   0.0438734453  -0.2717126020
        0.0540762121  -0.0000247575   0.0000399479   0.0000031079  -0.0000879264
        0.0000520831   0.0000926929   0.0004335874   0.0006541060  -0.0004883902
        0.0000045150  -0.0007536974   0.0003408458  -0.0003412239   0.0000175249
       -0.0003847022   0.0002063871  -0.0007807573   0.0001173518  -0.0001231464
        0.0006585039  -0.0011344442  -0.0520028799   0.3053818379  -0.0641650273
        0.0001034991  -0.0000677131   0.0001367260  -0.0001497327   0.0001587601
       -0.0002374496  -0.0000054877  -0.0001064895   0.0000099508  -0.0009828792
        0.0003642465   0.0001651949   0.0003309083  -0.0001035170  -0.0001023026
       -0.0003401428  -0.0022657303  -0.0011731442   0.0025622465  -0.0101834500
        0.0027245953   0.0050178914   0.0001551230   0.0032591712   0.0001321396
       -0.0002169288  -0.0002563495   0.0059096590   0.0035329258   0.0019861877
       -0.0023729030   0.0194070765  -0.0047057192  -0.0052738209   0.0534434932
       -0.0502196339   0.0000519643  -0.0000057005  -0.0000459453  -0.0000604400
        0.0000523476   0.0000385203   0.0005534301   0.0001549937  -0.0002502936
        0.0002458261  -0.0005396913   0.0001622515  -0.0007954887  -0.0003624541
       -0.0009601964  -0.0001719538   0.0009691946  -0.0002753230  -0.0017306892
       -0.0002214592  -0.0011719859  -0.0030240263  -0.0641650273   0.0509157454
