$hessian                                                                        
        0.1140056955   0.1794920566   0.0358812671  -0.1163221278  -0.1544344947
       -0.0301294405   0.0050828403  -0.0155136601   0.0000338087  -0.0055249165
       -0.0289635826  -0.0120408441  -0.0003552852   0.0069316421   0.0019624366
        0.0027695068   0.0002294754   0.0016440926  -0.0024901774   0.0084643881
        0.0043502579   0.0022437288   0.0022733531  -0.0015252944   0.0007478298
        0.0016546492  -0.0004003087  -0.0009382820  -0.0005657582  -0.0001126520
        0.0002382770   0.0002513272   0.0001263139   0.0004651443   0.0001081865
       -0.0000240395  -0.0000092300   0.0000939756  -0.0000891950  -0.0000339489
        0.0000474007   0.0000294478   0.0000180357   0.0000367787  -0.0000371459
        0.0001173849  -0.0000628031  -0.0000204816  -0.0001283268  -0.0000875114
        0.0000613709   0.0002256721  -0.0000658219  -0.0003820795  -0.0000071751
        0.0000270734   0.0000025283   0.0000363791   0.0000039823   0.0001060591
       -0.0000127868   0.0000117457   0.0000221696  -0.0000175605  -0.0000316220
        0.0000605988  -0.0000513769   0.0000012682   0.0000578487  -0.0000689038
        0.0000477663   0.0000376545   0.0000504682  -0.0000571785   0.0000633890
       -0.0000408646   0.0001073632   0.0003222379
        0.1794920566   0.5252618534   0.0875245940  -0.1525302983  -0.4844144285
       -0.0804641308  -0.0135181321  -0.0192222413   0.0006655179  -0.0078137247
       -0.0012752085  -0.0026743816  -0.0206643299  -0.0156640238   0.0014849203
        0.0042537046   0.0009735638   0.0026427505   0.0054747246  -0.0101498607
       -0.0058094267   0.0027801210   0.0042730742  -0.0036616115   0.0031798813
        0.0003136428   0.0002444324  -0.0020718123  -0.0008020939  -0.0003943553
        0.0005328152   0.0005612880   0.0002882524   0.0009155345   0.0001048022
        0.0000685929   0.0000353226  -0.0001181005  -0.0000855130   0.0000364788
        0.0000901012  -0.0000766688   0.0000353192   0.0001151863  -0.0000299527
        0.0000377708   0.0000429699   0.0000150155  -0.0001308950  -0.0001753579
        0.0002383570   0.0003691907  -0.0000810512  -0.0002603459  -0.0000513695
        0.0000377255   0.0000105064   0.0000840128  -0.0000805834   0.0001221694
       -0.0000719105   0.0001051262  -0.0000035065  -0.0000113518   0.0000403870
       -0.0000137265  -0.0000494040   0.0000699567   0.0000001343  -0.0000668934
        0.0000989891  -0.0000122532  -0.0000278795   0.0000679559  -0.0001296388
       -0.0002189316  -0.0001736724   0.0003102683
        0.0358812671   0.0875245940   0.0720331515  -0.0295680376  -0.0798051763
       -0.0787485570   0.0102883488   0.0297294356   0.0080823246  -0.0150837840
       -0.0246224163   0.0001941017  -0.0062958870  -0.0057954347  -0.0023124398
        0.0032549707  -0.0004703213   0.0028405763   0.0025822092  -0.0055373509
       -0.0022524729  -0.0010262217  -0.0014595684   0.0020860998  -0.0000153055
        0.0004340612  -0.0023165089  -0.0000841258  -0.0000230710   0.0000187837
       -0.0000477475   0.0000078424   0.0000958868   0.0000417340  -0.0000250064
        0.0001151966  -0.0000828353   0.0000774587   0.0000384320   0.0000094957
        0.0000281079   0.0000690481  -0.0000051193  -0.0000101539   0.0001023461
       -0.0000357303   0.0000128315   0.0000474926  -0.0000588390   0.0000842773
        0.0000080092   0.0002256310  -0.0001026449  -0.0002095661   0.0000296512
       -0.0000142962   0.0000218508   0.0000709298   0.0000809736  -0.0000520939
       -0.0000535029  -0.0000642715  -0.0000034107  -0.0000242112  -0.0000082780
        0.0000755206  -0.0000284296  -0.0000097615   0.0000494390  -0.0000413888
        0.0000059994   0.0000200349   0.0000210828  -0.0001022695  -0.0000162255
        0.0000458452   0.0000644394   0.0000129806
       -0.1163221278  -0.1525302983  -0.0295680376   0.5798377052   0.2133053233
        0.1067580784  -0.0947725457  -0.0558242430   0.0741413202  -0.2521778474
       -0.0239824645  -0.1857434927  -0.0948872185   0.0581565768   0.0454798751
       -0.0049079863   0.0021660073   0.0032453978  -0.0007245609  -0.0271646666
       -0.0123897946   0.0009627428   0.0042375991  -0.0066097197  -0.0189241558
       -0.0204595303   0.0043039897   0.0055579290   0.0037431231   0.0012124562
       -0.0013514833  -0.0013955833  -0.0010652516  -0.0022542626  -0.0007806970
        0.0000268158   0.0001720376  -0.0003784623   0.0004719491  -0.0002099924
       -0.0002345473   0.0003182270  -0.0001363448   0.0000782619   0.0001574538
       -0.0002784365   0.0001956766   0.0000895693   0.0003390539   0.0004781425
       -0.0001175141  -0.0007986652   0.0006874647   0.0014868842   0.0000257896
       -0.0000219985   0.0000884369  -0.0002136008  -0.0000187664  -0.0003255887
        0.0000913464  -0.0000289181  -0.0000032278   0.0001721371   0.0001802874
       -0.0001572712   0.0002733070   0.0000085289  -0.0000545210   0.0002445261
       -0.0001524491  -0.0000327443  -0.0001576074   0.0001942734  -0.0001819181
        0.0004402609  -0.0004586403  -0.0015313721
       -0.1544344947  -0.4844144285  -0.0798051763   0.2133053233   0.7912043565
       -0.0278178108  -0.0517691700  -0.1694512379   0.1532451441  -0.0285852272
       -0.0732827878  -0.0230990820   0.0568349749  -0.0342996617  -0.0266033360
       -0.0071237833  -0.0007537285  -0.0048447063   0.0063421159  -0.0159601987
       -0.0071843300  -0.0169793592  -0.0089562710   0.0192170736  -0.0194448247
       -0.0051403976  -0.0038931970   0.0061966896   0.0014097706   0.0019064517
       -0.0017795658  -0.0010753579  -0.0009857484  -0.0025923825   0.0001068641
       -0.0002526518  -0.0002464463   0.0003071902   0.0004743178  -0.0003892679
       -0.0001870866   0.0003980660  -0.0001342868   0.0000339430  -0.0000203685
       -0.0000640738  -0.0001013013  -0.0001022770   0.0000949877   0.0005074035
       -0.0005802748  -0.0006562382   0.0002991766   0.0002843721   0.0000383942
       -0.0002019180   0.0003333346  -0.0001521580   0.0001188549  -0.0000770921
        0.0001599916  -0.0001060242   0.0001917853  -0.0000908672   0.0000545800
        0.0001223159   0.0000896885  -0.0000261519  -0.0000291423   0.0001634044
       -0.0001508962  -0.0001256686   0.0002129837  -0.0003508550   0.0001320610
        0.0010035918   0.0004161633  -0.0008840603
       -0.0301294405  -0.0804641308  -0.0787485570   0.1067580784  -0.0278178108
        0.6505495224   0.0676022921   0.1441689584  -0.2942780129  -0.1798738990
       -0.0144557394  -0.2470367027   0.0455288786  -0.0279776953  -0.0209736981
       -0.0262354129   0.0086342252  -0.0138076062   0.0018092591   0.0010145906
       -0.0027891737   0.0099326844   0.0000648114  -0.0113018761   0.0042996225
       -0.0036835568   0.0192947575  -0.0003577474   0.0005783553  -0.0020040786
        0.0004449037  -0.0000272736   0.0005242917   0.0003097210   0.0000139336
        0.0004302530   0.0006299975  -0.0001848933  -0.0001871741   0.0001406731
       -0.0000391147  -0.0002346735   0.0000937923  -0.0000144594  -0.0000522596
        0.0001039063  -0.0000497209  -0.0000921846   0.0002649980  -0.0003550263
        0.0000595072  -0.0004051104   0.0001083936   0.0006649588  -0.0001406182
        0.0003899841  -0.0003121844  -0.0003871421  -0.0003099058   0.0001873514
        0.0001055090   0.0001086036  -0.0001212096   0.0002280973   0.0001061838
       -0.0000984183   0.0001509455   0.0000150313  -0.0000069912   0.0001401106
       -0.0000020658   0.0000673417  -0.0001952534   0.0003633674   0.0000327374
       -0.0008188456  -0.0001850453   0.0002340797
        0.0050828403  -0.0135181321   0.0102883488  -0.0947725457  -0.0517691700
        0.0676022921   0.0830075814   0.0613923482  -0.0723461668   0.0161309363
        0.0134616589  -0.0275190189   0.0011977234  -0.0131928535   0.0081930542
        0.0012998865  -0.0001687384   0.0010089670   0.0008490589   0.0042261062
        0.0015079181  -0.0087805288  -0.0001454347   0.0089752598  -0.0041618198
       -0.0000327477   0.0033030315  -0.0029702502  -0.0016662477  -0.0013905277
        0.0011907834   0.0010548172   0.0007544179   0.0019022379   0.0006474457
        0.0000489239   0.0001048329   0.0000323577  -0.0002816423   0.0001638717
        0.0000934099  -0.0002566317   0.0000285801  -0.0000172761  -0.0001142325
        0.0000867114  -0.0000172666  -0.0000881922  -0.0000195011  -0.0003012419
        0.0000561337   0.0003150587  -0.0002993779  -0.0003880875  -0.0000712014
        0.0000930696  -0.0001087446   0.0000463685  -0.0001394549   0.0001893430
       -0.0000337474   0.0000539885   0.0000178652  -0.0000537146  -0.0000277518
        0.0000017013  -0.0001152508   0.0000434688  -0.0000461300  -0.0000761544
        0.0000868298  -0.0000492064   0.0000293778   0.0000615694  -0.0000138752
       -0.0003811347   0.0000486233   0.0006551991
       -0.0155136601  -0.0192222413   0.0297294356  -0.0558242430  -0.1694512379
        0.1441689584   0.0613923482   0.1794089075  -0.1848525742   0.0039911719
        0.0127441459   0.0113318984   0.0040874412  -0.0064952948  -0.0011183292
       -0.0018679209   0.0018949245  -0.0024140966   0.0007682686   0.0065089772
        0.0012355837   0.0020661225   0.0013123219  -0.0019484236   0.0016063342
       -0.0070534795   0.0046849124  -0.0030746838  -0.0005830978  -0.0014069020
        0.0009459940   0.0007746774   0.0004899361   0.0013880947   0.0001608951
       -0.0000406160   0.0002362531  -0.0001879218  -0.0002332155   0.0001174920
        0.0000961015  -0.0002014773   0.0001112897   0.0000357707   0.0000153070
        0.0000922142   0.0000444258   0.0001071496   0.0000312819  -0.0001134640
        0.0002088668   0.0004610178  -0.0000425673  -0.0001403318  -0.0000576347
       -0.0000025545  -0.0002355448  -0.0000474628   0.0000770676  -0.0000770804
       -0.0000591478  -0.0000358198  -0.0001199838   0.0000437584  -0.0000718813
       -0.0001332485  -0.0000141779   0.0000029831   0.0000435750   0.0000248001
        0.0001036065   0.0001683279  -0.0000379343   0.0001820596   0.0001473204
       -0.0008670172  -0.0000873046   0.0005905524
        0.0000338087   0.0006655179   0.0080823246   0.0741413202   0.1532451441
       -0.2942780129  -0.0723461668  -0.1848525742   0.3440638588  -0.0053046378
        0.0196900221  -0.0378730944  -0.0088641670   0.0146446225  -0.0101900917
        0.0040066521  -0.0015818540   0.0050990655   0.0003888834  -0.0037555003
       -0.0000386262   0.0074936372  -0.0000653691  -0.0056495899  -0.0006178314
        0.0013814690  -0.0101819719   0.0004718480   0.0000703728   0.0008823738
        0.0000753343   0.0002291692  -0.0000147249   0.0002328884   0.0003212999
       -0.0001258940  -0.0001194982   0.0001153816  -0.0000273587   0.0000873773
       -0.0000519065   0.0000966375  -0.0001012848   0.0000030556   0.0001722263
       -0.0000267234   0.0001095179   0.0000307621  -0.0000448415   0.0000347687
       -0.0000010589   0.0001724203  -0.0002287855  -0.0002063090   0.0000359396
        0.0000058535   0.0000703298   0.0001010564   0.0000789026  -0.0000071583
       -0.0000400192   0.0000275771  -0.0001144911  -0.0000679594  -0.0000312255
        0.0000505222  -0.0000405730  -0.0000159722   0.0000423755  -0.0000739301
       -0.0000095661   0.0000559162   0.0000249681  -0.0001263880   0.0000336865
        0.0003814987   0.0000964671   0.0000283032
       -0.0055249165  -0.0078137247  -0.0150837840  -0.2521778474  -0.0285852272
       -0.1798738990   0.0161309363   0.0039911719  -0.0053046378   0.2683866506
        0.0328852184   0.2209346820  -0.0033959699  -0.0094635059  -0.0220928636
       -0.0144070471   0.0060978378  -0.0028022781   0.0017974580   0.0046092927
        0.0023662785  -0.0013551609  -0.0008132603   0.0039503524  -0.0081471196
        0.0006943029  -0.0029998622  -0.0025479546  -0.0025464599   0.0001520097
        0.0006400345   0.0009023486   0.0004486146   0.0011589615   0.0006424008
       -0.0002565002  -0.0002165696   0.0004616282  -0.0002565680   0.0001343364
        0.0000875426   0.0000071302   0.0000043999  -0.0000758922   0.0000278265
        0.0002175653  -0.0000175108  -0.0000505322  -0.0003078075  -0.0004021099
        0.0001739934   0.0010447332  -0.0005423987  -0.0017032193   0.0000831826
       -0.0001968941   0.0000653403   0.0001662356   0.0002484375   0.0001912522
       -0.0000440301  -0.0002423689   0.0002049809  -0.0001668599  -0.0001823343
        0.0002094415  -0.0001832504  -0.0000397246   0.0000966492  -0.0002436925
        0.0000832033   0.0000808820   0.0000440115  -0.0001955603   0.0001392121
       -0.0010902793   0.0004135870   0.0013754988
       -0.0289635826  -0.0012752085  -0.0246224163  -0.0239824645  -0.0732827878
       -0.0144557394   0.0134616589   0.0127441459   0.0196900221   0.0328852184
        0.0674324201   0.0131946749   0.0012018629  -0.0030994929   0.0030623356
        0.0050035789  -0.0009637279   0.0010553628   0.0016605409   0.0048032327
        0.0021164276   0.0012040007   0.0013639458  -0.0012757782  -0.0018576231
       -0.0074298612   0.0005659356  -0.0032883615  -0.0011643310  -0.0001066323
        0.0010047738   0.0008806290   0.0004945470   0.0015363391   0.0002067027
        0.0001296597  -0.0000015323  -0.0002244173  -0.0000945473   0.0002367559
        0.0001569488  -0.0002345338   0.0000646559   0.0000808632  -0.0000219327
       -0.0001232266   0.0001252632   0.0000660028  -0.0000905938  -0.0001885630
        0.0002630157   0.0004379466  -0.0001180512  -0.0001794759  -0.0000302093
        0.0000119052   0.0000181456   0.0002610178  -0.0000321206   0.0001725370
       -0.0001499359   0.0000963664   0.0000037877   0.0000028438   0.0000721870
       -0.0000254911  -0.0000369943   0.0001057627  -0.0000269755  -0.0000274454
        0.0000902772  -0.0000297873  -0.0001344933   0.0002021235  -0.0001797044
       -0.0002747310  -0.0005942122   0.0004205603
       -0.0120408441  -0.0026743816   0.0001941017  -0.1857434927  -0.0230990820
       -0.2470367027  -0.0275190189   0.0113318984  -0.0378730944   0.2209346820
        0.0131946749   0.2940398987   0.0042769339  -0.0039257990  -0.0084137894
        0.0008602158  -0.0003463582   0.0014783218   0.0011496493   0.0039885566
        0.0033514654  -0.0020594177  -0.0017628245   0.0052243696   0.0006330315
        0.0036651599  -0.0116684400   0.0002777985  -0.0001279617   0.0008457395
       -0.0004973902  -0.0000727012  -0.0003591291  -0.0004977213  -0.0002842185
       -0.0000502085  -0.0003457225   0.0000397987   0.0002913855  -0.0002036116
        0.0001284828   0.0001563239   0.0000783447   0.0000253445  -0.0000124755
       -0.0000537567  -0.0001187591   0.0000355849  -0.0001829569   0.0002837696
       -0.0000472475   0.0004359342   0.0000987604  -0.0002430202   0.0001444566
       -0.0003077934   0.0002820413   0.0002440848   0.0002052316  -0.0000553973
       -0.0000393982  -0.0001167089   0.0002729904  -0.0000359656  -0.0000155672
        0.0001294202  -0.0000389686   0.0000134784   0.0000383214  -0.0000480017
       -0.0000036484  -0.0000880779   0.0000963897  -0.0002344871  -0.0001219400
        0.0001747457   0.0001151353  -0.0003704414
       -0.0003552852  -0.0206643299  -0.0062958870  -0.0948872185   0.0568349749
        0.0455288786   0.0011977234   0.0040874412  -0.0088641670  -0.0033959699
        0.0012018629   0.0042769339   0.4310674965  -0.0098878771   0.0107287118
       -0.1917497948   0.0310878672  -0.1246673034  -0.0441431044  -0.0145628073
       -0.0055664261  -0.0980963137  -0.0492713050   0.0849429183  -0.0006217387
        0.0003395032   0.0000557947   0.0022285904   0.0008226658   0.0003771564
       -0.0006565564  -0.0004362486  -0.0004412534  -0.0009296146  -0.0000757996
       -0.0000681444   0.0000619159   0.0000680400   0.0001066370  -0.0000753373
       -0.0000833433   0.0001078673  -0.0000492984   0.0000468793   0.0000231134
       -0.0000263607   0.0000922690   0.0000014918   0.0001170264   0.0001485772
       -0.0000493160  -0.0000415741   0.0001374947   0.0001138929  -0.0000197376
       -0.0001028453   0.0000445762  -0.0001161010   0.0001183475  -0.0000656293
        0.0000702854  -0.0000370922  -0.0000300653  -0.0000019433   0.0000777839
       -0.0000580337   0.0000853504   0.0000325427  -0.0000546344   0.0001035922
       -0.0000065505  -0.0000080185   0.0000313680   0.0000005238   0.0000252763
        0.0002026001   0.0000314256  -0.0001643700
        0.0069316421  -0.0156640238  -0.0057954347   0.0581565768  -0.0342996617
       -0.0279776953  -0.0131928535  -0.0064952948   0.0146446225  -0.0094635059
       -0.0030994929  -0.0039257990  -0.0098878771   0.4455443562   0.0164376453
        0.0363254885  -0.0515228658   0.0300136816  -0.0295327925  -0.2550784738
       -0.0859061148  -0.0380130470  -0.0819024610   0.0614163115  -0.0015076555
        0.0029056062   0.0012868501   0.0006663115  -0.0007527114  -0.0000961505
       -0.0002158919   0.0001944245  -0.0000871425  -0.0002475996   0.0002353485
       -0.0000293011  -0.0000015494   0.0000568125  -0.0000214766  -0.0000307496
       -0.0000784544   0.0000513839  -0.0000182009  -0.0000132972   0.0000198475
        0.0000280677  -0.0000239683  -0.0000058155   0.0000207326   0.0000364218
       -0.0000468124   0.0000974244  -0.0000370822  -0.0000974179  -0.0000774802
        0.0000151194  -0.0000470430  -0.0000290084   0.0000177302   0.0000654445
        0.0000528546  -0.0000057025  -0.0000572182  -0.0000285052  -0.0000495810
        0.0000326282   0.0000016412  -0.0000602607   0.0000251009   0.0000136814
       -0.0000258998   0.0000301229   0.0000431135  -0.0000412181   0.0000440694
       -0.0000908178   0.0001446300   0.0000257134
        0.0019624366   0.0014849203  -0.0023124398   0.0454798751  -0.0266033360
       -0.0209736981   0.0081930542  -0.0011183292  -0.0101900917  -0.0220928636
        0.0030623356  -0.0084137894   0.0107287118   0.0164376453   0.4249414564
       -0.1087952485   0.0221064436  -0.1358988040  -0.0122710005  -0.0892760603
       -0.0776971145   0.0775358705   0.0731204653  -0.1696963266  -0.0003647005
        0.0008664510   0.0006123771  -0.0005574496  -0.0003071331  -0.0007752653
        0.0001361187   0.0000634535   0.0003018591   0.0002514518   0.0000157915
        0.0001871988   0.0000252199  -0.0000336233  -0.0000740644   0.0000262451
       -0.0000111515  -0.0000851726   0.0000503744  -0.0000444089   0.0000411829
        0.0000204827  -0.0000074318   0.0000840941  -0.0000189021  -0.0000157803
        0.0000961185  -0.0000379289  -0.0000077438  -0.0000778203  -0.0000341919
        0.0000759867  -0.0002084303  -0.0000930914   0.0001091252  -0.0000973679
       -0.0000250884  -0.0000425065  -0.0002118982   0.0000203138  -0.0000780142
       -0.0000736922  -0.0000057469  -0.0000498940   0.0000231646   0.0000171941
        0.0000421839   0.0001412462   0.0000022787   0.0001180190   0.0001430632
       -0.0001534150   0.0000925921   0.0002142142
        0.0027695068   0.0042537046   0.0032549707  -0.0049079863  -0.0071237833
       -0.0262354129   0.0012998865  -0.0018679209   0.0040066521  -0.0144070471
        0.0050035789   0.0008602158  -0.1917497948   0.0363254885  -0.1087952485
        0.2030209976  -0.0151924250   0.1693982965  -0.0160546593  -0.0291809659
       -0.0292026019   0.0192798614   0.0070973056  -0.0126980972   0.0010301658
        0.0008653131  -0.0008166294  -0.0008120764  -0.0005177683  -0.0000326150
        0.0002286923   0.0002509580   0.0000974422   0.0003931004   0.0001109903
       -0.0000651688  -0.0000774814   0.0000038768  -0.0000051040   0.0000021180
        0.0000968042  -0.0000158125   0.0000650393  -0.0000094031  -0.0000151101
        0.0000159525  -0.0000562239   0.0000482887  -0.0001102422  -0.0000104782
        0.0000301466   0.0001953888  -0.0001067935  -0.0002585466  -0.0000064057
        0.0000312250  -0.0000038186   0.0000560585  -0.0000150224   0.0000774526
       -0.0000261476   0.0000237178   0.0000302079  -0.0000090189  -0.0000323212
        0.0000566166  -0.0000451204   0.0000077220   0.0000579434  -0.0000435135
        0.0000363920   0.0000246754   0.0000208281  -0.0000408089   0.0000194657
       -0.0001281025   0.0000468378   0.0001817914
        0.0002294754   0.0009735638  -0.0004703213   0.0021660073  -0.0007537285
        0.0086342252  -0.0001687384   0.0018949245  -0.0015818540   0.0060978378
       -0.0009637279  -0.0003463582   0.0310878672  -0.0515228658   0.0221064436
       -0.0151924250   0.0586483064  -0.0242901990  -0.0333741009  -0.0022293858
       -0.0310953134   0.0091440963  -0.0051301153   0.0267127772  -0.0000650600
       -0.0005687158   0.0001874798   0.0001305081  -0.0000434507   0.0000521820
       -0.0000391332   0.0000502709   0.0000291292  -0.0000771315   0.0000703183
        0.0000292245   0.0000400477  -0.0000501604   0.0000125603  -0.0000190106
       -0.0000541672   0.0000048800  -0.0000191325   0.0000236497  -0.0000093290
       -0.0000037304  -0.0000234131  -0.0000325377   0.0000050589  -0.0000662038
       -0.0000105706  -0.0000648150   0.0000252890   0.0000896840   0.0000378217
       -0.0000326773   0.0000623401   0.0000410104  -0.0000504176   0.0000237932
        0.0000298365  -0.0000060744   0.0000454835  -0.0000027758  -0.0000071613
       -0.0000067480  -0.0000011659  -0.0000313035  -0.0000225754   0.0000024841
       -0.0000443592  -0.0000364033  -0.0000157880  -0.0000269348  -0.0000390943
        0.0000309558  -0.0000814601  -0.0000488984
        0.0016440926   0.0026427505   0.0028405763   0.0032453978  -0.0048447063
       -0.0138076062   0.0010089670  -0.0024140966   0.0050990655  -0.0028022781
        0.0010553628   0.0014783218  -0.1246673034   0.0300136816  -0.1358988040
        0.1693982965  -0.0242901990   0.2250377855  -0.0312450349  -0.0279850374
       -0.0288839136  -0.0167064087   0.0256158554  -0.0548975574   0.0002006176
        0.0001961097  -0.0004214526  -0.0001447692  -0.0001520789  -0.0002327591
       -0.0000139431   0.0000905505   0.0001251504   0.0000919075   0.0000405697
        0.0000982975  -0.0000200277  -0.0000236539  -0.0000209791   0.0000134002
        0.0000573505  -0.0000884896   0.0000459590  -0.0000122300  -0.0000194562
       -0.0000146657  -0.0000303100  -0.0000144405  -0.0000328770   0.0000293544
       -0.0000397623   0.0000616898  -0.0000410487  -0.0001042728   0.0000373833
        0.0000527630  -0.0000580281   0.0000624775  -0.0000191779   0.0000057454
       -0.0000442848   0.0000166694  -0.0000602195  -0.0000007253  -0.0000255363
       -0.0000417645  -0.0000367616  -0.0000028459  -0.0000530663  -0.0000123135
        0.0000158323  -0.0000348102  -0.0000011073  -0.0000104015  -0.0000268577
       -0.0000676885   0.0000244725   0.0000192972
       -0.0024901774   0.0054747246   0.0025822092  -0.0007245609   0.0063421159
        0.0018092591   0.0008490589   0.0007682686   0.0003888834   0.0017974580
        0.0016605409   0.0011496493  -0.0441431044  -0.0295327925  -0.0122710005
       -0.0160546593  -0.0333741009  -0.0312450349   0.0638420794   0.0805605567
        0.0352660082  -0.0037868596  -0.0306295731   0.0031020808   0.0009780594
       -0.0004610211  -0.0004839038  -0.0007523217  -0.0003263948  -0.0001176551
        0.0002642201   0.0001656928   0.0001372334   0.0003598358   0.0000826638
        0.0000118589  -0.0000300293  -0.0000510912  -0.0000546127  -0.0000072750
       -0.0000091447  -0.0000608329  -0.0000019533  -0.0000575842  -0.0000501550
       -0.0000211519  -0.0000988156  -0.0000338443  -0.0000812498  -0.0000828175
       -0.0000084986   0.0000168519  -0.0000702514  -0.0000997296   0.0000934410
       -0.0000165491  -0.0000029128   0.0001132147  -0.0000314039   0.0000003770
       -0.0000093691  -0.0000317072   0.0000254610  -0.0000044823  -0.0000805373
       -0.0000173928  -0.0000712531  -0.0000855310  -0.0000319873  -0.0000805334
       -0.0000508007  -0.0000423834  -0.0000266142  -0.0000384634  -0.0000257117
       -0.0000286245  -0.0000259835   0.0000726351
        0.0084643881  -0.0101498607  -0.0055373509  -0.0271646666  -0.0159601987
        0.0010145906   0.0042261062   0.0065089772  -0.0037555003   0.0046092927
        0.0048032327   0.0039885566  -0.0145628073  -0.2550784738  -0.0892760603
       -0.0291809659  -0.0022293858  -0.0279850374   0.0805605567   0.3281629495
        0.1012890350  -0.0272480465  -0.0542102322   0.0211307549   0.0004845099
       -0.0023304597  -0.0008579688  -0.0003807753   0.0002990204   0.0000209459
        0.0000353011  -0.0000010433  -0.0000549014   0.0000520972  -0.0000049274
       -0.0000332509   0.0000218533   0.0000057736  -0.0000317282  -0.0000134162
       -0.0000201925   0.0000023762  -0.0000291106   0.0000847773   0.0000491312
        0.0000288166   0.0000628889   0.0000494013   0.0000068176  -0.0000269552
        0.0001171710  -0.0000890069   0.0000846752   0.0001041703   0.0000236503
       -0.0000229124  -0.0000874491   0.0000613710   0.0000828636  -0.0001680319
       -0.0000626693  -0.0000968827  -0.0000222864  -0.0000334754   0.0000042179
       -0.0000473426   0.0000024961   0.0000057683   0.0000305882   0.0000258679
        0.0000487898   0.0000879722   0.0000167127   0.0000666606   0.0000388127
        0.0001451026  -0.0000890707  -0.0000665981
        0.0043502579  -0.0058094267  -0.0022524729  -0.0123897946  -0.0071843300
       -0.0027891737   0.0015079181   0.0012355837  -0.0000386262   0.0023662785
        0.0021164276   0.0033514654  -0.0055664261  -0.0859061148  -0.0776971145
       -0.0292026019  -0.0310953134  -0.0288839136   0.0352660082   0.1012890350
        0.0951927929   0.0038363354   0.0258969585   0.0132368518  -0.0002782931
       -0.0005217155  -0.0007860597   0.0002626566   0.0001529392   0.0002193300
       -0.0001476490  -0.0000312814   0.0000918485  -0.0000946526  -0.0000170416
        0.0001784160   0.0000049382   0.0000014970   0.0000936111   0.0000131443
        0.0000500050   0.0000413041  -0.0000017347   0.0000601544   0.0000127919
       -0.0000389572   0.0000151127  -0.0001017691  -0.0000275627  -0.0000355084
       -0.0001011393  -0.0000000718  -0.0000124292   0.0000087952   0.0000401247
       -0.0000998449   0.0002728284   0.0000624659  -0.0001326548   0.0001582180
       -0.0000115411   0.0000775554   0.0002315362   0.0000251324   0.0001092938
        0.0000979961   0.0000090788   0.0000964447  -0.0000430300  -0.0000220364
       -0.0000200519  -0.0001633881  -0.0000482834  -0.0001058351  -0.0001945056
        0.0000852657  -0.0001294593  -0.0001365929
        0.0022437288   0.0027801210  -0.0010262217   0.0009627428  -0.0169793592
        0.0099326844  -0.0087805288   0.0020661225   0.0074936372  -0.0013551609
        0.0012040007  -0.0020594177  -0.0980963137  -0.0380130470   0.0775358705
        0.0192798614   0.0091440963  -0.0167064087  -0.0037868596  -0.0272480465
        0.0038363354   0.0887070629   0.0669685494  -0.0794392799   0.0011159907
        0.0003509492   0.0003848641  -0.0007765199  -0.0002927282  -0.0003240260
        0.0002263823   0.0001275642   0.0001963332   0.0003835569   0.0000113991
        0.0000855731   0.0000049802  -0.0000273314  -0.0000269062   0.0000031303
        0.0000445946  -0.0000309951   0.0000327088  -0.0000016911  -0.0000116081
        0.0000154101  -0.0000514345   0.0000153513  -0.0000628737  -0.0000598834
        0.0000361738   0.0000345388  -0.0000280898  -0.0001098513   0.0000086583
        0.0000222110  -0.0000114258   0.0000069119  -0.0000209309   0.0000211846
       -0.0000112403   0.0000196423   0.0000016205   0.0000174039  -0.0000245113
        0.0000230040  -0.0000327393  -0.0000077812   0.0000293793  -0.0000423958
        0.0000175763   0.0000184797  -0.0000152509   0.0000038640   0.0000061202
       -0.0000831852  -0.0000058564   0.0001295291
        0.0022733531   0.0042730742  -0.0014595684   0.0042375991  -0.0089562710
        0.0000648114  -0.0001454347   0.0013123219  -0.0000653691  -0.0008132603
        0.0013639458  -0.0017628245  -0.0492713050  -0.0819024610   0.0731204653
        0.0070973056  -0.0051301153   0.0256158554  -0.0306295731  -0.0542102322
        0.0258969585   0.0669685494   0.1435958199  -0.1214836503   0.0003558338
       -0.0002341740   0.0000148833  -0.0002785275  -0.0001290064  -0.0001379423
        0.0000629210   0.0000707994   0.0001617682   0.0001042728   0.0000904121
        0.0000971305   0.0000396547  -0.0000031383  -0.0000369316  -0.0000027522
        0.0000056323  -0.0000015261  -0.0000012359   0.0000567865  -0.0000154128
        0.0000343076  -0.0000254139  -0.0000364880  -0.0000130554  -0.0000942782
        0.0000245015  -0.0000237862  -0.0000149123  -0.0000042119   0.0000115106
        0.0000489668   0.0000235296   0.0000565648  -0.0000507923   0.0000114797
       -0.0000065345   0.0000068283   0.0000137947  -0.0000125437   0.0000250143
        0.0000191961  -0.0000110227  -0.0000035468  -0.0000059210   0.0000019691
       -0.0000012867  -0.0000369313   0.0000066901  -0.0000191759  -0.0000534745
       -0.0000415005  -0.0000747971   0.0000358777
       -0.0015252944  -0.0036616115   0.0020860998  -0.0066097197   0.0192170736
       -0.0113018761   0.0089752598  -0.0019484236  -0.0056495899   0.0039503524
       -0.0012757782   0.0052243696   0.0849429183   0.0614163115  -0.1696963266
       -0.0126980972   0.0267127772  -0.0548975574   0.0031020808   0.0211307549
        0.0132368518  -0.0794392799  -0.1214836503   0.2216595665  -0.0010307583
       -0.0002998992  -0.0006068323   0.0008968555   0.0003668549   0.0000938477
       -0.0003222516  -0.0001467629  -0.0000851919  -0.0003864382  -0.0000461459
        0.0001210034  -0.0000066492   0.0000528425   0.0000666579  -0.0000004971
       -0.0000294715   0.0000359146  -0.0000345470  -0.0000045161   0.0000638591
       -0.0000544631   0.0000358791  -0.0000421739   0.0000398688   0.0000794755
       -0.0000776960   0.0000255962   0.0000187424   0.0000540078   0.0000445271
       -0.0000437656   0.0000517737   0.0000312593   0.0000169548  -0.0000347845
       -0.0000109917  -0.0000434058   0.0000340297  -0.0000003280   0.0000276645
        0.0000194625   0.0000119637   0.0000053473  -0.0000334451   0.0000021999
       -0.0000310085  -0.0000502325  -0.0000232601  -0.0000633870  -0.0000681704
        0.0001196937  -0.0000028521  -0.0002035673
        0.0007478298   0.0031798813  -0.0000153055  -0.0189241558  -0.0194448247
        0.0042996225  -0.0041618198   0.0016063342  -0.0006178314  -0.0081471196
       -0.0018576231   0.0006330315  -0.0006217387  -0.0015076555  -0.0003647005
        0.0010301658  -0.0000650600   0.0002006176   0.0009780594   0.0004845099
       -0.0002782931   0.0011159907   0.0003558338  -0.0010307583   0.0493850028
        0.0340769308  -0.0001375161  -0.0198111351  -0.0151407456  -0.0021943224
       -0.0013314297  -0.0002517428   0.0009928082  -0.0008643072  -0.0016279822
       -0.0009981442   0.0004844979  -0.0004261486   0.0003175770  -0.0003289977
       -0.0001815932   0.0001322608  -0.0001403327   0.0001845395  -0.0000082264
       -0.0002142455  -0.0000110083   0.0001227338   0.0003212105   0.0003850740
       -0.0002005374  -0.0000926948   0.0000541549   0.0007080467   0.0001471244
        0.0000810945   0.0000714279  -0.0000962159  -0.0001579637   0.0000350723
        0.0000103259   0.0000869072  -0.0003913721  -0.0000279195   0.0000395443
       -0.0000304146   0.0001540071  -0.0000050877  -0.0000145139   0.0001532690
       -0.0000629258   0.0000051722   0.0000782891  -0.0000738190  -0.0000129429
        0.0001563396   0.0002793755  -0.0012234917
        0.0016546492   0.0003136428   0.0004340612  -0.0204595303  -0.0051403976
       -0.0036835568  -0.0000327477  -0.0070534795   0.0013814690   0.0006943029
       -0.0074298612   0.0036651599   0.0003395032   0.0029056062   0.0008664510
        0.0008653131  -0.0005687158   0.0001961097  -0.0004610211  -0.0023304597
       -0.0005217155   0.0003509492  -0.0002341740  -0.0002998992   0.0340769308
        0.0377230000   0.0000504415  -0.0129897059  -0.0156441849  -0.0011486669
       -0.0023781606  -0.0012726253  -0.0000069733  -0.0019926003  -0.0006013681
       -0.0007570209  -0.0000779141   0.0006724169  -0.0003274111   0.0001218910
       -0.0001909590   0.0002008446   0.0000627065  -0.0001659409  -0.0000236034
        0.0001323056  -0.0001670429   0.0000173052  -0.0000957608  -0.0003512321
       -0.0002086032   0.0002206398  -0.0006245563  -0.0009846694  -0.0000842408
        0.0001130345  -0.0001960494   0.0000931701   0.0000788959   0.0002587707
        0.0001717242  -0.0000645770  -0.0000346332  -0.0000319944  -0.0001358460
        0.0001269136  -0.0000009858  -0.0001634053   0.0000044047  -0.0000259195
       -0.0001011619   0.0000099282   0.0000509868  -0.0001478301   0.0001881541
       -0.0002044911   0.0005812212   0.0007927888
       -0.0004003087   0.0002444324  -0.0023165089   0.0043039897  -0.0038931970
        0.0192947575   0.0033030315   0.0046849124  -0.0101819719  -0.0029998622
        0.0005659356  -0.0116684400   0.0000557947   0.0012868501   0.0006123771
       -0.0008166294   0.0001874798  -0.0004214526  -0.0004839038  -0.0008579688
       -0.0007860597   0.0003848641   0.0000148833  -0.0006068323  -0.0001375161
        0.0000504415   0.0108643357  -0.0026260045  -0.0017175870  -0.0029931669
       -0.0007707854  -0.0006279575  -0.0000449886   0.0012815048   0.0003964942
        0.0000600729   0.0001011463  -0.0001220088  -0.0005275143  -0.0000646268
       -0.0002720577  -0.0001038075  -0.0001503751   0.0001143475  -0.0000618518
       -0.0001300777  -0.0000092370   0.0000894031   0.0002286043  -0.0000465254
       -0.0000344108  -0.0018130243   0.0002691154   0.0008710641  -0.0001905053
       -0.0001119870  -0.0002281921  -0.0006292996  -0.0003302473  -0.0006422908
        0.0003659214   0.0000250074  -0.0001678320   0.0000297175   0.0000450416
       -0.0002078193   0.0000166047  -0.0000626667  -0.0000805936   0.0000589565
        0.0000014380   0.0000698287   0.0000429769   0.0001619024   0.0000889608
        0.0010398066   0.0000031588  -0.0008770668
       -0.0009382820  -0.0020718123  -0.0000841258   0.0055579290   0.0061966896
       -0.0003577474  -0.0029702502  -0.0030746838   0.0004718480  -0.0025479546
       -0.0032883615   0.0002777985   0.0022285904   0.0006663115  -0.0005574496
       -0.0008120764   0.0001305081  -0.0001447692  -0.0007523217  -0.0003807753
        0.0002626566  -0.0007765199  -0.0002785275   0.0008968555  -0.0198111351
       -0.0129897059  -0.0026260045   0.3544500420   0.0773513977   0.0647106287
       -0.0889656625  -0.0529158567  -0.0826228718  -0.1856043127  -0.0036567467
        0.0260754198  -0.0295877897   0.0071782443  -0.0026814716  -0.0013277095
        0.0034317657  -0.0041919519   0.0003000791   0.0013209934   0.0016110622
        0.0003001545  -0.0005047935  -0.0003188970  -0.0002734835   0.0005262839
        0.0013197538  -0.0001877480  -0.0025960162   0.0045597870  -0.0009406762
       -0.0041402130  -0.0008437305  -0.0051206707  -0.0020349515  -0.0047411226
       -0.0232254423  -0.0083294184   0.0027095130   0.0003409339  -0.0004622967
       -0.0008048605  -0.0001833830   0.0003054318  -0.0000322529  -0.0001509274
       -0.0002303235  -0.0004583045   0.0000342396  -0.0000428222  -0.0002157836
        0.0009643771  -0.0001103213  -0.0022139797
       -0.0005657582  -0.0008020939  -0.0000230710   0.0037431231   0.0014097706
        0.0005783553  -0.0016662477  -0.0005830978   0.0000703728  -0.0025464599
       -0.0011643310  -0.0001279617   0.0008226658  -0.0007527114  -0.0003071331
       -0.0005177683  -0.0000434507  -0.0001520789  -0.0003263948   0.0002990204
        0.0001529392  -0.0002927282  -0.0001290064   0.0003668549  -0.0151407456
       -0.0156441849  -0.0017175870   0.0773513977   0.1591179353   0.0657556259
       -0.0452451179  -0.0870058400  -0.0529109203  -0.0100818804  -0.0448265431
        0.0116024472   0.0282248524   0.0032126125   0.0035156915   0.0012702338
       -0.0024618720   0.0012380593   0.0003263401  -0.0008362068  -0.0013298846
        0.0002011732   0.0002730003  -0.0001334287  -0.0003789512   0.0007176426
       -0.0010512935   0.0003910412   0.0008964170   0.0013501013  -0.0291309613
       -0.0150632159  -0.0188634115   0.0059132523   0.0054251153  -0.0023710627
       -0.0151438193  -0.0018879545  -0.0056974026   0.0002411395   0.0000304874
       -0.0000122104   0.0002170836  -0.0001207768   0.0000088349   0.0003274709
        0.0002273680   0.0002917838   0.0000293687   0.0003120555   0.0000586265
        0.0019776904  -0.0006001397  -0.0002922465
       -0.0001126520  -0.0003943553   0.0000187837   0.0012124562   0.0019064517
       -0.0020040786  -0.0013905277  -0.0014069020   0.0008823738   0.0001520097
       -0.0001066323   0.0008457395   0.0003771564  -0.0000961505  -0.0007752653
       -0.0000326150   0.0000521820  -0.0002327591  -0.0001176551   0.0000209459
        0.0002193300  -0.0003240260  -0.0001379423   0.0000938477  -0.0021943224
       -0.0011486669  -0.0029931669   0.0647106287   0.0657556259   0.1893512967
       -0.0692881142  -0.0498296125  -0.1245771685   0.0133004978   0.0094354931
       -0.0402999318   0.0031690509  -0.0038466102   0.0006098709   0.0000139690
       -0.0000848969   0.0006610247   0.0002314227  -0.0003330752  -0.0000631831
        0.0000516463   0.0001936113  -0.0000795277  -0.0002933456  -0.0003658408
        0.0000257641  -0.0001707988   0.0004221623  -0.0000859350  -0.0053669025
       -0.0115785152  -0.0045630852  -0.0289806338  -0.0136991124  -0.0207372903
        0.0257485682   0.0049426856   0.0033567773  -0.0000812407   0.0000651654
        0.0003960487   0.0000985729  -0.0000349217   0.0001381440   0.0000063210
       -0.0000336335   0.0001153268  -0.0000700825  -0.0001561868  -0.0000248555
       -0.0006493835   0.0004587315  -0.0002780808
        0.0002382770   0.0005328152  -0.0000477475  -0.0013514833  -0.0017795658
        0.0004449037   0.0011907834   0.0009459940   0.0000753343   0.0006400345
        0.0010047738  -0.0004973902  -0.0006565564  -0.0002158919   0.0001361187
        0.0002286923  -0.0000391332  -0.0000139431   0.0002642201   0.0000353011
       -0.0001476490   0.0002263823   0.0000629210  -0.0003222516  -0.0013314297
       -0.0023781606  -0.0007707854  -0.0889656625  -0.0452451179  -0.0692881142
        0.2282012256  -0.0588068981  -0.0326140496  -0.0594771910   0.0487187089
        0.0876454472  -0.0065392892   0.0132751090   0.0092622688   0.0007606027
        0.0011034517  -0.0000072027  -0.0009397573   0.0001850603  -0.0003534585
        0.0001432704  -0.0001930676   0.0001701918  -0.0003573227  -0.0000985484
       -0.0004218674  -0.0002536397  -0.0011219368   0.0003157549  -0.0374273307
        0.0357077406  -0.0016968538  -0.0321697018   0.0041537789  -0.0023252397
       -0.0026854036   0.0036374953   0.0092160261   0.0000898602   0.0001805335
        0.0002629986  -0.0000539879   0.0001339826   0.0000264758   0.0001277125
        0.0001375360   0.0002138053   0.0000323834  -0.0000045397   0.0000444624
        0.0000653112   0.0000676579   0.0006927653
        0.0002513272   0.0005612880   0.0000078424  -0.0013955833  -0.0010753579
       -0.0000272736   0.0010548172   0.0007746774   0.0002291692   0.0009023486
        0.0008806290  -0.0000727012  -0.0004362486   0.0001944245   0.0000634535
        0.0002509580   0.0000502709   0.0000905505   0.0001656928  -0.0000010433
       -0.0000312814   0.0001275642   0.0000707994  -0.0001467629  -0.0002517428
       -0.0012726253  -0.0006279575  -0.0529158567  -0.0870058400  -0.0498296125
       -0.0588068981   0.5718890187   0.0189770964   0.0637535051  -0.0856551781
       -0.0837324347   0.0011198729  -0.0163230868  -0.0200760820  -0.0006750890
       -0.0019011426   0.0001440871   0.0013473417  -0.0002618687   0.0012214101
        0.0001490946   0.0001324720  -0.0003355293   0.0006953465   0.0004941380
        0.0006656518   0.0005608479  -0.0003425232  -0.0009224480   0.0393358369
       -0.2838441558   0.0148519507   0.0038238083  -0.1030012150   0.1071431295
        0.0015924242   0.0074288155   0.0131889305  -0.0002764715  -0.0001405989
       -0.0000969814   0.0000372228  -0.0001165685   0.0000375823  -0.0002654596
       -0.0001650382  -0.0003664417  -0.0000635975  -0.0000851823  -0.0001167916
       -0.0000810615  -0.0012851091  -0.0002385565
        0.0001263139   0.0002882524   0.0000958868  -0.0010652516  -0.0009857484
        0.0005242917   0.0007544179   0.0004899361  -0.0000147249   0.0004486146
        0.0004945470  -0.0003591291  -0.0004412534  -0.0000871425   0.0003018591
        0.0000974422   0.0000291292   0.0001251504   0.0001372334  -0.0000549014
        0.0000918485   0.0001963332   0.0001617682  -0.0000851919   0.0009928082
       -0.0000069733  -0.0000449886  -0.0826228718  -0.0529109203  -0.1245771685
       -0.0326140496   0.0189770964   0.6082676976   0.1070311041  -0.0748133927
       -0.1928911777   0.0045083020  -0.0049713552   0.0035663281  -0.0010008846
       -0.0002238383  -0.0001153471   0.0001769957  -0.0002861046   0.0003089572
       -0.0001700207   0.0001352694   0.0001085437   0.0005550747  -0.0002433679
       -0.0001102166  -0.0003539772   0.0024137725  -0.0010456619   0.0013955036
        0.0124001382  -0.0423785762   0.0020021565   0.1107144839  -0.2305704884
        0.0003404671  -0.0122601842  -0.0213713756  -0.0001889529  -0.0001424266
       -0.0001528805  -0.0000662339   0.0000184474  -0.0000141690  -0.0000570670
        0.0000173673  -0.0000046314   0.0000286439   0.0001704019   0.0000565094
       -0.0002108486   0.0006757455   0.0002886549
        0.0004651443   0.0009155345   0.0000417340  -0.0022542626  -0.0025923825
        0.0003097210   0.0019022379   0.0013880947   0.0002328884   0.0011589615
        0.0015363391  -0.0004977213  -0.0009296146  -0.0002475996   0.0002514518
        0.0003931004  -0.0000771315   0.0000919075   0.0003598358   0.0000520972
       -0.0000946526   0.0003835569   0.0001042728  -0.0003864382  -0.0008643072
       -0.0019926003   0.0012815048  -0.1856043127  -0.0100818804   0.0133004978
       -0.0594771910   0.0637535051   0.1070311041   0.3954067624  -0.0959290183
       -0.1792943893  -0.0804763966   0.0526180378   0.0011879522  -0.0211579048
        0.0235431972   0.0057618251  -0.0015708024   0.0000719056   0.0050455660
       -0.0009269746   0.0011103438   0.0000053914   0.0026967204  -0.0016201353
        0.0035006429   0.0055012029   0.0000889513  -0.0070592190  -0.0032857695
       -0.0005174215   0.0020444120  -0.0008123795   0.0002138992  -0.0007667628
       -0.0485151880  -0.0328548764   0.0496942089  -0.0005032002   0.0009505086
       -0.0015087191  -0.0005433826   0.0008792066  -0.0001407814  -0.0003521010
       -0.0002587581  -0.0005257928   0.0003170983  -0.0005491282   0.0003560841
       -0.0013108336  -0.0005049612   0.0001375844
        0.0001081865   0.0001048022  -0.0000250064  -0.0007806970   0.0001068641
        0.0000139336   0.0006474457   0.0001608951   0.0003212999   0.0006424008
        0.0002067027  -0.0002842185  -0.0000757996   0.0002353485   0.0000157915
        0.0001109903   0.0000703183   0.0000405697   0.0000826638  -0.0000049274
       -0.0000170416   0.0000113991   0.0000904121  -0.0000461459  -0.0016279822
       -0.0006013681   0.0003964942  -0.0036567467  -0.0448265431   0.0094354931
        0.0487187089  -0.0856551781  -0.0748133927  -0.0959290183   0.4727952088
       -0.0652850436   0.0564667778  -0.1735977241   0.0166376378   0.0135074673
       -0.0088420973  -0.0042185427   0.0014749518   0.0036998876   0.0012058576
        0.0004422764  -0.0011738253   0.0000862983  -0.0021493473  -0.0002252138
        0.0050061571   0.0085010013  -0.0307751129   0.0097448452   0.0215548590
       -0.0079357958  -0.0156821635  -0.0117636321   0.0028611376   0.0048478452
       -0.0340959918  -0.1258118839   0.1149896427  -0.0021425487   0.0003098485
       -0.0001089686  -0.0001492438  -0.0001537464   0.0001008676  -0.0005038642
       -0.0002775953  -0.0006269444   0.0005073360  -0.0008774175   0.0000715860
        0.0000984070   0.0001170034  -0.0018068516
       -0.0000240395   0.0000685929   0.0001151966   0.0000268158  -0.0002526518
        0.0004302530   0.0000489239  -0.0000406160  -0.0001258940  -0.0002565002
        0.0001296597  -0.0000502085  -0.0000681444  -0.0000293011   0.0001871988
       -0.0000651688   0.0000292245   0.0000982975   0.0000118589  -0.0000332509
        0.0001784160   0.0000855731   0.0000971305   0.0001210034  -0.0009981442
       -0.0007570209   0.0000600729   0.0260754198   0.0116024472  -0.0402999318
        0.0876454472  -0.0837324347  -0.1928911777  -0.1792943893  -0.0652850436
        0.4985294499  -0.0057366434   0.0232662442  -0.0635465893   0.0092448724
       -0.0115384670   0.0011126490   0.0050404876   0.0016925236   0.0027354183
        0.0003344994  -0.0001824758  -0.0003837156   0.0039131125   0.0053554205
        0.0020012759  -0.0088441840   0.0155018886  -0.0024349370  -0.0019640971
       -0.0017031099  -0.0026497332   0.0196149439  -0.0056247665  -0.0167497881
        0.0469571674   0.1145757366  -0.1826705060  -0.0001264824  -0.0020463410
       -0.0014413949   0.0004708580  -0.0006437365  -0.0000469058  -0.0006347586
       -0.0005264876  -0.0009749239  -0.0003424739   0.0009784729  -0.0000053527
       -0.0011149540  -0.0009016383  -0.0012981729
       -0.0000092300   0.0000353226  -0.0000828353   0.0001720376  -0.0002464463
        0.0006299975   0.0001048329   0.0002362531  -0.0001194982  -0.0002165696
       -0.0000015323  -0.0003457225   0.0000619159  -0.0000015494   0.0000252199
       -0.0000774814   0.0000400477  -0.0000200277  -0.0000300293   0.0000218533
        0.0000049382   0.0000049802   0.0000396547  -0.0000066492   0.0004844979
       -0.0000779141   0.0001011463  -0.0295877897   0.0282248524   0.0031690509
       -0.0065392892   0.0011198729   0.0045083020  -0.0804763966   0.0564667778
       -0.0057366434   0.4955436394  -0.0855174372  -0.2064824897  -0.2348908598
        0.0040536402   0.1280790260  -0.0343577617   0.0669102660  -0.0114562852
       -0.0314509090  -0.0187253532   0.0270741104   0.0409932512  -0.0211844221
       -0.0162079988  -0.1068149069  -0.0177786581   0.0479472146   0.0005405215
        0.0000926894  -0.0005809398  -0.0000803003   0.0000188748   0.0002962110
        0.0040269472  -0.0049414166   0.0011535428  -0.0099523963  -0.0010867265
        0.0075366523   0.0011836305   0.0043198254   0.0021545077  -0.0001126623
       -0.0006286052   0.0003563594   0.0012167393   0.0045292564   0.0021239476
       -0.0097364117  -0.0159191257   0.0158788634
        0.0000939756  -0.0001181005   0.0000774587  -0.0003784623   0.0003071902
       -0.0001848933   0.0000323577  -0.0001879218   0.0001153816   0.0004616282
       -0.0002244173   0.0000397987   0.0000680400   0.0000568125  -0.0000336233
        0.0000038768  -0.0000501604  -0.0000236539  -0.0000510912   0.0000057736
        0.0000014970  -0.0000273314  -0.0000031383   0.0000528425  -0.0004261486
        0.0006724169  -0.0001220088   0.0071782443   0.0032126125  -0.0038466102
        0.0132751090  -0.0163230868  -0.0049713552   0.0526180378  -0.1735977241
        0.0232662442  -0.0855174372   0.5266267263  -0.1377705109   0.0582351850
       -0.0866600932  -0.0180924623   0.0222537484   0.0067902562  -0.0191713083
       -0.0190026117  -0.0049704598   0.0120373116   0.0226633774  -0.0540555681
        0.0132693412  -0.0685037625  -0.1852554119   0.1153518664   0.0020078905
       -0.0003660984  -0.0007352757  -0.0008658329   0.0006571707   0.0004650227
        0.0049980745  -0.0161868328   0.0036482912  -0.0170956395   0.0009056509
        0.0116755397   0.0046566379  -0.0027633822   0.0026411233  -0.0006302340
        0.0006925604   0.0001846461   0.0042922479  -0.0025972758   0.0026578352
       -0.0003398796   0.0034325010  -0.0005324982
       -0.0000891950  -0.0000855130   0.0000384320   0.0004719491   0.0004743178
       -0.0001871741  -0.0002816423  -0.0002332155  -0.0000273587  -0.0002565680
       -0.0000945473   0.0002913855   0.0001066370  -0.0000214766  -0.0000740644
       -0.0000051040   0.0000125603  -0.0000209791  -0.0000546127  -0.0000317282
        0.0000936111  -0.0000269062  -0.0000369316   0.0000666579   0.0003175770
       -0.0003274111  -0.0005275143  -0.0026814716   0.0035156915   0.0006098709
        0.0092622688  -0.0200760820   0.0035663281   0.0011879522   0.0166376378
       -0.0635465893  -0.2064824897  -0.1377705109   0.3541328236   0.0999572011
        0.0177376110  -0.1287587837   0.0115713658  -0.0489157851   0.0181821286
        0.0271133189   0.0123378086  -0.0308906116  -0.0399452776   0.0425240113
        0.0043806954   0.0740727596   0.0810424099  -0.1426759029   0.0033933584
       -0.0006436997  -0.0016793460  -0.0004533056  -0.0005939232   0.0003377887
       -0.0067757299   0.0185796680  -0.0034429298   0.0168467557   0.0006791346
       -0.0107166285   0.0021299383   0.0029420648   0.0051305271   0.0005649683
        0.0001543627  -0.0001189563   0.0024448357   0.0024204076   0.0053257983
        0.0076114166   0.0097731384  -0.0094892084
       -0.0000339489   0.0000364788   0.0000094957  -0.0002099924  -0.0003892679
        0.0001406731   0.0001638717   0.0001174920   0.0000873773   0.0001343364
        0.0002367559  -0.0002036116  -0.0000753373  -0.0000307496   0.0000262451
        0.0000021180  -0.0000190106   0.0000134002  -0.0000072750  -0.0000134162
        0.0000131443   0.0000031303  -0.0000027522  -0.0000004971  -0.0003289977
        0.0001218910  -0.0000646268  -0.0013277095   0.0012702338   0.0000139690
        0.0007606027  -0.0006750890  -0.0010008846  -0.0211579048   0.0135074673
        0.0092448724  -0.2348908598   0.0582351850   0.0999572011   0.4953500920
       -0.1091421020  -0.2014556517  -0.1453058939   0.0795638022   0.0207472110
        0.0428416116   0.0219848837  -0.0401825882  -0.0418115585   0.0292925811
        0.0090618017  -0.0145680214  -0.0594681383   0.0432601102   0.0001371317
       -0.0003003248   0.0000764434  -0.0001604746   0.0000038766   0.0001328745
        0.0008039574  -0.0017570062   0.0001481361  -0.0685785676  -0.0549780149
        0.0534994758  -0.0155643909   0.0222919362  -0.0008962283   0.0022252172
       -0.0001739178   0.0041857450  -0.0003417610   0.0004619427  -0.0000827718
        0.0019406240  -0.0001747368   0.0032686842
        0.0000474007   0.0000901012   0.0000281079  -0.0002345473  -0.0001870866
       -0.0000391147   0.0000934099   0.0000961015  -0.0000519065   0.0000875426
        0.0001569488   0.0001284828  -0.0000833433  -0.0000784544  -0.0000111515
        0.0000968042  -0.0000541672   0.0000573505  -0.0000091447  -0.0000201925
        0.0000500050   0.0000445946   0.0000056323  -0.0000294715  -0.0001815932
       -0.0001909590  -0.0002720577   0.0034317657  -0.0024618720  -0.0000848969
        0.0011034517  -0.0019011426  -0.0002238383   0.0235431972  -0.0088420973
       -0.0115384670   0.0040536402  -0.0866600932   0.0177376110  -0.1091421020
        0.5639910786  -0.1688397011   0.1385523123  -0.2486139207   0.0161331874
       -0.0223980819  -0.0534062014   0.0447006916   0.0288845760  -0.0200375398
       -0.0117885775  -0.0182381570   0.0328381163  -0.0043013921   0.0004163922
        0.0000576234  -0.0002955195  -0.0000186360  -0.0001977955   0.0000429727
        0.0012821504   0.0003097100  -0.0015236237  -0.0557879346  -0.1673367340
        0.1107756445   0.0044134235  -0.0048507313  -0.0002534484  -0.0001602639
       -0.0014267362   0.0051207553   0.0005231223   0.0002788108  -0.0005177615
       -0.0003199797  -0.0015583995   0.0049961192
        0.0000294478  -0.0000766688   0.0000690481   0.0003182270   0.0003980660
       -0.0002346735  -0.0002566317  -0.0002014773   0.0000966375   0.0000071302
       -0.0002345338   0.0001563239   0.0001078673   0.0000513839  -0.0000851726
       -0.0000158125   0.0000048800  -0.0000884896  -0.0000608329   0.0000023762
        0.0000413041  -0.0000309951  -0.0000015261   0.0000359146   0.0001322608
        0.0002008446  -0.0001038075  -0.0041919519   0.0012380593   0.0006610247
       -0.0000072027   0.0001440871  -0.0001153471   0.0057618251  -0.0042185427
        0.0011126490   0.1280790260  -0.0180924623  -0.1287587837  -0.2014556517
       -0.1688397011   0.3506295293  -0.0103294920   0.0559617063  -0.0719638127
       -0.0161521521   0.0145946403   0.0041146748   0.0085774748  -0.0118624453
       -0.0051439363   0.0211032574   0.0227150063  -0.0248581026  -0.0001978422
        0.0000599273   0.0000344784   0.0000375358   0.0000472733  -0.0000665061
       -0.0014322063   0.0006813523   0.0004917790   0.0537261924   0.1104337208
       -0.1322446241   0.0087077329  -0.0122467533   0.0014614111   0.0039569678
        0.0051557362   0.0024188485  -0.0001606868  -0.0005263418   0.0002053519
        0.0037465123   0.0046113926   0.0021342809
        0.0000180357   0.0000353192  -0.0000051193  -0.0001363448  -0.0001342868
        0.0000937923   0.0000285801   0.0001112897  -0.0001012848   0.0000043999
        0.0000646559   0.0000783447  -0.0000492984  -0.0000182009   0.0000503744
        0.0000650393  -0.0000191325   0.0000459590  -0.0000019533  -0.0000291106
       -0.0000017347   0.0000327088  -0.0000012359  -0.0000345470  -0.0001403327
        0.0000627065  -0.0001503751   0.0003000791   0.0003263401   0.0002314227
       -0.0009397573   0.0013473417   0.0001769957  -0.0015708024   0.0014749518
        0.0050404876  -0.0343577617   0.0222537484   0.0115713658  -0.1453058939
        0.1385523123  -0.0103294920   0.5286631563  -0.1118030458  -0.2169912881
       -0.1095050282  -0.0730736406   0.0797538199  -0.0151319452  -0.0197285980
        0.0216283071   0.0006004939   0.0049222691  -0.0064331493  -0.0002565875
        0.0000453993   0.0000695383   0.0000218355   0.0000050786  -0.0001000577
       -0.0001493191  -0.0002791938   0.0001515973   0.0048772395  -0.0074949891
        0.0010805044  -0.2299552699   0.0306480007   0.1174523711   0.0046636613
        0.0108405597  -0.0084521996  -0.0022861527   0.0019748780   0.0056233063
        0.0005112176  -0.0000834171  -0.0004489390
        0.0000367787   0.0001151863  -0.0000101539   0.0000782619   0.0000339430
       -0.0000144594  -0.0000172761   0.0000357707   0.0000030556  -0.0000758922
        0.0000808632   0.0000253445   0.0000468793  -0.0000132972  -0.0000444089
       -0.0000094031   0.0000236497  -0.0000122300  -0.0000575842   0.0000847773
        0.0000601544  -0.0000016911   0.0000567865  -0.0000045161   0.0001845395
       -0.0001659409   0.0001143475   0.0013209934  -0.0008362068  -0.0003330752
        0.0001850603  -0.0002618687  -0.0002861046   0.0000719056   0.0036998876
        0.0016925236   0.0669102660   0.0067902562  -0.0489157851   0.0795638022
       -0.2486139207   0.0559617063  -0.1118030458   0.5447390580  -0.1552070749
       -0.0139106396  -0.2030908578   0.0912492472  -0.0633211591   0.0364596311
        0.0245459384   0.0044165946  -0.0541183733   0.0230644574   0.0001130935
       -0.0000970973   0.0000525656  -0.0000902881   0.0000745598   0.0001831661
       -0.0002858642   0.0000822551   0.0001114015   0.0103561874  -0.0203362963
        0.0046453055   0.0310568230  -0.0460136504  -0.0144002351  -0.0067472636
       -0.0203234529   0.0160699214   0.0022357878   0.0021749823   0.0015642376
       -0.0002568662  -0.0005806446  -0.0001153295
       -0.0000371459  -0.0000299527   0.0001023461   0.0001574538  -0.0000203685
       -0.0000522596  -0.0001142325   0.0000153070   0.0001722263   0.0000278265
       -0.0000219327  -0.0000124755   0.0000231134   0.0000198475   0.0000411829
       -0.0000151101  -0.0000093290  -0.0000194562  -0.0000501550   0.0000491312
        0.0000127919  -0.0000116081  -0.0000154128   0.0000638591  -0.0000082264
       -0.0000236034  -0.0000618518   0.0016110622  -0.0013298846  -0.0000631831
       -0.0003534585   0.0012214101   0.0003089572   0.0050455660   0.0012058576
        0.0027354183  -0.0114562852  -0.0191713083   0.0181821286   0.0207472110
        0.0161331874  -0.0719638127  -0.2169912881  -0.1552070749   0.3516051490
        0.0483398786   0.1318567084  -0.1530494863   0.0449877653  -0.0051479769
       -0.0260566267  -0.0062105678   0.0229470893  -0.0132099871  -0.0002970503
        0.0000981122   0.0001281148   0.0000486392  -0.0000081736  -0.0000745629
        0.0000914414  -0.0001544224   0.0000134027  -0.0085031095   0.0163593657
       -0.0025567047   0.1169816319  -0.0145061412  -0.1071157424   0.0009129156
        0.0039582594  -0.0022697725   0.0055218173   0.0016336953   0.0031262265
       -0.0004480849   0.0001476101   0.0000141181
        0.0001173849   0.0000377708  -0.0000357303  -0.0002784365  -0.0000640738
        0.0001039063   0.0000867114   0.0000922142  -0.0000267234   0.0002175653
       -0.0001232266  -0.0000537567  -0.0000263607   0.0000280677   0.0000204827
        0.0000159525  -0.0000037304  -0.0000146657  -0.0000211519   0.0000288166
       -0.0000389572   0.0000154101   0.0000343076  -0.0000544631  -0.0002142455
        0.0001323056  -0.0001300777   0.0003001545   0.0002011732   0.0000516463
        0.0001432704   0.0001490946  -0.0001700207  -0.0009269746   0.0004422764
        0.0003344994  -0.0314509090  -0.0190026117   0.0271133189   0.0428416116
       -0.0223980819  -0.0161521521  -0.1095050282  -0.0139106396   0.0483398786
        0.5101883229  -0.1203072087  -0.1956650644  -0.2502732010   0.0037119168
        0.1300200863  -0.0351439657   0.0675268094  -0.0107794807  -0.0001338464
        0.0000677221  -0.0000391095   0.0000339114  -0.0000873162  -0.0002046572
        0.0000610796  -0.0001138863  -0.0000577201   0.0010205455   0.0048162843
        0.0019519981  -0.0102162079  -0.0174170162   0.0166860298  -0.1084539477
        0.1116540386  -0.0107415655  -0.0097783705   0.0000714612   0.0070972154
        0.0013807252   0.0044335323   0.0024450827
       -0.0000628031   0.0000429699   0.0000128315   0.0001956766  -0.0001013013
       -0.0000497209  -0.0000172666   0.0000444258   0.0001095179  -0.0000175108
        0.0001252632  -0.0001187591   0.0000922690  -0.0000239683  -0.0000074318
       -0.0000562239  -0.0000234131  -0.0000303100  -0.0000988156   0.0000628889
        0.0000151127  -0.0000514345  -0.0000254139   0.0000358791  -0.0000110083
       -0.0001670429  -0.0000092370  -0.0005047935   0.0002730003   0.0001936113
       -0.0001930676   0.0001324720   0.0001352694   0.0011103438  -0.0011738253
       -0.0001824758  -0.0187253532  -0.0049704598   0.0123378086   0.0219848837
       -0.0534062014   0.0145946403  -0.0730736406  -0.2030908578   0.1318567084
       -0.1203072087   0.5722418603  -0.1606582492   0.0636068676  -0.0929830273
       -0.0198198472   0.0229565105   0.0093031658  -0.0193449519  -0.0000342007
        0.0000757240   0.0000336857   0.0000766303   0.0000020903   0.0000068602
       -0.0000632750   0.0003121601  -0.0000866576   0.0043971359  -0.0027355899
        0.0027700182   0.0002059720   0.0022369920  -0.0011444191   0.1113874109
       -0.2252285406   0.0257662232  -0.0174671579   0.0019301701   0.0111393548
        0.0046700597  -0.0028535411   0.0024445386
       -0.0000204816   0.0000150155   0.0000474926   0.0000895693  -0.0001022770
       -0.0000921846  -0.0000881922   0.0001071496   0.0000307621  -0.0000505322
        0.0000660028   0.0000355849   0.0000014918  -0.0000058155   0.0000840941
        0.0000482887  -0.0000325377  -0.0000144405  -0.0000338443   0.0000494013
       -0.0001017691   0.0000153513  -0.0000364880  -0.0000421739   0.0001227338
        0.0000173052   0.0000894031  -0.0003188970  -0.0001334287  -0.0000795277
        0.0001701918  -0.0003355293   0.0001085437   0.0000053914   0.0000862983
       -0.0003837156   0.0270741104   0.0120373116  -0.0308906116  -0.0401825882
        0.0447006916   0.0041146748   0.0797538199   0.0912492472  -0.1530494863
       -0.1956650644  -0.1606582492   0.3376124322   0.0985284600   0.0207188994
       -0.1251225281   0.0126695888  -0.0492901978   0.0192466217   0.0001257986
       -0.0000736759   0.0000117756  -0.0000817446   0.0000203247   0.0000921960
        0.0000025299  -0.0000296604   0.0001634351   0.0024518921   0.0026510720
        0.0050959989   0.0074687134   0.0111865832  -0.0098594950  -0.0105517327
        0.0257940620  -0.0423303387   0.0164087532  -0.0005906619  -0.0096552775
        0.0020563930   0.0025891569   0.0048885339
       -0.0001283268  -0.0001308950  -0.0000588390   0.0003390539   0.0000949877
        0.0002649980  -0.0000195011   0.0000312819  -0.0000448415  -0.0003078075
       -0.0000905938  -0.0001829569   0.0001170264   0.0000207326  -0.0000189021
       -0.0001102422   0.0000050589  -0.0000328770  -0.0000812498   0.0000068176
       -0.0000275627  -0.0000628737  -0.0000130554   0.0000398688   0.0003212105
       -0.0000957608   0.0002286043  -0.0002734835  -0.0003789512  -0.0002933456
       -0.0003573227   0.0006953465   0.0005550747   0.0026967204  -0.0021493473
        0.0039131125   0.0409932512   0.0226633774  -0.0399452776  -0.0418115585
        0.0288845760   0.0085774748  -0.0151319452  -0.0633211591   0.0449877653
       -0.2502732010   0.0636068676   0.0985284600   0.5067311882  -0.0999495785
       -0.2053878661  -0.1433044392   0.0825786032   0.0219439635   0.0000208536
       -0.0000685777   0.0000614547  -0.0002474403   0.0000235043  -0.0000594528
        0.0003515615  -0.0008302679   0.0004450194  -0.0002221855   0.0003971118
       -0.0001625058   0.0021742098  -0.0001060916   0.0041912500  -0.0149188316
        0.0044893503   0.0082259848  -0.0712010776  -0.0584456024   0.0545208990
       -0.0152935892   0.0220822646  -0.0002695027
       -0.0000875114  -0.0001753579   0.0000842773   0.0004781425   0.0005074035
       -0.0003550263  -0.0003012419  -0.0001134640   0.0000347687  -0.0004021099
       -0.0001885630   0.0002837696   0.0001485772   0.0000364218  -0.0000157803
       -0.0000104782  -0.0000662038   0.0000293544  -0.0000828175  -0.0000269552
       -0.0000355084  -0.0000598834  -0.0000942782   0.0000794755   0.0003850740
       -0.0003512321  -0.0000465254   0.0005262839   0.0007176426  -0.0003658408
       -0.0000985484   0.0004941380  -0.0002433679  -0.0016201353  -0.0002252138
        0.0053554205  -0.0211844221  -0.0540555681   0.0425240113   0.0292925811
       -0.0200375398  -0.0118624453  -0.0197285980   0.0364596311  -0.0051479769
        0.0037119168  -0.0929830273   0.0207188994  -0.0999495785   0.5701966825
       -0.1692530387   0.1404552422  -0.2587153689   0.0144828044  -0.0002263538
        0.0002199671   0.0000765042   0.0002119280  -0.0001132743  -0.0001589611
        0.0003794078  -0.0010686938   0.0000327331   0.0002554680   0.0000820654
       -0.0005908867  -0.0005428350  -0.0013836626   0.0052634429   0.0223767436
       -0.0048538488  -0.0118457612  -0.0587616705  -0.1700492211   0.1105297658
        0.0048348188  -0.0042124795   0.0004258919
        0.0000613709   0.0002383570   0.0000080092  -0.0001175141  -0.0005802748
        0.0000595072   0.0000561337   0.0002088668  -0.0000010589   0.0001739934
        0.0002630157  -0.0000472475  -0.0000493160  -0.0000468124   0.0000961185
        0.0000301466  -0.0000105706  -0.0000397623  -0.0000084986   0.0001171710
       -0.0001011393   0.0000361738   0.0000245015  -0.0000776960  -0.0002005374
       -0.0002086032  -0.0000344108   0.0013197538  -0.0010512935   0.0000257641
       -0.0004218674   0.0006656518  -0.0001102166   0.0035006429   0.0050061571
        0.0020012759  -0.0162079988   0.0132693412   0.0043806954   0.0090618017
       -0.0117885775  -0.0051439363   0.0216283071   0.0245459384  -0.0260566267
        0.1300200863  -0.0198198472  -0.1251225281  -0.2053878661  -0.1692530387
        0.3464502156  -0.0095081660   0.0549146150  -0.0705823116  -0.0001560011
       -0.0000044930   0.0001959180   0.0000709764   0.0002285770  -0.0000014336
       -0.0003127315   0.0005516986  -0.0001851994  -0.0002005424  -0.0004797239
        0.0001454151   0.0042195008   0.0051379101   0.0023185229  -0.0012602534
        0.0001036947   0.0017671547   0.0546818468   0.1101268496  -0.1315420809
        0.0089705587  -0.0121591108   0.0015970514
        0.0002256721   0.0003691907   0.0002256310  -0.0007986652  -0.0006562382
       -0.0004051104   0.0003150587   0.0004610178   0.0001724203   0.0010447332
        0.0004379466   0.0004359342  -0.0000415741   0.0000974244  -0.0000379289
        0.0001953888  -0.0000648150   0.0000616898   0.0000168519  -0.0000890069
       -0.0000000718   0.0000345388  -0.0000237862   0.0000255962  -0.0000926948
        0.0002206398  -0.0018130243  -0.0001877480   0.0003910412  -0.0001707988
       -0.0002536397   0.0005608479  -0.0003539772   0.0055012029   0.0085010013
       -0.0088441840  -0.1068149069  -0.0685037625   0.0740727596  -0.0145680214
       -0.0182381570   0.0211032574   0.0006004939   0.0044165946  -0.0062105678
       -0.0351439657   0.0229565105   0.0126695888  -0.1433044392   0.1404552422
       -0.0095081660   0.5107939315  -0.1155400491  -0.2059850257  -0.0003100474
       -0.0000293936   0.0003948416   0.0002232473   0.0005814141   0.0003500427
       -0.0009622765   0.0035206289  -0.0001546029  -0.0021613240   0.0019408035
        0.0055849970   0.0005649516  -0.0001140143  -0.0005569631  -0.0024364259
        0.0023295773   0.0055243496   0.0045808738  -0.0069237010   0.0013328369
       -0.2170212155   0.0229430430   0.1120864758
       -0.0000658219  -0.0000810512  -0.0001026449   0.0006874647   0.0002991766
        0.0001083936  -0.0002993779  -0.0000425673  -0.0002287855  -0.0005423987
       -0.0001180512   0.0000987604   0.0001374947  -0.0000370822  -0.0000077438
       -0.0001067935   0.0000252890  -0.0000410487  -0.0000702514   0.0000846752
       -0.0000124292  -0.0000280898  -0.0000149123   0.0000187424   0.0000541549
       -0.0006245563   0.0002691154  -0.0025960162   0.0008964170   0.0004221623
       -0.0011219368  -0.0003425232   0.0024137725   0.0000889513  -0.0307751129
        0.0155018886  -0.0177786581  -0.1852554119   0.0810424099  -0.0594681383
        0.0328381163   0.0227150063   0.0049222691  -0.0541183733   0.0229470893
        0.0675268094   0.0093031658  -0.0492901978   0.0825786032  -0.2587153689
        0.0549146150  -0.1155400491   0.5525947389  -0.1479657784   0.0002890807
       -0.0000569089   0.0000211221  -0.0003900416   0.0001565173   0.0004953439
        0.0022615398  -0.0034848631   0.0009955580   0.0024697140   0.0019810367
        0.0012214895  -0.0000258724  -0.0004794171   0.0003887897   0.0021721412
        0.0019582636   0.0015001675   0.0104298540  -0.0209301302   0.0041289704
        0.0244153687  -0.0450610662  -0.0115547687
       -0.0003820795  -0.0002603459  -0.0002095661   0.0014868842   0.0002843721
        0.0006649588  -0.0003880875  -0.0001403318  -0.0002063090  -0.0017032193
       -0.0001794759  -0.0002430202   0.0001138929  -0.0000974179  -0.0000778203
       -0.0002585466   0.0000896840  -0.0001042728  -0.0000997296   0.0001041703
        0.0000087952  -0.0001098513  -0.0000042119   0.0000540078   0.0007080467
       -0.0009846694   0.0008710641   0.0045597870   0.0013501013  -0.0000859350
        0.0003157549  -0.0009224480  -0.0010456619  -0.0070592190   0.0097448452
       -0.0024349370   0.0479472146   0.1153518664  -0.1426759029   0.0432601102
       -0.0043013921  -0.0248581026  -0.0064331493   0.0230644574  -0.0132099871
       -0.0107794807  -0.0193449519   0.0192466217   0.0219439635   0.0144828044
       -0.0705823116  -0.2059850257  -0.1479657784   0.3327515971   0.0001551089
       -0.0000214547   0.0002270191  -0.0001260692  -0.0004922808  -0.0001112013
        0.0003490306   0.0004809647   0.0004408483   0.0052222655   0.0016132995
        0.0027283539  -0.0006197438   0.0001743901  -0.0001306780   0.0055092361
        0.0015741904   0.0032585833  -0.0082041021   0.0160705942  -0.0024553837
        0.1105770087  -0.0096709816  -0.1018207600
       -0.0000071751  -0.0000513695   0.0000296512   0.0000257896   0.0000383942
       -0.0001406182  -0.0000712014  -0.0000576347   0.0000359396   0.0000831826
       -0.0000302093   0.0001444566  -0.0000197376  -0.0000774802  -0.0000341919
       -0.0000064057   0.0000378217   0.0000373833   0.0000934410   0.0000236503
        0.0000401247   0.0000086583   0.0000115106   0.0000445271   0.0001471244
       -0.0000842408  -0.0001905053  -0.0009406762  -0.0291309613  -0.0053669025
       -0.0374273307   0.0393358369   0.0013955036  -0.0032857695   0.0215548590
       -0.0019640971   0.0005405215   0.0020078905   0.0033933584   0.0001371317
        0.0004163922  -0.0001978422  -0.0002565875   0.0001130935  -0.0002970503
       -0.0001338464  -0.0000342007   0.0001257986   0.0000208536  -0.0002263538
       -0.0001560011  -0.0003100474   0.0002890807   0.0001551089   0.0404105152
       -0.0338792678   0.0030362023   0.0009487111   0.0000103117   0.0006561631
       -0.0000749260  -0.0003675899  -0.0008785511   0.0000434337   0.0000538641
        0.0000602831  -0.0000352410   0.0000353040  -0.0000281251   0.0000461831
        0.0000281808   0.0000426435   0.0000082129   0.0000077964   0.0000053274
        0.0000551860  -0.0000246784   0.0000514133
        0.0000270734   0.0000377255  -0.0000142962  -0.0000219985  -0.0002019180
        0.0003899841   0.0000930696  -0.0000025545   0.0000058535  -0.0001968941
        0.0000119052  -0.0003077934  -0.0001028453   0.0000151194   0.0000759867
        0.0000312250  -0.0000326773   0.0000527630  -0.0000165491  -0.0000229124
       -0.0000998449   0.0000222110   0.0000489668  -0.0000437656   0.0000810945
        0.0001130345  -0.0001119870  -0.0041402130  -0.0150632159  -0.0115785152
        0.0357077406  -0.2838441558   0.0124001382  -0.0005174215  -0.0079357958
       -0.0017031099   0.0000926894  -0.0003660984  -0.0006436997  -0.0003003248
        0.0000576234   0.0000599273   0.0000453993  -0.0000970973   0.0000981122
        0.0000677221   0.0000757240  -0.0000736759  -0.0000685777   0.0002199671
       -0.0000044930  -0.0000293936  -0.0000569089  -0.0000214547  -0.0338792678
        0.3195302951  -0.0011323021   0.0028603083  -0.0131096672   0.0025377522
        0.0000240562   0.0004572391   0.0002893230   0.0000279338  -0.0000197099
       -0.0000576360   0.0000080165   0.0000039621   0.0000152613   0.0000197064
        0.0000052125   0.0000128549  -0.0000013659   0.0000488535  -0.0000078252
        0.0001666053   0.0001270832  -0.0001375576
        0.0000025283   0.0000105064   0.0000218508   0.0000884369   0.0003333346
       -0.0003121844  -0.0001087446  -0.0002355448   0.0000703298   0.0000653403
        0.0000181456   0.0002820413   0.0000445762  -0.0000470430  -0.0002084303
       -0.0000038186   0.0000623401  -0.0000580281  -0.0000029128  -0.0000874491
        0.0002728284  -0.0000114258   0.0000235296   0.0000517737   0.0000714279
       -0.0001960494  -0.0002281921  -0.0008437305  -0.0188634115  -0.0045630852
       -0.0016968538   0.0148519507  -0.0423785762   0.0020444120  -0.0156821635
       -0.0026497332  -0.0005809398  -0.0007352757  -0.0016793460   0.0000764434
       -0.0002955195   0.0000344784   0.0000695383   0.0000525656   0.0001281148
       -0.0000391095   0.0000336857   0.0000117756   0.0000614547   0.0000765042
        0.0001959180   0.0003948416   0.0000211221   0.0002270191   0.0030362023
       -0.0011323021   0.0508207502  -0.0030376748   0.0226644137  -0.0003379709
        0.0006748974  -0.0006349870   0.0002387324  -0.0000949898  -0.0000671419
       -0.0000405441   0.0000001552  -0.0000039981   0.0000205136  -0.0000464752
        0.0000002759   0.0000290132  -0.0000024249   0.0000508950   0.0000730751
       -0.0001611542  -0.0002183837  -0.0000221240
        0.0000363791   0.0000840128   0.0000709298  -0.0002136008  -0.0001521580
       -0.0003871421   0.0000463685  -0.0000474628   0.0001010564   0.0001662356
        0.0002610178   0.0002440848  -0.0001161010  -0.0000290084  -0.0000930914
        0.0000560585   0.0000410104   0.0000624775   0.0001132147   0.0000613710
        0.0000624659   0.0000069119   0.0000565648   0.0000312593  -0.0000962159
        0.0000931701  -0.0006292996  -0.0051206707   0.0059132523  -0.0289806338
       -0.0321697018   0.0038238083   0.0020021565  -0.0008123795  -0.0117636321
        0.0196149439  -0.0000803003  -0.0008658329  -0.0004533056  -0.0001604746
       -0.0000186360   0.0000375358   0.0000218355  -0.0000902881   0.0000486392
        0.0000339114   0.0000766303  -0.0000817446  -0.0002474403   0.0002119280
        0.0000709764   0.0002232473  -0.0003900416  -0.0001260692   0.0009487111
        0.0028603083  -0.0030376748   0.0362991571  -0.0021316267   0.0079942085
        0.0006531526   0.0023378712   0.0036144772   0.0000906323  -0.0000119259
       -0.0000440203   0.0000129066  -0.0000352915  -0.0000097102   0.0000023962
       -0.0000241957  -0.0000047850   0.0000096614  -0.0000307739  -0.0000080458
        0.0002961049  -0.0002300717  -0.0000996887
        0.0000039823  -0.0000805834   0.0000809736  -0.0000187664   0.0001188549
       -0.0003099058  -0.0001394549   0.0000770676   0.0000789026   0.0002484375
       -0.0000321206   0.0002052316   0.0001183475   0.0000177302   0.0001091252
       -0.0000150224  -0.0000504176  -0.0000191779  -0.0000314039   0.0000828636
       -0.0001326548  -0.0000209309  -0.0000507923   0.0000169548  -0.0001579637
        0.0000788959  -0.0003302473  -0.0020349515   0.0054251153  -0.0136991124
        0.0041537789  -0.1030012150   0.1107144839   0.0002138992   0.0028611376
       -0.0056247665   0.0000188748   0.0006571707  -0.0005939232   0.0000038766
       -0.0001977955   0.0000472733   0.0000050786   0.0000745598  -0.0000081736
       -0.0000873162   0.0000020903   0.0000203247   0.0000235043  -0.0001132743
        0.0002285770   0.0005814141   0.0001565173  -0.0004922808   0.0000103117
       -0.0131096672   0.0226644137  -0.0021316267   0.1087720054  -0.1116397827
       -0.0001012663  -0.0003184045  -0.0010191928  -0.0000543577  -0.0000209779
        0.0000736398  -0.0000116205  -0.0000037818   0.0000382012  -0.0000714871
        0.0000019216  -0.0000164843  -0.0000051935  -0.0000524081   0.0000031517
       -0.0005001438  -0.0012944920  -0.0003955509
        0.0001060591   0.0001221694  -0.0000520939  -0.0003255887  -0.0000770921
        0.0001873514   0.0001893430  -0.0000770804  -0.0000071583   0.0001912522
        0.0001725370  -0.0000553973  -0.0000656293   0.0000654445  -0.0000973679
        0.0000774526   0.0000237932   0.0000057454   0.0000003770  -0.0001680319
        0.0001582180   0.0000211846   0.0000114797  -0.0000347845   0.0000350723
        0.0002587707  -0.0006422908  -0.0047411226  -0.0023710627  -0.0207372903
       -0.0023252397   0.1071431295  -0.2305704884  -0.0007667628   0.0048478452
       -0.0167497881   0.0002962110   0.0004650227   0.0003377887   0.0001328745
        0.0000429727  -0.0000665061  -0.0001000577   0.0001831661  -0.0000745629
       -0.0002046572   0.0000068602   0.0000921960  -0.0000594528  -0.0001589611
       -0.0000014336   0.0003500427   0.0004953439  -0.0001112013   0.0006561631
        0.0025377522  -0.0003379709   0.0079942085  -0.1116397827   0.2692827829
       -0.0008988074  -0.0013642921  -0.0010776767  -0.0001242546   0.0000007908
        0.0000665530  -0.0000422977   0.0000568783  -0.0000131477  -0.0000503930
        0.0000307259  -0.0000107551  -0.0000442248   0.0000642157  -0.0000252328
       -0.0003017524  -0.0006725947   0.0005345111
       -0.0000127868  -0.0000719105  -0.0000535029   0.0000913464   0.0001599916
        0.0001055090  -0.0000337474  -0.0000591478  -0.0000400192  -0.0000440301
       -0.0001499359  -0.0000393982   0.0000702854   0.0000528546  -0.0000250884
       -0.0000261476   0.0000298365  -0.0000442848  -0.0000093691  -0.0000626693
       -0.0000115411  -0.0000112403  -0.0000065345  -0.0000109917   0.0000103259
        0.0001717242   0.0003659214  -0.0232254423  -0.0151438193   0.0257485682
       -0.0026854036   0.0015924242   0.0003404671  -0.0485151880  -0.0340959918
        0.0469571674   0.0040269472   0.0049980745  -0.0067757299   0.0008039574
        0.0012821504  -0.0014322063  -0.0001493191  -0.0002858642   0.0000914414
        0.0000610796  -0.0000632750   0.0000025299   0.0003515615   0.0003794078
       -0.0003127315  -0.0009622765   0.0022615398   0.0003490306  -0.0000749260
        0.0000240562   0.0006748974   0.0006531526  -0.0001012663  -0.0008988074
        0.0705788901   0.0387516204  -0.0655197632  -0.0007035516   0.0002858383
        0.0005050115  -0.0000137149   0.0000212271   0.0000238878   0.0000073288
       -0.0000304235   0.0000660255  -0.0001228449   0.0001462807  -0.0000420848
       -0.0000648866  -0.0000861880  -0.0000243078
        0.0000117457   0.0001051262  -0.0000642715  -0.0000289181  -0.0001060242
        0.0001086036   0.0000539885  -0.0000358198   0.0000275771  -0.0002423689
        0.0000963664  -0.0001167089  -0.0000370922  -0.0000057025  -0.0000425065
        0.0000237178  -0.0000060744   0.0000166694  -0.0000317072  -0.0000968827
        0.0000775554   0.0000196423   0.0000068283  -0.0000434058   0.0000869072
       -0.0000645770   0.0000250074  -0.0083294184  -0.0018879545   0.0049426856
        0.0036374953   0.0074288155  -0.0122601842  -0.0328548764  -0.1258118839
        0.1145757366  -0.0049414166  -0.0161868328   0.0185796680  -0.0017570062
        0.0003097100   0.0006813523  -0.0002791938   0.0000822551  -0.0001544224
       -0.0001138863   0.0003121601  -0.0000296604  -0.0008302679  -0.0010686938
        0.0005516986   0.0035206289  -0.0034848631   0.0004809647  -0.0003675899
        0.0004572391  -0.0006349870   0.0023378712  -0.0003184045  -0.0013642921
        0.0387516204   0.1398847507  -0.1245989604   0.0010299765   0.0002182275
       -0.0005264094  -0.0000459238   0.0001282667  -0.0000390427   0.0000462070
        0.0001114990  -0.0000022464   0.0001847878  -0.0003153818  -0.0000269241
        0.0001550770   0.0002478503  -0.0001634970
        0.0000221696  -0.0000035065  -0.0000034107  -0.0000032278   0.0001917853
       -0.0001212096   0.0000178652  -0.0001199838  -0.0001144911   0.0002049809
        0.0000037877   0.0002729904  -0.0000300653  -0.0000572182  -0.0002118982
        0.0000302079   0.0000454835  -0.0000602195   0.0000254610  -0.0000222864
        0.0002315362   0.0000016205   0.0000137947   0.0000340297  -0.0003913721
       -0.0000346332  -0.0001678320   0.0027095130  -0.0056974026   0.0033567773
        0.0092160261   0.0131889305  -0.0213713756   0.0496942089   0.1149896427
       -0.1826705060   0.0011535428   0.0036482912  -0.0034429298   0.0001481361
       -0.0015236237   0.0004917790   0.0001515973   0.0001114015   0.0000134027
       -0.0000577201  -0.0000866576   0.0001634351   0.0004450194   0.0000327331
       -0.0001851994  -0.0001546029   0.0009955580   0.0004408483  -0.0008785511
        0.0002893230   0.0002387324   0.0036144772  -0.0010191928  -0.0010776767
       -0.0655197632  -0.1245989604   0.2038140268  -0.0002050062  -0.0001578756
        0.0002108054   0.0000518907  -0.0000775128   0.0000207790  -0.0000241651
       -0.0000371228   0.0000242583  -0.0000856091   0.0000330824   0.0000013332
       -0.0001366335  -0.0001078372   0.0001120147
       -0.0000175605  -0.0000113518  -0.0000242112   0.0001721371  -0.0000908672
        0.0002280973  -0.0000537146   0.0000437584  -0.0000679594  -0.0001668599
        0.0000028438  -0.0000359656  -0.0000019433  -0.0000285052   0.0000203138
       -0.0000090189  -0.0000027758  -0.0000007253  -0.0000044823  -0.0000334754
        0.0000251324   0.0000174039  -0.0000125437  -0.0000003280  -0.0000279195
       -0.0000319944   0.0000297175   0.0003409339   0.0002411395  -0.0000812407
        0.0000898602  -0.0002764715  -0.0001889529  -0.0005032002  -0.0021425487
       -0.0001264824  -0.0099523963  -0.0170956395   0.0168467557  -0.0685785676
       -0.0557879346   0.0537261924   0.0048772395   0.0103561874  -0.0085031095
        0.0010205455   0.0043971359   0.0024518921  -0.0002221855   0.0002554680
       -0.0002005424  -0.0021613240   0.0024697140   0.0052222655   0.0000434337
        0.0000279338  -0.0000949898   0.0000906323  -0.0000543577  -0.0001242546
       -0.0007035516   0.0010299765  -0.0002050062   0.0763914400   0.0573221460
       -0.0667194817  -0.0000490931  -0.0000268263  -0.0017571084   0.0001778959
        0.0006055948  -0.0004959588  -0.0003817568  -0.0003172492  -0.0007682226
       -0.0003879478  -0.0008393569   0.0008441726
       -0.0000316220   0.0000403870  -0.0000082780   0.0001802874   0.0000545800
        0.0001061838  -0.0000277518  -0.0000718813  -0.0000312255  -0.0001823343
        0.0000721870  -0.0000155672   0.0000777839  -0.0000495810  -0.0000780142
       -0.0000323212  -0.0000071613  -0.0000255363  -0.0000805373   0.0000042179
        0.0001092938  -0.0000245113   0.0000250143   0.0000276645   0.0000395443
       -0.0001358460   0.0000450416  -0.0004622967   0.0000304874   0.0000651654
        0.0001805335  -0.0001405989  -0.0001424266   0.0009505086   0.0003098485
       -0.0020463410  -0.0010867265   0.0009056509   0.0006791346  -0.0549780149
       -0.1673367340   0.1104337208  -0.0074949891  -0.0203362963   0.0163593657
        0.0048162843  -0.0027355899   0.0026510720   0.0003971118   0.0000820654
       -0.0004797239   0.0019408035   0.0019810367   0.0016132995   0.0000538641
       -0.0000197099  -0.0000671419  -0.0000119259  -0.0000209779   0.0000007908
        0.0002858383   0.0002182275  -0.0001578756   0.0573221460   0.1880316747
       -0.1286015223  -0.0011982256   0.0001447588  -0.0006757155  -0.0004745384
       -0.0009317060   0.0008758402  -0.0003524365  -0.0001770145  -0.0005693954
        0.0001935255   0.0000629607  -0.0000678092
        0.0000605988  -0.0000137265   0.0000755206  -0.0001572712   0.0001223159
       -0.0000984183   0.0000017013  -0.0001332485   0.0000505222   0.0002094415
       -0.0000254911   0.0001294202  -0.0000580337   0.0000326282  -0.0000736922
        0.0000566166  -0.0000067480  -0.0000417645  -0.0000173928  -0.0000473426
        0.0000979961   0.0000230040   0.0000191961   0.0000194625  -0.0000304146
        0.0001269136  -0.0002078193  -0.0008048605  -0.0000122104   0.0003960487
        0.0002629986  -0.0000969814  -0.0001528805  -0.0015087191  -0.0001089686
       -0.0014413949   0.0075366523   0.0116755397  -0.0107166285   0.0534994758
        0.1107756445  -0.1322446241   0.0010805044   0.0046453055  -0.0025567047
        0.0019519981   0.0027700182   0.0050959989  -0.0001625058  -0.0005908867
        0.0001454151   0.0055849970   0.0012214895   0.0027283539   0.0000602831
       -0.0000576360  -0.0000405441  -0.0000440203   0.0000736398   0.0000665530
        0.0005050115  -0.0005264094   0.0002108054  -0.0667194817  -0.1286015223
        0.1409549828  -0.0010658080  -0.0014784589  -0.0010051648   0.0001076146
        0.0000823204  -0.0001577529  -0.0006976388  -0.0005724527  -0.0008627686
        0.0003252488   0.0007270716  -0.0003709222
       -0.0000513769  -0.0000494040  -0.0000284296   0.0002733070   0.0000896885
        0.0001509455  -0.0001152508  -0.0000141779  -0.0000405730  -0.0001832504
       -0.0000369943  -0.0000389686   0.0000853504   0.0000016412  -0.0000057469
       -0.0000451204  -0.0000011659  -0.0000367616  -0.0000712531   0.0000024961
        0.0000090788  -0.0000327393  -0.0000110227   0.0000119637   0.0001540071
       -0.0000009858   0.0000166047  -0.0001833830   0.0002170836   0.0000985729
       -0.0000539879   0.0000372228  -0.0000662339  -0.0005433826  -0.0001492438
        0.0004708580   0.0011836305   0.0046566379   0.0021299383  -0.0155643909
        0.0044134235   0.0087077329  -0.2299552699   0.0310568230   0.1169816319
       -0.0102162079   0.0002059720   0.0074687134   0.0021742098  -0.0005428350
        0.0042195008   0.0005649516  -0.0000258724  -0.0006197438  -0.0000352410
        0.0000080165   0.0000001552   0.0000129066  -0.0000116205  -0.0000422977
       -0.0000137149  -0.0000459238   0.0000518907  -0.0000490931  -0.0011982256
       -0.0010658080   0.2535108800  -0.0381953370  -0.1362354146   0.0000043695
       -0.0001772434  -0.0015864826  -0.0005059033   0.0001104624   0.0001797363
       -0.0003440471  -0.0003394156  -0.0007308629
        0.0000012682   0.0000699567  -0.0000097615   0.0000085289  -0.0000261519
        0.0000150313   0.0000434688   0.0000029831  -0.0000159722  -0.0000397246
        0.0001057627   0.0000134784   0.0000325427  -0.0000602607  -0.0000498940
        0.0000077220  -0.0000313035  -0.0000028459  -0.0000855310   0.0000057683
        0.0000964447  -0.0000077812  -0.0000035468   0.0000053473  -0.0000050877
       -0.0001634053  -0.0000626667   0.0003054318  -0.0001207768  -0.0000349217
        0.0001339826  -0.0001165685   0.0000184474   0.0008792066  -0.0001537464
       -0.0006437365   0.0043198254  -0.0027633822   0.0029420648   0.0222919362
       -0.0048507313  -0.0122467533   0.0306480007  -0.0460136504  -0.0145061412
       -0.0174170162   0.0022369920   0.0111865832  -0.0001060916  -0.0013836626
        0.0051379101  -0.0001140143  -0.0004794171   0.0001743901   0.0000353040
        0.0000039621  -0.0000039981  -0.0000352915  -0.0000037818   0.0000568783
        0.0000212271   0.0001282667  -0.0000775128  -0.0000268263   0.0001447588
       -0.0014784589  -0.0381953370   0.0534465395   0.0100484565  -0.0013456718
        0.0002118741  -0.0005536595  -0.0009607321   0.0000553193   0.0005254565
       -0.0003893398  -0.0002417980  -0.0005341664
        0.0000578487   0.0000001343   0.0000494390  -0.0000545210  -0.0000291423
       -0.0000069912  -0.0000461300   0.0000435750   0.0000423755   0.0000966492
       -0.0000269755   0.0000383214  -0.0000546344   0.0000251009   0.0000231646
        0.0000579434  -0.0000225754  -0.0000530663  -0.0000319873   0.0000305882
       -0.0000430300   0.0000293793  -0.0000059210  -0.0000334451  -0.0000145139
        0.0000044047  -0.0000805936  -0.0000322529   0.0000088349   0.0001381440
        0.0000264758   0.0000375823  -0.0000141690  -0.0001407814   0.0001008676
       -0.0000469058   0.0021545077   0.0026411233   0.0051305271  -0.0008962283
       -0.0002534484   0.0014614111   0.1174523711  -0.0144002351  -0.1071157424
        0.0166860298  -0.0011444191  -0.0098594950   0.0041912500   0.0052634429
        0.0023185229  -0.0005569631   0.0003887897  -0.0001306780  -0.0000281251
        0.0000152613   0.0000205136  -0.0000097102   0.0000382012  -0.0000131477
        0.0000238878  -0.0000390427   0.0000207790  -0.0017571084  -0.0006757155
       -0.0010051648  -0.1362354146   0.0100484565   0.1117499017  -0.0009665961
       -0.0013413572  -0.0011329354   0.0007975061  -0.0001838534  -0.0005467493
       -0.0007488820  -0.0005236773  -0.0009109863
       -0.0000689038  -0.0000668934  -0.0000413888   0.0002445261   0.0001634044
        0.0001401106  -0.0000761544   0.0000248001  -0.0000739301  -0.0002436925
       -0.0000274454  -0.0000480017   0.0001035922   0.0000136814   0.0000171941
       -0.0000435135   0.0000024841  -0.0000123135  -0.0000805334   0.0000258679
       -0.0000220364  -0.0000423958   0.0000019691   0.0000021999   0.0001532690
       -0.0000259195   0.0000589565  -0.0001509274   0.0003274709   0.0000063210
        0.0001277125  -0.0002654596  -0.0000570670  -0.0003521010  -0.0005038642
       -0.0006347586  -0.0001126623  -0.0006302340   0.0005649683   0.0022252172
       -0.0001602639   0.0039569678   0.0046636613  -0.0067472636   0.0009129156
       -0.1084539477   0.1113874109  -0.0105517327  -0.0149188316   0.0223767436
       -0.0012602534  -0.0024364259   0.0021721412   0.0055092361   0.0000461831
        0.0000197064  -0.0000464752   0.0000023962  -0.0000714871  -0.0000503930
        0.0000073288   0.0000462070  -0.0000241651   0.0001778959  -0.0004745384
        0.0001076146   0.0000043695  -0.0013456718  -0.0009665961   0.1201693483
       -0.1273090590   0.0040543262  -0.0001961265  -0.0000346981  -0.0014236549
       -0.0007492842   0.0011009111  -0.0001180440
        0.0000477663   0.0000989891   0.0000059994  -0.0001524491  -0.0001508962
       -0.0000020658   0.0000868298   0.0001036065  -0.0000095661   0.0000832033
        0.0000902772  -0.0000036484  -0.0000065505  -0.0000258998   0.0000421839
        0.0000363920  -0.0000443592   0.0000158323  -0.0000508007   0.0000487898
       -0.0000200519   0.0000175763  -0.0000012867  -0.0000310085  -0.0000629258
       -0.0001011619   0.0000014380  -0.0002303235   0.0002273680  -0.0000336335
        0.0001375360  -0.0001650382   0.0000173673  -0.0002587581  -0.0002775953
       -0.0005264876  -0.0006286052   0.0006925604   0.0001543627  -0.0001739178
       -0.0014267362   0.0051557362   0.0108405597  -0.0203234529   0.0039582594
        0.1116540386  -0.2252285406   0.0257940620   0.0044893503  -0.0048538488
        0.0001036947   0.0023295773   0.0019582636   0.0015741904   0.0000281808
        0.0000052125   0.0000002759  -0.0000241957   0.0000019216   0.0000307259
       -0.0000304235   0.0001114990  -0.0000371228   0.0006055948  -0.0009317060
        0.0000823204  -0.0001772434   0.0002118741  -0.0013413572  -0.1273090590
        0.2498631305  -0.0342920349  -0.0012602281   0.0003594977  -0.0006500911
        0.0000088752  -0.0002424683   0.0000106194
        0.0000376545  -0.0000122532   0.0000200349  -0.0000327443  -0.0001256686
        0.0000673417  -0.0000492064   0.0001683279   0.0000559162   0.0000808820
       -0.0000297873  -0.0000880779  -0.0000080185   0.0000301229   0.0001412462
        0.0000246754  -0.0000364033  -0.0000348102  -0.0000423834   0.0000879722
       -0.0001633881   0.0000184797  -0.0000369313  -0.0000502325   0.0000051722
        0.0000099282   0.0000698287  -0.0004583045   0.0002917838   0.0001153268
        0.0002138053  -0.0003664417  -0.0000046314  -0.0005257928  -0.0006269444
       -0.0009749239   0.0003563594   0.0001846461  -0.0001189563   0.0041857450
        0.0051207553   0.0024188485  -0.0084521996   0.0160699214  -0.0022697725
       -0.0107415655   0.0257662232  -0.0423303387   0.0082259848  -0.0118457612
        0.0017671547   0.0055243496   0.0015001675   0.0032585833   0.0000426435
        0.0000128549   0.0000290132  -0.0000047850  -0.0000164843  -0.0000107551
        0.0000660255  -0.0000022464   0.0000242583  -0.0004959588   0.0008758402
       -0.0001577529  -0.0015864826  -0.0005536595  -0.0011329354   0.0040543262
       -0.0342920349   0.0406118986  -0.0007950428  -0.0015009252  -0.0011342199
        0.0003563813  -0.0006730026  -0.0001086562
        0.0000504682  -0.0000278795   0.0000210828  -0.0001576074   0.0002129837
       -0.0001952534   0.0000293778  -0.0000379343   0.0000249681   0.0000440115
       -0.0001344933   0.0000963897   0.0000313680   0.0000431135   0.0000022787
        0.0000208281  -0.0000157880  -0.0000011073  -0.0000266142   0.0000167127
       -0.0000482834  -0.0000152509   0.0000066901  -0.0000232601   0.0000782891
        0.0000509868   0.0000429769   0.0000342396   0.0000293687  -0.0000700825
        0.0000323834  -0.0000635975   0.0000286439   0.0003170983   0.0005073360
       -0.0003424739   0.0012167393   0.0042922479   0.0024448357  -0.0003417610
        0.0005231223  -0.0001606868  -0.0022861527   0.0022357878   0.0055218173
       -0.0097783705  -0.0174671579   0.0164087532  -0.0712010776  -0.0587616705
        0.0546818468   0.0045808738   0.0104298540  -0.0082041021   0.0000082129
       -0.0000013659  -0.0000024249   0.0000096614  -0.0000051935  -0.0000442248
       -0.0001228449   0.0001847878  -0.0000856091  -0.0003817568  -0.0003524365
       -0.0006976388  -0.0005059033  -0.0009607321   0.0007975061  -0.0001961265
       -0.0012602281  -0.0007950428   0.0785409693   0.0604299927  -0.0675267307
        0.0000189452   0.0001254930  -0.0018741786
       -0.0000571785   0.0000679559  -0.0001022695   0.0001942734  -0.0003508550
        0.0003633674   0.0000615694   0.0001820596  -0.0001263880  -0.0001955603
        0.0002021235  -0.0002344871   0.0000005238  -0.0000412181   0.0001180190
       -0.0000408089  -0.0000269348  -0.0000104015  -0.0000384634   0.0000666606
       -0.0001058351   0.0000038640  -0.0000191759  -0.0000633870  -0.0000738190
       -0.0001478301   0.0001619024  -0.0000428222   0.0003120555  -0.0001561868
       -0.0000045397  -0.0000851823   0.0001704019  -0.0005491282  -0.0008774175
        0.0009784729   0.0045292564  -0.0025972758   0.0024204076   0.0004619427
        0.0002788108  -0.0005263418   0.0019748780   0.0021749823   0.0016336953
        0.0000714612   0.0019301701  -0.0005906619  -0.0584456024  -0.1700492211
        0.1101268496  -0.0069237010  -0.0209301302   0.0160705942   0.0000077964
        0.0000488535   0.0000508950  -0.0000307739  -0.0000524081   0.0000642157
        0.0001462807  -0.0003153818   0.0000330824  -0.0003172492  -0.0001770145
       -0.0005724527   0.0001104624   0.0000553193  -0.0001838534  -0.0000346981
        0.0003594977  -0.0015009252   0.0604299927   0.1899825053  -0.1273851037
       -0.0012379563   0.0000090510  -0.0006336100
        0.0000633890  -0.0001296388  -0.0000162255  -0.0001819181   0.0001320610
        0.0000327374  -0.0000138752   0.0001473204   0.0000336865   0.0001392121
       -0.0001797044  -0.0001219400   0.0000252763   0.0000440694   0.0001430632
        0.0000194657  -0.0000390943  -0.0000268577  -0.0000257117   0.0000388127
       -0.0001945056   0.0000061202  -0.0000534745  -0.0000681704  -0.0000129429
        0.0001881541   0.0000889608  -0.0002157836   0.0000586265  -0.0000248555
        0.0000444624  -0.0001167916   0.0000565094   0.0003560841   0.0000715860
       -0.0000053527   0.0021239476   0.0026578352   0.0053257983  -0.0000827718
       -0.0005177615   0.0002053519   0.0056233063   0.0015642376   0.0031262265
        0.0070972154   0.0111393548  -0.0096552775   0.0545208990   0.1105297658
       -0.1315420809   0.0013328369   0.0041289704  -0.0024553837   0.0000053274
       -0.0000078252   0.0000730751  -0.0000080458   0.0000031517  -0.0000252328
       -0.0000420848  -0.0000269241   0.0000013332  -0.0007682226  -0.0005693954
       -0.0008627686   0.0001797363   0.0005254565  -0.0005467493  -0.0014236549
       -0.0006500911  -0.0011342199  -0.0675267307  -0.1273851037   0.1386642470
       -0.0012355368  -0.0015535976  -0.0010713693
       -0.0000408646  -0.0002189316   0.0000458452   0.0004402609   0.0010035918
       -0.0008188456  -0.0003811347  -0.0008670172   0.0003814987  -0.0010902793
       -0.0002747310   0.0001747457   0.0002026001  -0.0000908178  -0.0001534150
       -0.0001281025   0.0000309558  -0.0000676885  -0.0000286245   0.0001451026
        0.0000852657  -0.0000831852  -0.0000415005   0.0001196937   0.0001563396
       -0.0002044911   0.0010398066   0.0009643771   0.0019776904  -0.0006493835
        0.0000653112  -0.0000810615  -0.0002108486  -0.0013108336   0.0000984070
       -0.0011149540  -0.0097364117  -0.0003398796   0.0076114166   0.0019406240
       -0.0003199797   0.0037465123   0.0005112176  -0.0002568662  -0.0004480849
        0.0013807252   0.0046700597   0.0020563930  -0.0152935892   0.0048348188
        0.0089705587  -0.2170212155   0.0244153687   0.1105770087   0.0000551860
        0.0001666053  -0.0001611542   0.0002961049  -0.0005001438  -0.0003017524
       -0.0000648866   0.0001550770  -0.0001366335  -0.0003879478   0.0001935255
        0.0003252488  -0.0003440471  -0.0003893398  -0.0007488820  -0.0007492842
        0.0000088752   0.0003563813   0.0000189452  -0.0012379563  -0.0012355368
        0.2406287146  -0.0328773617  -0.1294431959
        0.0001073632  -0.0001736724   0.0000644394  -0.0004586403   0.0004161633
       -0.0001850453   0.0000486233  -0.0000873046   0.0000964671   0.0004135870
       -0.0005942122   0.0001151353   0.0000314256   0.0001446300   0.0000925921
        0.0000468378  -0.0000814601   0.0000244725  -0.0000259835  -0.0000890707
       -0.0001294593  -0.0000058564  -0.0000747971  -0.0000028521   0.0002793755
        0.0005812212   0.0000031588  -0.0001103213  -0.0006001397   0.0004587315
        0.0000676579  -0.0012851091   0.0006757455  -0.0005049612   0.0001170034
       -0.0009016383  -0.0159191257   0.0034325010   0.0097731384  -0.0001747368
       -0.0015583995   0.0046113926  -0.0000834171  -0.0005806446   0.0001476101
        0.0044335323  -0.0028535411   0.0025891569   0.0220822646  -0.0042124795
       -0.0121591108   0.0229430430  -0.0450610662  -0.0096709816  -0.0000246784
        0.0001270832  -0.0002183837  -0.0002300717  -0.0012944920  -0.0006725947
       -0.0000861880   0.0002478503  -0.0001078372  -0.0008393569   0.0000629607
        0.0007270716  -0.0003394156  -0.0002417980  -0.0005236773   0.0011009111
       -0.0002424683  -0.0006730026   0.0001254930   0.0000090510  -0.0015535976
       -0.0328773617   0.0538921911   0.0074190687
        0.0003222379   0.0003102683   0.0000129806  -0.0015313721  -0.0008840603
        0.0002340797   0.0006551991   0.0005905524   0.0000283032   0.0013754988
        0.0004205603  -0.0003704414  -0.0001643700   0.0000257134   0.0002142142
        0.0001817914  -0.0000488984   0.0000192972   0.0000726351  -0.0000665981
       -0.0001365929   0.0001295291   0.0000358777  -0.0002035673  -0.0012234917
        0.0007927888  -0.0008770668  -0.0022139797  -0.0002922465  -0.0002780808
        0.0006927653  -0.0002385565   0.0002886549   0.0001375844  -0.0018068516
       -0.0012981729   0.0158788634  -0.0005324982  -0.0094892084   0.0032686842
        0.0049961192   0.0021342809  -0.0004489390  -0.0001153295   0.0000141181
        0.0024450827   0.0024445386   0.0048885339  -0.0002695027   0.0004258919
        0.0015970514   0.1120864758  -0.0115547687  -0.1018207600   0.0000514133
       -0.0001375576  -0.0000221240  -0.0000996887  -0.0003955509   0.0005345111
       -0.0000243078  -0.0001634970   0.0001120147   0.0008441726  -0.0000678092
       -0.0003709222  -0.0007308629  -0.0005341664  -0.0009109863  -0.0001180440
        0.0000106194  -0.0001086562  -0.0018741786  -0.0006336100  -0.0010713693
       -0.1294431959   0.0074190687   0.1068799085
