$hessian                                                                        
        0.0198653002   0.0101803962   0.0039496730   0.0027444595  -0.0039325554
        0.0011237132  -0.0177620590  -0.0089127330  -0.0034355780  -0.0047733265
        0.0018474890  -0.0012960875  -0.0009167738   0.0009004031  -0.0003339695
        0.0004405988  -0.0002793400   0.0000433332   0.0003764060   0.0001318882
        0.0000937738   0.0000029661   0.0001045543   0.0001115639   0.0001563310
        0.0001632007   0.0000210795   0.0000613633   0.0001052644  -0.0001034810
       -0.0000104255   0.0000228220  -0.0001205647  -0.0001001174  -0.0000412821
       -0.0002285849  -0.0002750935   0.0000474723  -0.0000175873  -0.0000297236
        0.0000074422  -0.0000143882   0.0000088022  -0.0000290353   0.0000036123
        0.0001181100  -0.0000674147   0.0000261032   0.0000494276  -0.0000002310
        0.0000116139  -0.0000014423   0.0000092272   0.0000270729   0.0000308374
       -0.0000237341   0.0000368191   0.0001049822  -0.0000632614   0.0000525873
       -0.0000906227  -0.0001705728   0.0000492959
        0.0101803962   0.0321816795  -0.0025181475  -0.0030526333  -0.0078800505
        0.0006621400  -0.0128342769  -0.0110848907  -0.0027183400   0.0056300175
       -0.0126177330   0.0042696978   0.0006266847  -0.0010024335   0.0003235331
       -0.0000167189   0.0004417847  -0.0000992819  -0.0003669020   0.0002511894
       -0.0001047660  -0.0000684643  -0.0001195443  -0.0000611578  -0.0001709398
       -0.0000418093  -0.0001491123  -0.0002005719  -0.0000805464   0.0000625285
       -0.0000056117   0.0000404768   0.0001982447   0.0000810914  -0.0000886907
        0.0000755841  -0.0000913222  -0.0003923948   0.0000899763  -0.0000401852
       -0.0000161507   0.0000099623  -0.0000664278   0.0000898758   0.0000228912
        0.0000098165  -0.0000691045  -0.0000094929   0.0000343079  -0.0000450209
        0.0000727749   0.0000857209  -0.0000046847  -0.0000415951  -0.0000082145
       -0.0000125072  -0.0000688157   0.0000149275   0.0000810080   0.0000922394
        0.0002593059   0.0003695470  -0.0001088629
        0.0039496730  -0.0025181475   0.0050176833   0.0009981492   0.0005622956
        0.0021014933  -0.0026581658  -0.0012239593  -0.0031332763  -0.0020391898
        0.0027632094  -0.0038870494  -0.0012630195   0.0011021145   0.0000720763
        0.0004165332  -0.0003416866   0.0002807345   0.0005193738  -0.0001066205
       -0.0002608210   0.0001252065   0.0000810210  -0.0002199440  -0.0000915801
        0.0000174527  -0.0000337854   0.0000049971  -0.0000794721   0.0000305575
        0.0000397864  -0.0000780794  -0.0000075122  -0.0000215982  -0.0001677791
       -0.0000288769   0.0002764701   0.0000484162  -0.0001704263   0.0000143498
        0.0000367195   0.0000533169   0.0000326464   0.0000101805   0.0000172806
        0.0000858923   0.0000050035   0.0000408958   0.0000406450   0.0000685962
       -0.0000216629  -0.0000215178  -0.0000277869  -0.0000414875  -0.0000520738
       -0.0000576282   0.0000298348  -0.0000280140   0.0000294114   0.0000528440
       -0.0003285640  -0.0001232611   0.0001081251
        0.0027444595  -0.0030526333   0.0009981492   0.0167104280   0.0030676761
        0.0033330725  -0.0056564157   0.0047338363  -0.0018124993  -0.0110360047
       -0.0040383210  -0.0028140788  -0.0018870044   0.0001242131  -0.0003572098
        0.0001827234  -0.0003568871   0.0002752134   0.0004343236  -0.0002190948
       -0.0000456767   0.0000651739   0.0000397461   0.0001482526   0.0001621487
       -0.0000430479  -0.0000335334   0.0000786560  -0.0000098219  -0.0000388633
        0.0002151671   0.0000070708  -0.0000480453  -0.0003927822  -0.0001127827
       -0.0002321588   0.0004264887   0.0008741968  -0.0003796964  -0.0000056128
       -0.0000848134  -0.0000383984   0.0001796505  -0.0001626304   0.0000642731
       -0.0000663566  -0.0000385562  -0.0000672407  -0.0000779393  -0.0000962608
       -0.0000099056  -0.0000439153  -0.0000719632   0.0000605192  -0.0000454093
       -0.0000561037   0.0001194635   0.0000175181   0.0000286559  -0.0000232544
       -0.0020052973  -0.0005324788   0.0009016176
       -0.0039325554  -0.0078800505   0.0005622956   0.0030676761   0.0360709682
       -0.0050124154   0.0086795362  -0.0211046069   0.0064368715  -0.0073866778
       -0.0070383744  -0.0017480777  -0.0009827129   0.0000825884   0.0000000636
        0.0004033815  -0.0001426807  -0.0001626763   0.0003691850   0.0002158357
       -0.0000210706  -0.0000096504   0.0000063688  -0.0000590870   0.0000613518
       -0.0000312283   0.0001123289   0.0001244955   0.0001002813  -0.0000273745
       -0.0000270921   0.0000096978  -0.0001238433  -0.0000723579   0.0000308639
       -0.0000233269   0.0000793668   0.0002620334  -0.0000477218  -0.0000456573
       -0.0000062013   0.0000649102  -0.0001523946  -0.0000975898   0.0000024161
        0.0000612535  -0.0000458412   0.0000390922   0.0000754641  -0.0000221295
       -0.0000136886   0.0000245250  -0.0000061596  -0.0000012012   0.0000516705
        0.0000041760  -0.0000125397  -0.0000211957  -0.0001007401  -0.0000045267
       -0.0003676119  -0.0003072111   0.0000395715
        0.0011237132   0.0006621400   0.0021014933   0.0033330725  -0.0050124154
        0.0056766445  -0.0026932613   0.0049750207  -0.0044870816  -0.0015323035
       -0.0003237659  -0.0030228274  -0.0017381592   0.0003015780   0.0005878222
        0.0003306693  -0.0004835363  -0.0000880522   0.0005101520  -0.0002268294
       -0.0002920089   0.0001490014   0.0000929886  -0.0002428235  -0.0000130706
        0.0000300907   0.0000299031   0.0000379338   0.0000391444   0.0001105100
        0.0000220793   0.0000975060   0.0000453613  -0.0000704404  -0.0000288930
       -0.0002014771  -0.0001409906  -0.0003387564   0.0001947390   0.0000941965
       -0.0000711137   0.0000579317   0.0000957909  -0.0000102600  -0.0002476944
       -0.0000045154  -0.0000410284   0.0000541147   0.0000694650   0.0000358299
        0.0000583154   0.0000478937   0.0000703840   0.0000338283   0.0000135886
        0.0000924845  -0.0000195142  -0.0000335788   0.0000885318   0.0001622853
        0.0003987636   0.0000508998  -0.0005114694
       -0.0177620590  -0.0128342769  -0.0026581658  -0.0056564157   0.0086795362
       -0.0026932613   0.0212271998   0.0033072718   0.0052032724  -0.0019632768
        0.0027614819   0.0011239449   0.0007457479  -0.0006149535   0.0000554148
        0.0006268436  -0.0003282777   0.0003022383   0.0014096089  -0.0002254521
        0.0001651300   0.0002378808  -0.0000964056  -0.0002742827  -0.0000770907
       -0.0000433067  -0.0000294376  -0.0000511728  -0.0000058383  -0.0000129573
       -0.0000740264  -0.0000424711   0.0000857152   0.0000941103  -0.0000699875
        0.0001027366   0.0008766622  -0.0008122713  -0.0010586338   0.0000263944
        0.0000041174   0.0000037187   0.0000069811   0.0000542699  -0.0000141359
        0.0000794362   0.0000296250   0.0000309696   0.0000372202   0.0000632032
       -0.0000001569   0.0000108222   0.0000590918  -0.0000441266  -0.0000114636
        0.0000367132  -0.0000515752  -0.0000056246   0.0000621009   0.0000732735
        0.0002222217   0.0000158295  -0.0003096810
       -0.0089127330  -0.0110848907  -0.0012239593   0.0047338363  -0.0211046069
        0.0049750207   0.0033072718   0.0276203947  -0.0033973393   0.0022808612
        0.0039543303  -0.0006104842  -0.0007465910  -0.0004329673  -0.0002372572
        0.0000060396   0.0003621645   0.0000227308  -0.0003461410   0.0004648619
        0.0000550010  -0.0001125014   0.0000417143   0.0001199749   0.0000122750
       -0.0000074944  -0.0000623374  -0.0000553005   0.0000031818   0.0000090924
        0.0000090630  -0.0000499897  -0.0000078930   0.0001039735  -0.0000765241
        0.0000421488  -0.0003730147   0.0002233711   0.0003861318  -0.0000556349
        0.0000541033  -0.0001347487   0.0000828747   0.0001146679   0.0000924962
        0.0000497946   0.0000290933  -0.0000187726  -0.0000850612   0.0000684685
       -0.0000233966  -0.0000930229   0.0000334515   0.0000045349  -0.0000385437
       -0.0000358289   0.0000400970  -0.0000080392  -0.0000970230  -0.0000856374
        0.0002405937  -0.0000804780   0.0000545973
       -0.0034355780  -0.0027183400  -0.0031332763  -0.0018124993   0.0064368715
       -0.0044870816   0.0052032724  -0.0033973393   0.0057996160  -0.0015936568
        0.0005112358   0.0021100188   0.0004059449  -0.0003583851  -0.0008150426
        0.0001294757  -0.0000230402   0.0004039649   0.0004983345   0.0000106756
        0.0006026154  -0.0000034284  -0.0001339568   0.0000093777  -0.0000402952
        0.0000484394   0.0000230148   0.0000274485  -0.0000129953  -0.0000347292
       -0.0000266670  -0.0000507935   0.0000371829   0.0002108793   0.0001420173
        0.0001152968   0.0003072839  -0.0002628805  -0.0004314318  -0.0000204596
        0.0000030323   0.0000008030   0.0000061949  -0.0000094085   0.0000241043
       -0.0000197321  -0.0000129038  -0.0000563902  -0.0000841762  -0.0000113304
        0.0000091688   0.0000279731  -0.0000301566   0.0000405733   0.0000992294
       -0.0000318195  -0.0000301209  -0.0000249806  -0.0001143942  -0.0001215396
        0.0001454366   0.0000154718  -0.0000661247
       -0.0047733265   0.0056300175  -0.0020391898  -0.0110360047  -0.0073866778
       -0.0015323035  -0.0019632768   0.0022808612  -0.0015936568   0.0398936739
       -0.0085384042   0.0166024983  -0.0207717894   0.0070774341  -0.0105231993
       -0.0013766665  -0.0006785686   0.0005881450  -0.0010152685   0.0018591270
       -0.0000906534   0.0002183916  -0.0001746657  -0.0006749655  -0.0001873124
       -0.0001134642  -0.0000863508  -0.0000231940  -0.0000573978   0.0001777718
       -0.0000418499  -0.0000120192  -0.0000553065   0.0003280183   0.0001155307
        0.0000896923   0.0005557836  -0.0000792268  -0.0007963657   0.0002498086
       -0.0000603006   0.0001809794  -0.0000161261  -0.0003968923  -0.0003261481
        0.0000052598   0.0001722938   0.0000890857  -0.0001089786  -0.0000960400
       -0.0000892301   0.0000749700  -0.0000271716  -0.0001223747   0.0000251708
        0.0000132309  -0.0001306227  -0.0000792369  -0.0000223941  -0.0002738894
        0.0000419537   0.0004947278   0.0006060836
        0.0018474890  -0.0126177330   0.0027632094  -0.0040383210  -0.0070383744
       -0.0003237659   0.0027614819   0.0039543303   0.0005112358  -0.0085384042
        0.0221123338  -0.0071187438   0.0074195197  -0.0051263405   0.0038970523
        0.0013460140   0.0003120995  -0.0000493748  -0.0014284702   0.0003276275
        0.0000417456  -0.0003154292  -0.0004647212   0.0002958695   0.0000251437
       -0.0002566412   0.0001442793  -0.0000486163  -0.0000884386  -0.0000647965
        0.0001926724   0.0000660127   0.0000818978  -0.0002983557  -0.0001816111
        0.0002284888   0.0013151261   0.0010093068  -0.0002135551   0.0000949967
       -0.0002085312   0.0000132278   0.0006691135  -0.0007102946   0.0000360798
       -0.0004186285  -0.0001014711   0.0000145088  -0.0001702541  -0.0001056078
       -0.0000499573  -0.0000431971  -0.0000721924   0.0000614445  -0.0000856176
        0.0000026486   0.0001018469  -0.0000685429   0.0001208765  -0.0000020302
       -0.0002177203  -0.0009332786  -0.0003686629
       -0.0012960875   0.0042696978  -0.0038870494  -0.0028140788  -0.0017480777
       -0.0030228274   0.0011239449  -0.0006104842   0.0021100188   0.0166024983
       -0.0071187438   0.0116692743  -0.0079033447   0.0028033429  -0.0079786387
       -0.0024797885   0.0014935302  -0.0001847493  -0.0027899119   0.0009964241
        0.0008870328   0.0000903144   0.0001703356   0.0009928663   0.0000402454
       -0.0001730364  -0.0002790556  -0.0000461159  -0.0000000458  -0.0001075441
        0.0001199226   0.0000082163  -0.0001425741  -0.0003698832   0.0003027770
       -0.0002506252  -0.0007072887   0.0017402820   0.0005783290  -0.0000054859
        0.0000804750  -0.0000995025   0.0001700447  -0.0003695835   0.0000920338
        0.0001570821  -0.0000945719  -0.0001121935  -0.0000862301  -0.0001135907
       -0.0000427328  -0.0000970666   0.0000275044  -0.0000378060  -0.0000911801
        0.0000177653   0.0000296427  -0.0000412249  -0.0001765704  -0.0001578449
        0.0004236343  -0.0015056463  -0.0000560543
       -0.0009167738   0.0006266847  -0.0012630195  -0.0018870044  -0.0009827129
       -0.0017381592   0.0007457479  -0.0007465910   0.0004059449  -0.0207717894
        0.0074195197  -0.0079033447   0.3053270486  -0.1136167883  -0.0515733281
       -0.0758876286   0.0858524227  -0.0145067800  -0.1639269912   0.0025696902
        0.0511589875  -0.0085284804   0.0012125659   0.0161795698   0.0009386301
        0.0026578358   0.0021450421   0.0006765651  -0.0008824638   0.0003738350
        0.0002575007   0.0004910100  -0.0003522016  -0.0001033900  -0.0011313434
        0.0010376829  -0.0013621550  -0.0038580198  -0.0027199710  -0.0107173452
        0.0109873547   0.0007210247   0.0074148069  -0.0038546096   0.0007007799
       -0.0327499830   0.0099196494   0.0078432383   0.0001226176   0.0010328421
       -0.0003220704  -0.0000210264   0.0001458128   0.0002509224   0.0000040374
        0.0003717845   0.0000289304   0.0002440502   0.0000941491   0.0001435741
        0.0011415629   0.0016912073  -0.0006106575
        0.0009004031  -0.0010024335   0.0011021145   0.0001242131   0.0000825884
        0.0003015780  -0.0006149535  -0.0004329673  -0.0003583851   0.0070774341
       -0.0051263405   0.0028033429  -0.1136167883   0.2567964461  -0.0028826904
        0.0697779838  -0.1799943754   0.0025083929   0.0166752242  -0.0345868097
       -0.0145038964  -0.0035516322   0.0016657306   0.0041848644   0.0001180603
        0.0002232119   0.0000570758  -0.0001235634  -0.0001651694   0.0004219009
       -0.0002641492  -0.0000693012  -0.0000725491   0.0005167627  -0.0000848909
       -0.0001239906   0.0000356587   0.0010025472  -0.0002068422   0.0152311842
       -0.0159696840   0.0065394784   0.0216755496  -0.0280553134  -0.0054749459
       -0.0138005406   0.0058685541   0.0057264471  -0.0000763354   0.0003829682
        0.0001078299  -0.0001428502   0.0003480559   0.0001429279  -0.0000220875
        0.0001952805   0.0000568851   0.0001396192  -0.0001905696  -0.0000146097
       -0.0000591926  -0.0008875278  -0.0003149285
       -0.0003339695   0.0003235331   0.0000720763  -0.0003572098   0.0000000636
        0.0005878222   0.0000554148  -0.0002372572  -0.0008150426  -0.0105231993
        0.0038970523  -0.0079786387  -0.0515733281  -0.0028826904   0.1376556139
       -0.0100384479  -0.0029075382  -0.0463988712   0.0483800555  -0.0084239965
       -0.0706105606   0.0322144303  -0.0111964001  -0.0214616193  -0.0010355896
       -0.0023096870  -0.0034014768  -0.0005916459   0.0021069878  -0.0008770446
        0.0005132537  -0.0001401954   0.0003981997   0.0001609948   0.0013405375
        0.0008398360   0.0020001823   0.0003507048   0.0012708184  -0.0205339757
        0.0220596402   0.0057190157   0.0124752519  -0.0072110831   0.0005182828
       -0.0027145139   0.0074689136   0.0054437813   0.0001362725  -0.0003767874
        0.0001555052   0.0001845703  -0.0000136847  -0.0001983820   0.0005504151
       -0.0007085940  -0.0000133383   0.0002535671  -0.0003351722   0.0001496356
        0.0007774716  -0.0008043466  -0.0010556130
        0.0004405988  -0.0000167189   0.0004165332   0.0001827234   0.0004033815
        0.0003306693   0.0006268436   0.0000060396   0.0001294757  -0.0013766665
        0.0013460140  -0.0024797885  -0.0758876286   0.0697779838  -0.0100384479
        0.2920142633   0.1030396965   0.1058625325  -0.0657580037  -0.0863316335
        0.0351870437  -0.0029470803   0.0010583365   0.0085019440   0.0008748135
       -0.0002781359  -0.0003212645  -0.0001129752  -0.0003118026   0.0003012249
        0.0000725268  -0.0000203358  -0.0002118117   0.0000453250   0.0001239577
        0.0001454745  -0.0011344705   0.0004136069  -0.0012873942  -0.0580953343
        0.0127344465  -0.0773114051  -0.0855804662  -0.0806045648  -0.0649115478
       -0.0032296295  -0.0207939104   0.0064157137   0.0000936514  -0.0003026091
        0.0000181549   0.0000749456  -0.0001559596   0.0000646620   0.0000601447
       -0.0000893763   0.0000182929  -0.0000745250   0.0000588418  -0.0000648799
       -0.0002890565  -0.0000572578  -0.0007651817
       -0.0002793400   0.0004417847  -0.0003416866  -0.0003568871  -0.0001426807
       -0.0004835363  -0.0003282777   0.0003621645  -0.0000230402  -0.0006785686
        0.0003120995   0.0014935302   0.0858524227  -0.1799943754  -0.0029075382
        0.1030396965   0.5842938414  -0.0534286528  -0.1111574282  -0.1748197523
        0.0939415914  -0.0000336560  -0.0015538851   0.0064674067   0.0010030960
       -0.0003979425   0.0002183371  -0.0001436168   0.0004658999   0.0004828680
        0.0000244462   0.0000795366  -0.0001157937  -0.0005297114   0.0000268590
        0.0003752929  -0.0004196646  -0.0007639103  -0.0017796301   0.0105882735
       -0.0491246475   0.0482857733  -0.0859797507  -0.1634996786  -0.0966800035
       -0.0008868208  -0.0158679023   0.0053510403   0.0002778683  -0.0001649158
       -0.0000588420   0.0000693178  -0.0000380701  -0.0000295054   0.0000718909
       -0.0000869843  -0.0000485890  -0.0000650480   0.0000780405  -0.0000831885
       -0.0000682421   0.0003945187  -0.0006358335
        0.0000433332  -0.0000992819   0.0002807345   0.0002752134  -0.0001626763
       -0.0000880522   0.0003022383   0.0000227308   0.0004039649   0.0005881450
       -0.0000493748  -0.0001847493  -0.0145067800   0.0025083929  -0.0463988712
        0.1058625325  -0.0534286528   0.5341869831   0.0460173083   0.0870853591
       -0.0932117260   0.0012155034   0.0256872995  -0.0134290431  -0.0015770899
        0.0006684730  -0.0023348780   0.0012457287  -0.0007959871  -0.0011970413
        0.0001802649   0.0003661690   0.0001060707   0.0007021868  -0.0007579666
       -0.0000157486   0.0002497618   0.0005124252  -0.0000444658  -0.0752718229
        0.0445823012  -0.2612301179  -0.0660040890  -0.0960681980  -0.1180951294
        0.0019041309  -0.0120976181   0.0026801244  -0.0002741979   0.0001885858
        0.0000005640  -0.0000606588   0.0000966697  -0.0002193553  -0.0002821570
        0.0005442932   0.0000633596  -0.0000980866   0.0002169067  -0.0000065916
       -0.0005114654   0.0009801494  -0.0012660312
        0.0003764060  -0.0003669020   0.0005193738   0.0004343236   0.0003691850
        0.0005101520   0.0014096089  -0.0003461410   0.0004983345  -0.0010152685
       -0.0014284702  -0.0027899119  -0.1639269912   0.0166752242   0.0483800555
       -0.0657580037  -0.1111574282   0.0460173083   0.4554989461   0.2072275429
        0.0067533524  -0.0594670917  -0.0073579526  -0.0157447132  -0.0040840181
       -0.0063356507   0.0218861240  -0.0014223633  -0.0045432989   0.0010970454
       -0.0004172636  -0.0002512865   0.0007042529  -0.0014271006  -0.0041732768
       -0.0037705937   0.0006926299   0.0049496634  -0.0186900457   0.0059241351
        0.0033703153  -0.0056122092  -0.0102379728  -0.0042227767   0.0068723325
       -0.1547719750  -0.0942707669  -0.0890114920  -0.0003876977   0.0007622846
        0.0021416064  -0.0001190551  -0.0001754172   0.0009690248  -0.0004125244
        0.0006164870   0.0001023441  -0.0001589897  -0.0000543247  -0.0012827491
       -0.0007297343   0.0007129901   0.0004504082
        0.0001318882   0.0002511894  -0.0001066205  -0.0002190948   0.0002158357
       -0.0002268294  -0.0002254521   0.0004648619   0.0000106756   0.0018591270
        0.0003276275   0.0009964241   0.0025696902  -0.0345868097  -0.0084239965
       -0.0863316335  -0.1748197523   0.0870853591   0.2072275429   0.3840585217
       -0.0377829390  -0.0058231098  -0.0584275561   0.0041489453  -0.0039098839
       -0.0015045342   0.0161896772  -0.0051929222   0.0039725634   0.0012554708
       -0.0000877642  -0.0004194634   0.0004603503  -0.0047698962   0.0045234026
       -0.0015325455   0.0017262187   0.0005776366  -0.0098174215  -0.0033970439
       -0.0062741069   0.0041004276  -0.0155056500  -0.0115719811   0.0088300641
       -0.0910671109  -0.1015389729  -0.0658084275   0.0013110501  -0.0020281406
        0.0007958528   0.0000381236  -0.0003904133   0.0006951505   0.0007378507
       -0.0013678347  -0.0001581584  -0.0002350065   0.0002633585  -0.0006160869
        0.0011630767  -0.0017254321  -0.0000953723
        0.0000937738  -0.0001047660  -0.0002608210  -0.0000456767  -0.0000210706
       -0.0002920089   0.0001651300   0.0000550010   0.0006026154  -0.0000906534
        0.0000417456   0.0008870328   0.0511589875  -0.0145038964  -0.0706105606
        0.0351870437   0.0939415914  -0.0932117260   0.0067533524  -0.0377829390
        0.5297087653  -0.0089069102   0.0131263085  -0.2054502639   0.0107817355
        0.0088665861  -0.0234229383   0.0026536004   0.0008607554   0.0019870240
       -0.0000774746   0.0003442843  -0.0017152664  -0.0039532663  -0.0020553667
        0.0014417764  -0.0105315684  -0.0044475795  -0.0298210319   0.0195896215
        0.0111634686  -0.0136138893  -0.0115668766  -0.0049126215   0.0078848610
       -0.0901237013  -0.0651011760  -0.1041507029  -0.0015133050  -0.0008776175
        0.0007092243  -0.0002862330  -0.0000347542  -0.0005254861  -0.0002635321
        0.0000866730   0.0000931830  -0.0001056937   0.0002611564  -0.0006472426
        0.0010816463   0.0010942171   0.0004074557
        0.0000029661  -0.0000684643   0.0001252065   0.0000651739  -0.0000096504
        0.0001490014   0.0002378808  -0.0001125014  -0.0000034284   0.0002183916
       -0.0003154292   0.0000903144  -0.0085284804  -0.0035516322   0.0322144303
       -0.0029470803  -0.0000336560   0.0012155034  -0.0594670917  -0.0058231098
       -0.0089069102   0.5208085462   0.2241590999   0.0140663434  -0.2083231011
       -0.0995127524   0.0389322151   0.0190436533   0.0044767792   0.0728106276
       -0.0508784467  -0.0260306357  -0.0034851308   0.0224578719   0.0190550672
       -0.0686078434  -0.1988226471  -0.0833227806  -0.0573007206   0.0003963763
        0.0001503468  -0.0001070895  -0.0001771019  -0.0003670816   0.0003359332
       -0.0017145375  -0.0004386093  -0.0187687580  -0.0195786041  -0.0128437138
        0.0066369506   0.0030121110  -0.0028756944  -0.0004164544  -0.0005902588
       -0.0003237850  -0.0000297121   0.0030058624  -0.0027257469   0.0000661097
       -0.0182214840  -0.0094860498  -0.0090165882
        0.0001045543  -0.0001195443   0.0000810210   0.0000397461   0.0000063688
        0.0000929886  -0.0000964056   0.0000417143  -0.0001339568  -0.0001746657
       -0.0004647212   0.0001703356   0.0012125659   0.0016657306  -0.0111964001
        0.0010583365  -0.0015538851   0.0256872995  -0.0073579526  -0.0584275561
        0.0131263085   0.2241590999   0.2733353828  -0.0297586572  -0.1050079365
       -0.1140972809   0.0308378476   0.0092019670   0.0012981052   0.0455897515
       -0.0258365592  -0.0210309671  -0.0031356691   0.0147023641   0.0120675477
       -0.0357580296  -0.0767516323  -0.0934828097  -0.0239039154  -0.0036182393
       -0.0012320174   0.0021433359   0.0008921298   0.0002760785  -0.0001371601
       -0.0024663140   0.0004320228  -0.0132386529  -0.0112245932  -0.0060246603
        0.0035426454  -0.0029259634   0.0062565420   0.0009490323  -0.0004268135
       -0.0000061888  -0.0001171351  -0.0029480085   0.0063152516   0.0014738572
       -0.0125356795  -0.0052551133  -0.0063148469
        0.0001115639  -0.0000611578  -0.0002199440   0.0001482526  -0.0000590870
       -0.0002428235  -0.0002742827   0.0001199749   0.0000093777  -0.0006749655
        0.0002958695   0.0009928663   0.0161795698   0.0041848644  -0.0214616193
        0.0085019440   0.0064674067  -0.0134290431  -0.0157447132   0.0041489453
       -0.2054502639   0.0140663434  -0.0297586572   0.6012139105   0.1006867069
        0.0668695966  -0.1309982481   0.0226464257   0.0165878765  -0.0290999883
       -0.0037505928  -0.0032811381   0.0046991155  -0.0185728316  -0.0067576069
       -0.0431371308  -0.1149136919  -0.0573493761  -0.1508985131   0.0005268234
       -0.0001748970  -0.0004876041  -0.0003904965  -0.0002606889   0.0007447592
       -0.0040750740  -0.0000362785  -0.0150825683  -0.0119390664  -0.0073744753
        0.0057372415  -0.0000486251   0.0012198314  -0.0056713553  -0.0000519534
       -0.0002112028   0.0009948481  -0.0004105156   0.0012029940  -0.0055453250
        0.0079791790   0.0042272065   0.0073323079
        0.0001563310  -0.0001709398  -0.0000915801   0.0001621487   0.0000613518
       -0.0000130706  -0.0000770907   0.0000122750  -0.0000402952  -0.0001873124
        0.0000251437   0.0000402454   0.0009386301   0.0001180603  -0.0010355896
        0.0008748135   0.0010030960  -0.0015770899  -0.0040840181  -0.0039098839
        0.0107817355  -0.2083231011  -0.1050079365   0.1006867069   0.5097863719
        0.2317592569   0.0297822362  -0.0841994107  -0.0181344296  -0.0305597303
        0.0224011766   0.0146209663  -0.0197759326  -0.0123993941  -0.0064585676
        0.0260086850  -0.0473235499  -0.0263014463  -0.0277584503   0.0001129954
        0.0000540154  -0.0003216173  -0.0002436549  -0.0000807489  -0.0000501049
        0.0007943207   0.0009589308  -0.0019684262  -0.1755204092  -0.0758483557
       -0.1007583466  -0.0015635702  -0.0034538529   0.0223497117  -0.0008920619
       -0.0049285734  -0.0032849833   0.0004142935   0.0001163320   0.0005459993
       -0.0008275082  -0.0044346936  -0.0029601032
        0.0001632007  -0.0000418093   0.0000174527  -0.0000430479  -0.0000312283
        0.0000300907  -0.0000433067  -0.0000074944   0.0000484394  -0.0001134642
       -0.0002566412  -0.0001730364   0.0026578358   0.0002232119  -0.0023096870
       -0.0002781359  -0.0003979425   0.0006684730  -0.0063356507  -0.0015045342
        0.0088665861  -0.0995127524  -0.1140972809   0.0668695966   0.2317592569
        0.2591132866  -0.0291408009  -0.0244733839  -0.0640109960   0.0060181079
        0.0191598013   0.0132210451  -0.0077316585  -0.0062634820  -0.0108457971
        0.0185797435  -0.0308365085  -0.0140986431  -0.0206276886   0.0000065499
       -0.0000720285  -0.0000875611  -0.0000360069  -0.0000640940  -0.0000607427
        0.0006128570   0.0001419229  -0.0011653531  -0.0757584088  -0.0751215866
       -0.0531103599  -0.0015244815  -0.0016151340   0.0148143870  -0.0049147040
        0.0052435924  -0.0010130067   0.0002851397  -0.0001240403   0.0003093175
       -0.0045113076   0.0043461914  -0.0008022992
        0.0000210795  -0.0001491123  -0.0000337854  -0.0000335334   0.0001123289
        0.0000299031  -0.0000294376  -0.0000623374   0.0000230148  -0.0000863508
        0.0001442793  -0.0002790556   0.0021450421   0.0000570758  -0.0034014768
       -0.0003212645   0.0002183371  -0.0023348780   0.0218861240   0.0161896772
       -0.0234229383   0.0389322151   0.0308378476  -0.1309982481   0.0297822362
       -0.0291408009   0.6466884274   0.0356844806   0.0457866349  -0.3170755462
       -0.0702679612  -0.0374040484  -0.0419435654   0.0257340647   0.0187041859
       -0.0440339605   0.0191638017   0.0058947061   0.0546413289   0.0005738879
        0.0002027117  -0.0000711546  -0.0000216200   0.0000442543  -0.0001770625
        0.0017082989   0.0010697777   0.0006243563  -0.1013572379  -0.0539277654
       -0.1205070715   0.0022452753   0.0029014913  -0.0154095052  -0.0031080771
       -0.0009103214  -0.0010989051   0.0006215392   0.0005182245  -0.0001208677
       -0.0032725629  -0.0010871463  -0.0010990097
        0.0000613633  -0.0002005719   0.0000049971   0.0000786560   0.0001244955
        0.0000379338  -0.0000511728  -0.0000553005   0.0000274485  -0.0000231940
       -0.0000486163  -0.0000461159   0.0006765651  -0.0001235634  -0.0005916459
       -0.0001129752  -0.0001436168   0.0012457287  -0.0014223633  -0.0051929222
        0.0026536004   0.0190436533   0.0092019670   0.0226464257  -0.0841994107
       -0.0244733839   0.0356844806   0.5234918538   0.2354711173   0.0104690313
       -0.2092396150  -0.0805780954  -0.1283969667  -0.0493101077  -0.0317381121
        0.0202616813  -0.0106314861  -0.0006377358  -0.0250710836  -0.0001691420
       -0.0000397234   0.0000490044  -0.0000082375  -0.0000197555   0.0000498717
       -0.0002771779  -0.0001147128  -0.0000258868  -0.0007006131   0.0011715658
       -0.0222330393  -0.1858889673  -0.0969731752   0.0833084922  -0.0003666685
       -0.0005778931  -0.0015839053  -0.0012374198  -0.0055142946   0.0018838097
        0.0002864594   0.0004623273  -0.0003738618
        0.0001052644  -0.0000805464  -0.0000794721  -0.0000098219   0.0001002813
        0.0000391444  -0.0000058383   0.0000031818  -0.0000129953  -0.0000573978
       -0.0000884386  -0.0000000458  -0.0008824638  -0.0001651694   0.0021069878
       -0.0003118026   0.0004658999  -0.0007959871  -0.0045432989   0.0039725634
        0.0008607554   0.0044767792   0.0012981052   0.0165878765  -0.0181344296
       -0.0640109960   0.0457866349   0.2354711173   0.2626578171  -0.0426125836
       -0.0874118423  -0.0942377289  -0.0636076807  -0.0270164708  -0.0148286998
        0.0063484694  -0.0009766395  -0.0046253335  -0.0105188549   0.0002340900
        0.0000993022  -0.0001494229  -0.0000145333  -0.0000140454   0.0000028739
        0.0000213322   0.0000068846   0.0000757562  -0.0006273469   0.0014254220
       -0.0114161490  -0.0967760775  -0.0977715978   0.0546169146   0.0015306786
        0.0015256363   0.0010990386  -0.0054843656   0.0043044924   0.0018979908
        0.0004130670  -0.0000370304  -0.0002292511
       -0.0001034810   0.0000625285   0.0000305575  -0.0000388633  -0.0000273745
        0.0001105100  -0.0000129573   0.0000090924  -0.0000347292   0.0001777718
       -0.0000647965  -0.0001075441   0.0003738350   0.0004219009  -0.0008770446
        0.0003012249   0.0004828680  -0.0011970413   0.0010970454   0.0012554708
        0.0019870240   0.0728106276   0.0455897515  -0.0290999883  -0.0305597303
        0.0060181079  -0.3170755462   0.0104690313  -0.0426125836   0.6352059437
       -0.0609534568  -0.0235868756  -0.1656142497  -0.0294382001  -0.0228782472
        0.0594829135  -0.0257257792  -0.0105625521  -0.0513305955   0.0001742651
       -0.0000261393  -0.0001830421  -0.0001407303  -0.0002004690   0.0000505043
       -0.0000375797  -0.0000652103   0.0002929075  -0.0020706161   0.0007489049
       -0.0188868001   0.0835016639   0.0546160462  -0.0930110375  -0.0217416389
       -0.0108440832  -0.0193881552   0.0022760328   0.0019081756  -0.0001456222
       -0.0003584646  -0.0002445156  -0.0002089646
       -0.0000104255  -0.0000056117   0.0000397864   0.0002151671  -0.0000270921
        0.0000220793  -0.0000740264   0.0000090630  -0.0000266670  -0.0000418499
        0.0001926724   0.0001199226   0.0002575007  -0.0002641492   0.0005132537
        0.0000725268   0.0000244462   0.0001802649  -0.0004172636  -0.0000877642
       -0.0000774746  -0.0508784467  -0.0258365592  -0.0037505928   0.0224011766
        0.0191598013  -0.0702679612  -0.2092396150  -0.0874118423  -0.0609534568
        0.5029912322   0.2208451898   0.0233279026  -0.2112617871  -0.0978309109
        0.0374804095   0.0196964503   0.0032612726   0.0739268089  -0.0000706369
        0.0000223662   0.0001315834   0.0001299795   0.0001819336  -0.0000598168
        0.0000561709   0.0000808896   0.0000508741   0.0030602878  -0.0029709638
        0.0001509600  -0.0190365818  -0.0104249970  -0.0113582335  -0.0422929619
       -0.0040491333   0.0026983281  -0.0187165234  -0.0120641030   0.0082711866
        0.0031596266  -0.0028045081  -0.0004191575
        0.0000228220   0.0000404768  -0.0000780794   0.0000070708   0.0000096978
        0.0000975060  -0.0000424711  -0.0000499897  -0.0000507935  -0.0000120192
        0.0000660127   0.0000082163   0.0004910100  -0.0000693012  -0.0001401954
       -0.0000203358   0.0000795366   0.0003661690  -0.0002512865  -0.0004194634
        0.0003442843  -0.0260306357  -0.0210309671  -0.0032811381   0.0146209663
        0.0132210451  -0.0374040484  -0.0805780954  -0.0942377289  -0.0235868756
        0.2208451898   0.2534915202  -0.0400723316  -0.1042642216  -0.1137704337
        0.0303670434   0.0082882692   0.0020458227   0.0464008971  -0.0000763957
       -0.0000109042   0.0000701886   0.0000685893   0.0000853202  -0.0000258903
        0.0000021569   0.0001048009  -0.0000189223  -0.0029663994   0.0061126207
        0.0013351206  -0.0126255419  -0.0056208736  -0.0072458114  -0.0041465406
       -0.0405673653   0.0273404139  -0.0103466097  -0.0053585808   0.0043334410
       -0.0029855215   0.0058787542   0.0012408059
       -0.0001205647   0.0001982447  -0.0000075122  -0.0000480453  -0.0001238433
        0.0000453613   0.0000857152  -0.0000078930   0.0000371829  -0.0000553065
        0.0000818978  -0.0001425741  -0.0003522016  -0.0000725491   0.0003981997
       -0.0002118117  -0.0001157937   0.0001060707   0.0007042529   0.0004603503
       -0.0017152664  -0.0034851308  -0.0031356691   0.0046991155  -0.0197759326
       -0.0077316585  -0.0419435654  -0.1283969667  -0.0636076807  -0.1656142497
        0.0233279026  -0.0400723316   0.6636296606   0.1052410468   0.0702296162
       -0.1396068262   0.0236703692   0.0169923053  -0.0278980560   0.0000261907
       -0.0000414934   0.0000314744   0.0000320430  -0.0000933602   0.0000061061
        0.0000522163   0.0000314243   0.0003554976  -0.0003659196   0.0010593079
       -0.0058595372   0.0087506400   0.0046688299   0.0065542775   0.0026612393
        0.0274327929  -0.2938843187  -0.0116712578  -0.0074947905   0.0064836781
       -0.0000684788   0.0013422939  -0.0056747183
       -0.0001001174   0.0000810914  -0.0000215982  -0.0003927822  -0.0000723579
       -0.0000704404   0.0000941103   0.0001039735   0.0002108793   0.0003280183
       -0.0002983557  -0.0003698832  -0.0001033900   0.0005167627   0.0001609948
        0.0000453250  -0.0005297114   0.0007021868  -0.0014271006  -0.0047698962
       -0.0039532663   0.0224578719   0.0147023641  -0.0185728316  -0.0123993941
       -0.0062634820   0.0257340647  -0.0493101077  -0.0270164708  -0.0294382001
       -0.2112617871  -0.1042642216   0.1052410468   0.5207373162   0.2309585555
        0.0376505781  -0.0833902377  -0.0175473471  -0.0337605952  -0.0000414602
       -0.0000048054   0.0000533937  -0.0000990631   0.0002051705  -0.0000229453
       -0.0002779616  -0.0001522479  -0.0013846527   0.0002597889   0.0003323238
        0.0005032935  -0.0011050785  -0.0050798150  -0.0030744167  -0.0008676551
       -0.0012692397   0.0017871214  -0.1817036442  -0.0757947284  -0.1032855696
       -0.0014426511  -0.0038375623   0.0219108401
       -0.0000412821  -0.0000886907  -0.0001677791  -0.0001127827   0.0000308639
       -0.0000288930  -0.0000699875  -0.0000765241   0.0001420173   0.0001155307
       -0.0001816111   0.0003027770  -0.0011313434  -0.0000848909   0.0013405375
        0.0001239577   0.0000268590  -0.0007579666  -0.0041732768   0.0045234026
       -0.0020553667   0.0190550672   0.0120675477  -0.0067576069  -0.0064585676
       -0.0108457971   0.0187041859  -0.0317381121  -0.0148286998  -0.0228782472
       -0.0978309109  -0.1137704337   0.0702296162   0.2309585555   0.2584790921
       -0.0315632007  -0.0236680824  -0.0634083471   0.0088636400   0.0002139676
        0.0001735839  -0.0000433757  -0.0001282272   0.0000825070  -0.0001429947
       -0.0000258271  -0.0000802618  -0.0004488934   0.0002925547  -0.0000950209
        0.0002801036  -0.0049727650   0.0051101015  -0.0009236161  -0.0031934138
       -0.0013440369   0.0027127630  -0.0753794157  -0.0744043487  -0.0519577867
       -0.0018356390  -0.0012852949   0.0151500865
       -0.0002285849   0.0000755841  -0.0000288769  -0.0002321588  -0.0000233269
       -0.0002014771   0.0001027366   0.0000421488   0.0001152968   0.0000896923
        0.0002284888  -0.0002506252   0.0010376829  -0.0001239906   0.0008398360
        0.0001454745   0.0003752929  -0.0000157486  -0.0037705937  -0.0015325455
        0.0014417764  -0.0686078434  -0.0357580296  -0.0431371308   0.0260086850
        0.0185797435  -0.0440339605   0.0202616813   0.0063484694   0.0594829135
        0.0374804095   0.0303670434  -0.1396068262   0.0376505781  -0.0315632007
        0.6407882853   0.0316966661   0.0486313434  -0.3228158946  -0.0000848497
       -0.0000630205   0.0002459770   0.0002226443   0.0000561365  -0.0002219715
       -0.0000115195   0.0002269856  -0.0005661194   0.0005038392   0.0002445895
       -0.0001337955  -0.0034429560  -0.0010026542  -0.0008589397   0.0220572300
        0.0145478660  -0.0158153146  -0.1037059257  -0.0520218033  -0.1201767087
        0.0028271122   0.0023648790  -0.0150506960
       -0.0002750935  -0.0000913222   0.0002764701   0.0004264887   0.0000793668
       -0.0001409906   0.0008766622  -0.0003730147   0.0003072839   0.0005557836
        0.0013151261  -0.0007072887  -0.0013621550   0.0000356587   0.0020001823
       -0.0011344705  -0.0004196646   0.0002497618   0.0006926299   0.0017262187
       -0.0105315684  -0.1988226471  -0.0767516323  -0.1149136919  -0.0473235499
       -0.0308365085   0.0191638017  -0.0106314861  -0.0009766395  -0.0257257792
        0.0196964503   0.0082882692   0.0236703692  -0.0833902377  -0.0236680824
        0.0316966661   0.4994550237   0.2305001535   0.0182461375  -0.0002932577
       -0.0002913598   0.0000070930   0.0000813555  -0.0007932579   0.0005736956
        0.0006511331  -0.0005889252   0.0008105390  -0.0012760011  -0.0051767768
        0.0017339714   0.0003637356   0.0004015785  -0.0005112140  -0.0011426732
       -0.0053984201   0.0021703171  -0.0008216384   0.0010234223  -0.0220225551
       -0.1763260524  -0.0980041898   0.0736467992
        0.0000474723  -0.0003923948   0.0000484162   0.0008741968   0.0002620334
       -0.0003387564  -0.0008122713   0.0002233711  -0.0002628805  -0.0000792268
        0.0010093068   0.0017402820  -0.0038580198   0.0010025472   0.0003507048
        0.0004136069  -0.0007639103   0.0005124252   0.0049496634   0.0005776366
       -0.0044475795  -0.0833227806  -0.0934828097  -0.0573493761  -0.0263014463
       -0.0140986431   0.0058947061  -0.0006377358  -0.0046253335  -0.0105625521
        0.0032612726   0.0020458227   0.0169923053  -0.0175473471  -0.0634083471
        0.0486313434   0.2305001535   0.2598465823  -0.0463589737  -0.0000022291
        0.0001776128   0.0001205297   0.0004164157  -0.0003097021   0.0005413053
       -0.0004482731   0.0007682718   0.0008806749  -0.0053474168   0.0039643016
        0.0017266283   0.0004864160  -0.0000545862  -0.0003091329  -0.0053634850
        0.0043911705   0.0020359800  -0.0007464088   0.0012361131  -0.0109783365
       -0.0964825567  -0.0983690430   0.0511322865
       -0.0000175873   0.0000899763  -0.0001704263  -0.0003796964  -0.0000477218
        0.0001947390  -0.0010586338   0.0003861318  -0.0004314318  -0.0007963657
       -0.0002135551   0.0005783290  -0.0027199710  -0.0002068422   0.0012708184
       -0.0012873942  -0.0017796301  -0.0000444658  -0.0186900457  -0.0098174215
       -0.0298210319  -0.0573007206  -0.0239039154  -0.1508985131  -0.0277584503
       -0.0206276886   0.0546413289  -0.0250710836  -0.0105188549  -0.0513305955
        0.0739268089   0.0464008971  -0.0278980560  -0.0337605952   0.0088636400
       -0.3228158946   0.0182461375  -0.0463589737   0.6381174049   0.0003277351
        0.0000839894  -0.0001588459  -0.0005615223  -0.0001410505  -0.0002133951
       -0.0003373274   0.0000223581  -0.0055961324   0.0023800036   0.0020699507
       -0.0003140118  -0.0005028703  -0.0003983238  -0.0003541794   0.0020361484
        0.0020072781  -0.0003817387  -0.0018476293   0.0008162613  -0.0192430120
        0.0751730595   0.0532734947  -0.0851308899
       -0.0000297236  -0.0000401852   0.0000143498  -0.0000056128  -0.0000456573
        0.0000941965   0.0000263944  -0.0000556349  -0.0000204596   0.0002498086
        0.0000949967  -0.0000054859  -0.0107173452   0.0152311842  -0.0205339757
       -0.0580953343   0.0105882735  -0.0752718229   0.0059241351  -0.0033970439
        0.0195896215   0.0003963763  -0.0036182393   0.0005268234   0.0001129954
        0.0000065499   0.0005738879  -0.0001691420   0.0002340900   0.0001742651
       -0.0000706369  -0.0000763957   0.0000261907  -0.0000414602   0.0002139676
       -0.0000848497  -0.0002932577  -0.0000022291   0.0003277351   0.0656340138
       -0.0208382690   0.0870814848  -0.0032380055   0.0009634619  -0.0127346657
        0.0000302705   0.0007808028   0.0002456528   0.0000660071  -0.0000268974
       -0.0000213794  -0.0000145103   0.0000197192   0.0000521426   0.0000342023
       -0.0000361152  -0.0000167305   0.0000116519   0.0000059409   0.0000166491
        0.0001891730  -0.0000023196  -0.0000336300
        0.0000074422  -0.0000161507   0.0000367195  -0.0000848134  -0.0000062013
       -0.0000711137   0.0000041174   0.0000541033   0.0000030323  -0.0000603006
       -0.0002085312   0.0000804750   0.0109873547  -0.0159696840   0.0220596402
        0.0127344465  -0.0491246475   0.0445823012   0.0033703153  -0.0062741069
        0.0111634686   0.0001503468  -0.0012320174  -0.0001748970   0.0000540154
       -0.0000720285   0.0002027117  -0.0000397234   0.0000993022  -0.0000261393
        0.0000223662  -0.0000109042  -0.0000414934  -0.0000048054   0.0001735839
       -0.0000630205  -0.0002913598   0.0001776128   0.0000839894  -0.0208382690
        0.0674495182  -0.0618454249  -0.0060975586   0.0049380483  -0.0168433069
       -0.0002736878   0.0001869809   0.0007519209   0.0000719002  -0.0000235533
       -0.0000186393   0.0000055468   0.0000047797   0.0000027144   0.0000363465
       -0.0000240713  -0.0000183676   0.0000083064  -0.0000038847  -0.0000098439
        0.0002380137  -0.0001181480   0.0001452734
       -0.0000143882   0.0000099623   0.0000533169  -0.0000383984   0.0000649102
        0.0000579317   0.0000037187  -0.0001347487   0.0000008030   0.0001809794
        0.0000132278  -0.0000995025   0.0007210247   0.0065394784   0.0057190157
       -0.0773114051   0.0482857733  -0.2612301179  -0.0056122092   0.0041004276
       -0.0136138893  -0.0001070895   0.0021433359  -0.0004876041  -0.0003216173
       -0.0000875611  -0.0000711546   0.0000490044  -0.0001494229  -0.0001830421
        0.0001315834   0.0000701886   0.0000314744   0.0000533937  -0.0000433757
        0.0002459770   0.0000070930   0.0001205297  -0.0001588459   0.0870814848
       -0.0618454249   0.2841925072  -0.0051914668   0.0015944109  -0.0150467447
        0.0000623876  -0.0008161840   0.0005101806  -0.0000031733   0.0000706543
       -0.0000161441   0.0000070126  -0.0000193995  -0.0000229971   0.0000091877
       -0.0000027574  -0.0000005607   0.0000330910   0.0000037439   0.0000468440
        0.0002597870   0.0000822315   0.0000725526
        0.0000088022  -0.0000664278   0.0000326464   0.0001796505  -0.0001523946
        0.0000957909   0.0000069811   0.0000828747   0.0000061949  -0.0000161261
        0.0006691135   0.0001700447   0.0074148069   0.0216755496   0.0124752519
       -0.0855804662  -0.0859797507  -0.0660040890  -0.0102379728  -0.0155056500
       -0.0115668766  -0.0001771019   0.0008921298  -0.0003904965  -0.0002436549
       -0.0000360069  -0.0000216200  -0.0000082375  -0.0000145333  -0.0001407303
        0.0001299795   0.0000685893   0.0000320430  -0.0000990631  -0.0001282272
        0.0002226443   0.0000813555   0.0004164157  -0.0005615223  -0.0032380055
       -0.0060975586  -0.0051914668   0.0908858986   0.0871190616   0.0706256018
        0.0007208447  -0.0035206736   0.0010591518   0.0000739346   0.0000370249
       -0.0000556518  -0.0000005337   0.0000009347  -0.0000463172  -0.0000215625
        0.0000188427  -0.0000170954  -0.0000174416   0.0000135114  -0.0000556691
        0.0001379121   0.0005071748  -0.0006678349
       -0.0000290353   0.0000898758   0.0000101805  -0.0001626304  -0.0000975898
       -0.0000102600   0.0000542699   0.0001146679  -0.0000094085  -0.0003968923
       -0.0007102946  -0.0003695835  -0.0038546096  -0.0280553134  -0.0072110831
       -0.0806045648  -0.1634996786  -0.0960681980  -0.0042227767  -0.0115719811
       -0.0049126215  -0.0003670816   0.0002760785  -0.0002606889  -0.0000807489
       -0.0000640940   0.0000442543  -0.0000197555  -0.0000140454  -0.0002004690
        0.0001819336   0.0000853202  -0.0000933602   0.0002051705   0.0000825070
        0.0000561365  -0.0007932579  -0.0003097021  -0.0001410505   0.0009634619
        0.0049380483   0.0015944109   0.0871190616   0.1993323527   0.1064404820
        0.0008365718  -0.0008941972   0.0003193361   0.0001283346   0.0000567685
       -0.0000330487   0.0000238795   0.0000037867  -0.0000488423   0.0000472370
       -0.0000040849  -0.0000620854   0.0000119244  -0.0000234969  -0.0000519528
        0.0009595080   0.0002650725   0.0010078520
        0.0000036123   0.0000228912   0.0000172806   0.0000642731   0.0000024161
       -0.0002476944  -0.0000141359   0.0000924962   0.0000241043  -0.0003261481
        0.0000360798   0.0000920338   0.0007007799  -0.0054749459   0.0005182828
       -0.0649115478  -0.0966800035  -0.1180951294   0.0068723325   0.0088300641
        0.0078848610   0.0003359332  -0.0001371601   0.0007447592  -0.0000501049
       -0.0000607427  -0.0001770625   0.0000498717   0.0000028739   0.0000505043
       -0.0000598168  -0.0000258903   0.0000061061  -0.0000229453  -0.0001429947
       -0.0002219715   0.0005736956   0.0005413053  -0.0002133951  -0.0127346657
       -0.0168433069  -0.0150467447   0.0706256018   0.1064404820   0.1262244196
        0.0000525556   0.0026227348  -0.0005021242  -0.0000773827  -0.0000563272
        0.0000142070  -0.0000133754  -0.0000197003   0.0000062045  -0.0000407036
        0.0000071750   0.0000291575  -0.0000243508  -0.0000206991  -0.0000411329
       -0.0010034788   0.0008632524  -0.0010666661
        0.0001181100   0.0000098165   0.0000858923  -0.0000663566   0.0000612535
       -0.0000045154   0.0000794362   0.0000497946  -0.0000197321   0.0000052598
       -0.0004186285   0.0001570821  -0.0327499830  -0.0138005406  -0.0027145139
       -0.0032296295  -0.0008868208   0.0019041309  -0.1547719750  -0.0910671109
       -0.0901237013  -0.0017145375  -0.0024663140  -0.0040750740   0.0007943207
        0.0006128570   0.0017082989  -0.0002771779   0.0000213322  -0.0000375797
        0.0000561709   0.0000021569   0.0000522163  -0.0002779616  -0.0000258271
       -0.0000115195   0.0006511331  -0.0004482731  -0.0003373274   0.0000302705
       -0.0002736878   0.0000623876   0.0007208447   0.0008365718   0.0000525556
        0.1904480392   0.1078589788   0.0928707213   0.0001334437  -0.0001856559
        0.0003183945   0.0000052311  -0.0000339069   0.0000864411   0.0000151258
       -0.0000467181   0.0000043650  -0.0000177925   0.0000820204  -0.0000097256
        0.0000480279   0.0001187020   0.0000312034
       -0.0000674147  -0.0000691045   0.0000050035  -0.0000385562  -0.0000458412
       -0.0000410284   0.0000296250   0.0000290933  -0.0000129038   0.0001722938
       -0.0001014711  -0.0000945719   0.0099196494   0.0058685541   0.0074689136
       -0.0207939104  -0.0158679023  -0.0120976181  -0.0942707669  -0.1015389729
       -0.0651011760  -0.0004386093   0.0004320228  -0.0000362785   0.0009589308
        0.0001419229   0.0010697777  -0.0001147128   0.0000068846  -0.0000652103
        0.0000808896   0.0001048009   0.0000314243  -0.0001522479  -0.0000802618
        0.0002269856  -0.0005889252   0.0007682718   0.0000223581   0.0007808028
        0.0001869809  -0.0008161840  -0.0035206736  -0.0008941972   0.0026227348
        0.1078589788   0.1110371791   0.0665844801  -0.0000238464   0.0001147395
        0.0001411540  -0.0000109312   0.0000048504   0.0000563560   0.0000157609
       -0.0000095888   0.0000070108   0.0000768973  -0.0000941650   0.0000044248
        0.0001267662   0.0000062046   0.0000243476
        0.0000261032  -0.0000094929   0.0000408958  -0.0000672407   0.0000390922
        0.0000541147   0.0000309696  -0.0000187726  -0.0000563902   0.0000890857
        0.0000145088  -0.0001121935   0.0078432383   0.0057264471   0.0054437813
        0.0064157137   0.0053510403   0.0026801244  -0.0890114920  -0.0658084275
       -0.1041507029  -0.0187687580  -0.0132386529  -0.0150825683  -0.0019684262
       -0.0011653531   0.0006243563  -0.0000258868   0.0000757562   0.0002929075
        0.0000508741  -0.0000189223   0.0003554976  -0.0013846527  -0.0004488934
       -0.0005661194   0.0008105390   0.0008806749  -0.0055961324   0.0002456528
        0.0007519209   0.0005101806   0.0010591518   0.0003193361  -0.0005021242
        0.0928707213   0.0665844801   0.1165756318   0.0012731547   0.0007014739
       -0.0004484959   0.0000301664   0.0000189378   0.0001360831   0.0001064096
        0.0000324558   0.0000872398   0.0000426943   0.0001004782  -0.0004278984
        0.0003319819   0.0001119123   0.0001418126
        0.0000494276   0.0000343079   0.0000406450  -0.0000779393   0.0000754641
        0.0000694650   0.0000372202  -0.0000850612  -0.0000841762  -0.0001089786
       -0.0001702541  -0.0000862301   0.0001226176  -0.0000763354   0.0001362725
        0.0000936514   0.0002778683  -0.0002741979  -0.0003876977   0.0013110501
       -0.0015133050  -0.0195786041  -0.0112245932  -0.0119390664  -0.1755204092
       -0.0757584088  -0.1013572379  -0.0007006131  -0.0006273469  -0.0020706161
        0.0030602878  -0.0029663994  -0.0003659196   0.0002597889   0.0002925547
        0.0005038392  -0.0012760011  -0.0053474168   0.0023800036   0.0000660071
        0.0000719002  -0.0000031733   0.0000739346   0.0001283346  -0.0000773827
        0.0001334437  -0.0000238464   0.0012731547   0.1948371710   0.0922619579
        0.1130604545   0.0000805124   0.0015405378   0.0008169263  -0.0000536713
       -0.0000213056   0.0000829246  -0.0003087826   0.0008328759   0.0001377436
       -0.0008013655  -0.0005258838  -0.0007301239
       -0.0000002310  -0.0000450209   0.0000685962  -0.0000962608  -0.0000221295
        0.0000358299   0.0000632032   0.0000684685  -0.0000113304  -0.0000960400
       -0.0001056078  -0.0001135907   0.0010328421   0.0003829682  -0.0003767874
       -0.0003026091  -0.0001649158   0.0001885858   0.0007622846  -0.0020281406
       -0.0008776175  -0.0128437138  -0.0060246603  -0.0073744753  -0.0758483557
       -0.0751215866  -0.0539277654   0.0011715658   0.0014254220   0.0007489049
       -0.0029709638   0.0061126207   0.0010593079   0.0003323238  -0.0000950209
        0.0002445895  -0.0051767768   0.0039643016   0.0020699507  -0.0000268974
       -0.0000235533   0.0000706543   0.0000370249   0.0000567685  -0.0000563272
       -0.0001856559   0.0001147395   0.0007014739   0.0922619579   0.0744986995
        0.0577388318   0.0016124322  -0.0016541745   0.0002069978   0.0000907206
       -0.0000129865   0.0001222536   0.0008186460  -0.0011988613  -0.0001020240
       -0.0006354967  -0.0001273305  -0.0004160585
        0.0000116139   0.0000727749  -0.0000216629  -0.0000099056  -0.0000136886
        0.0000583154  -0.0000001569  -0.0000233966   0.0000091688  -0.0000892301
       -0.0000499573  -0.0000427328  -0.0003220704   0.0001078299   0.0001555052
        0.0000181549  -0.0000588420   0.0000005640   0.0021416064   0.0007958528
        0.0007092243   0.0066369506   0.0035426454   0.0057372415  -0.1007583466
       -0.0531103599  -0.1205070715  -0.0222330393  -0.0114161490  -0.0188868001
        0.0001509600   0.0013351206  -0.0058595372   0.0005032935   0.0002801036
       -0.0001337955   0.0017339714   0.0017266283  -0.0003140118  -0.0000213794
       -0.0000186393  -0.0000161441  -0.0000556518  -0.0000330487   0.0000142070
        0.0003183945   0.0001411540  -0.0004484959   0.1130604545   0.0577388318
        0.1395046170  -0.0005069086  -0.0006042523   0.0006699601  -0.0011693967
       -0.0006096616  -0.0008961011   0.0000904008  -0.0001082705   0.0000484483
        0.0005002849   0.0003053245   0.0002191012
       -0.0000014423   0.0000857209  -0.0000215178  -0.0000439153   0.0000245250
        0.0000478937   0.0000108222  -0.0000930229   0.0000279731   0.0000749700
       -0.0000431971  -0.0000970666  -0.0000210264  -0.0001428502   0.0001845703
        0.0000749456   0.0000693178  -0.0000606588  -0.0001190551   0.0000381236
       -0.0002862330   0.0030121110  -0.0029259634  -0.0000486251  -0.0015635702
       -0.0015244815   0.0022452753  -0.1858889673  -0.0967760775   0.0835016639
       -0.0190365818  -0.0126255419   0.0087506400  -0.0011050785  -0.0049727650
       -0.0034429560   0.0003637356   0.0004864160  -0.0005028703  -0.0000145103
        0.0000055468   0.0000070126  -0.0000005337   0.0000238795  -0.0000133754
        0.0000052311  -0.0000109312   0.0000301664   0.0000805124   0.0016124322
       -0.0005069086   0.2055187165   0.1151763400  -0.0911289433  -0.0000922171
        0.0013390386   0.0006880199  -0.0009240123  -0.0005165269   0.0005494021
       -0.0003301339   0.0007700172   0.0000765377
        0.0000092272  -0.0000046847  -0.0000277869  -0.0000719632  -0.0000061596
        0.0000703840   0.0000590918   0.0000334515  -0.0000301566  -0.0000271716
       -0.0000721924   0.0000275044   0.0001458128   0.0003480559  -0.0000136847
       -0.0001559596  -0.0000380701   0.0000966697  -0.0001754172  -0.0003904133
       -0.0000347542  -0.0028756944   0.0062565420   0.0012198314  -0.0034538529
       -0.0016151340   0.0029014913  -0.0969731752  -0.0977715978   0.0546160462
       -0.0104249970  -0.0056208736   0.0046688299  -0.0050798150   0.0051101015
       -0.0010026542   0.0004015785  -0.0000545862  -0.0003983238   0.0000197192
        0.0000047797  -0.0000193995   0.0000009347   0.0000037867  -0.0000197003
       -0.0000339069   0.0000048504   0.0000189378   0.0015405378  -0.0016541745
       -0.0006042523   0.1151763400   0.0986717064  -0.0616708437   0.0014805914
       -0.0016688856   0.0000792084  -0.0003964031  -0.0003869531   0.0002810775
        0.0008345228  -0.0011495493  -0.0001584245
        0.0000270729  -0.0000415951  -0.0000414875   0.0000605192  -0.0000012012
        0.0000338283  -0.0000441266   0.0000045349   0.0000405733  -0.0001223747
        0.0000614445  -0.0000378060   0.0002509224   0.0001429279  -0.0001983820
        0.0000646620  -0.0000295054  -0.0002193553   0.0009690248   0.0006951505
       -0.0005254861  -0.0004164544   0.0009490323  -0.0056713553   0.0223497117
        0.0148143870  -0.0154095052   0.0833084922   0.0546169146  -0.0930110375
       -0.0113582335  -0.0072458114   0.0065542775  -0.0030744167  -0.0009236161
       -0.0008589397  -0.0005112140  -0.0003091329  -0.0003541794   0.0000521426
        0.0000027144  -0.0000229971  -0.0000463172  -0.0000488423   0.0000062045
        0.0000864411   0.0000563560   0.0001360831   0.0008169263   0.0002069978
        0.0006699601  -0.0911289433  -0.0616708437   0.1077562838  -0.0006577814
       -0.0007166421   0.0008203835  -0.0006733304  -0.0004270376   0.0002803969
        0.0000472770  -0.0001362318   0.0000525402
        0.0000308374  -0.0000082145  -0.0000520738  -0.0000454093   0.0000516705
        0.0000135886  -0.0000114636  -0.0000385437   0.0000992294   0.0000251708
       -0.0000856176  -0.0000911801   0.0000040374  -0.0000220875   0.0005504151
        0.0000601447   0.0000718909  -0.0002821570  -0.0004125244   0.0007378507
       -0.0002635321  -0.0005902588  -0.0004268135  -0.0000519534  -0.0008920619
       -0.0049147040  -0.0031080771  -0.0003666685   0.0015306786  -0.0217416389
       -0.0422929619  -0.0041465406   0.0026612393  -0.0008676551  -0.0031934138
        0.0220572300  -0.0011426732  -0.0053634850   0.0020361484   0.0000342023
        0.0000363465   0.0000091877  -0.0000215625   0.0000472370  -0.0000407036
        0.0000151258   0.0000157609   0.0001064096  -0.0000536713   0.0000907206
       -0.0011693967  -0.0000922171   0.0014805914  -0.0006577814   0.0468067631
        0.0129915678  -0.0021601935  -0.0000967207   0.0012704043   0.0009168546
       -0.0000904332  -0.0001252990   0.0011683850
       -0.0000237341  -0.0000125072  -0.0000576282  -0.0000561037   0.0000041760
        0.0000924845   0.0000367132  -0.0000358289  -0.0000318195   0.0000132309
        0.0000026486   0.0000177653   0.0003717845   0.0001952805  -0.0007085940
       -0.0000893763  -0.0000869843   0.0005442932   0.0006164870  -0.0013678347
        0.0000866730  -0.0003237850  -0.0000061888  -0.0002112028  -0.0049285734
        0.0052435924  -0.0009103214  -0.0005778931   0.0015256363  -0.0108440832
       -0.0040491333  -0.0405673653   0.0274327929  -0.0012692397  -0.0013440369
        0.0145478660  -0.0053984201   0.0043911705   0.0020072781  -0.0000361152
       -0.0000240713  -0.0000027574   0.0000188427  -0.0000040849   0.0000071750
       -0.0000467181  -0.0000095888   0.0000324558  -0.0000213056  -0.0000129865
       -0.0006096616   0.0013390386  -0.0016688856  -0.0007166421   0.0129915678
        0.0355599763  -0.0315875254   0.0014172814  -0.0016273200   0.0002044397
        0.0000154514  -0.0001547973   0.0007070119
        0.0000368191  -0.0000688157   0.0000298348   0.0001194635  -0.0000125397
       -0.0000195142  -0.0000515752   0.0000400970  -0.0000301209  -0.0001306227
        0.0001018469   0.0000296427   0.0000289304   0.0000568851  -0.0000133383
        0.0000182929  -0.0000485890   0.0000633596   0.0001023441  -0.0001581584
        0.0000931830  -0.0000297121  -0.0001171351   0.0009948481  -0.0032849833
       -0.0010130067  -0.0010989051  -0.0015839053   0.0010990386  -0.0193881552
        0.0026983281   0.0273404139  -0.2938843187   0.0017871214   0.0027127630
       -0.0158153146   0.0021703171   0.0020359800  -0.0003817387  -0.0000167305
       -0.0000183676  -0.0000005607  -0.0000170954  -0.0000620854   0.0000291575
        0.0000043650   0.0000070108   0.0000872398   0.0000829246   0.0001222536
       -0.0008961011   0.0006880199   0.0000792084   0.0008203835  -0.0021601935
       -0.0315875254   0.3292269506  -0.0004164703  -0.0005569822   0.0008417191
       -0.0000456378   0.0000477079  -0.0006882513
        0.0001049822   0.0000149275  -0.0000280140   0.0000175181  -0.0000211957
       -0.0000335788  -0.0000056246  -0.0000080392  -0.0000249806  -0.0000792369
       -0.0000685429  -0.0000412249   0.0002440502   0.0001396192   0.0002535671
       -0.0000745250  -0.0000650480  -0.0000980866  -0.0001589897  -0.0002350065
       -0.0001056937   0.0030058624  -0.0029480085  -0.0004105156   0.0004142935
        0.0002851397   0.0006215392  -0.0012374198  -0.0054843656   0.0022760328
       -0.0187165234  -0.0103466097  -0.0116712578  -0.1817036442  -0.0753794157
       -0.1037059257  -0.0008216384  -0.0007464088  -0.0018476293   0.0000116519
        0.0000083064   0.0000330910  -0.0000174416   0.0000119244  -0.0000243508
       -0.0000177925   0.0000768973   0.0000426943  -0.0003087826   0.0008186460
        0.0000904008  -0.0009240123  -0.0003964031  -0.0006733304  -0.0000967207
        0.0014172814  -0.0004164703   0.2002554997   0.0912851658   0.1148992986
        0.0001084938   0.0016411361   0.0008644347
       -0.0000632614   0.0000810080   0.0000294114   0.0000286559  -0.0001007401
        0.0000885318   0.0000621009  -0.0000970230  -0.0001143942  -0.0000223941
        0.0001208765  -0.0001765704   0.0000941491  -0.0001905696  -0.0003351722
        0.0000588418   0.0000780405   0.0002169067  -0.0000543247   0.0002633585
        0.0002611564  -0.0027257469   0.0063152516   0.0012029940   0.0001163320
       -0.0001240403   0.0005182245  -0.0055142946   0.0043044924   0.0019081756
       -0.0120641030  -0.0053585808  -0.0074947905  -0.0757947284  -0.0744043487
       -0.0520218033   0.0010234223   0.0012361131   0.0008162613   0.0000059409
       -0.0000038847   0.0000037439   0.0000135114  -0.0000234969  -0.0000206991
        0.0000820204  -0.0000941650   0.0001004782   0.0008328759  -0.0011988613
       -0.0001082705  -0.0005165269  -0.0003869531  -0.0004270376   0.0012704043
       -0.0016273200  -0.0005569822   0.0912851658   0.0728376850   0.0559792894
        0.0018819593  -0.0016268420   0.0001305466
        0.0000525873   0.0000922394   0.0000528440  -0.0000232544  -0.0000045267
        0.0001622853   0.0000732735  -0.0000856374  -0.0001215396  -0.0002738894
       -0.0000020302  -0.0001578449   0.0001435741  -0.0000146097   0.0001496356
       -0.0000648799  -0.0000831885  -0.0000065916  -0.0012827491  -0.0006160869
       -0.0006472426   0.0000661097   0.0014738572  -0.0055453250   0.0005459993
        0.0003093175  -0.0001208677   0.0018838097   0.0018979908  -0.0001456222
        0.0082711866   0.0043334410   0.0064836781  -0.1032855696  -0.0519577867
       -0.1201767087  -0.0220225551  -0.0109783365  -0.0192430120   0.0000166491
       -0.0000098439   0.0000468440  -0.0000556691  -0.0000519528  -0.0000411329
       -0.0000097256   0.0000044248  -0.0004278984   0.0001377436  -0.0001020240
        0.0000484483   0.0005494021   0.0002810775   0.0002803969   0.0009168546
        0.0002044397   0.0008417191   0.1148992986   0.0559792894   0.1380019595
       -0.0005381961  -0.0006700542   0.0005659748
       -0.0000906227   0.0002593059  -0.0003285640  -0.0020052973  -0.0003676119
        0.0003987636   0.0002222217   0.0002405937   0.0001454366   0.0000419537
       -0.0002177203   0.0004236343   0.0011415629  -0.0000591926   0.0007774716
       -0.0002890565  -0.0000682421  -0.0005114654  -0.0007297343   0.0011630767
        0.0010816463  -0.0182214840  -0.0125356795   0.0079791790  -0.0008275082
       -0.0045113076  -0.0032725629   0.0002864594   0.0004130670  -0.0003584646
        0.0031596266  -0.0029855215  -0.0000684788  -0.0014426511  -0.0018356390
        0.0028271122  -0.1763260524  -0.0964825567   0.0751730595   0.0001891730
        0.0002380137   0.0002597870   0.0001379121   0.0009595080  -0.0010034788
        0.0000480279   0.0001267662   0.0003319819  -0.0008013655  -0.0006354967
        0.0005002849  -0.0003301339   0.0008345228   0.0000472770  -0.0000904332
        0.0000154514  -0.0000456378   0.0001084938   0.0018819593  -0.0005381961
        0.1958189078   0.1135667032  -0.0838187856
       -0.0001705728   0.0003695470  -0.0001232611  -0.0005324788  -0.0003072111
        0.0000508998   0.0000158295  -0.0000804780   0.0000154718   0.0004947278
       -0.0009332786  -0.0015056463   0.0016912073  -0.0008875278  -0.0008043466
       -0.0000572578   0.0003945187   0.0009801494   0.0007129901  -0.0017254321
        0.0010942171  -0.0094860498  -0.0052551133   0.0042272065  -0.0044346936
        0.0043461914  -0.0010871463   0.0004623273  -0.0000370304  -0.0002445156
       -0.0028045081   0.0058787542   0.0013422939  -0.0038375623  -0.0012852949
        0.0023648790  -0.0980041898  -0.0983690430   0.0532734947  -0.0000023196
       -0.0001181480   0.0000822315   0.0005071748   0.0002650725   0.0008632524
        0.0001187020   0.0000062046   0.0001119123  -0.0005258838  -0.0001273305
        0.0003053245   0.0007700172  -0.0011495493  -0.0001362318  -0.0001252990
       -0.0001547973   0.0000477079   0.0016411361  -0.0016268420  -0.0006700542
        0.1135667032   0.1007967880  -0.0601878388
        0.0000492959  -0.0001088629   0.0001081251   0.0009016176   0.0000395715
       -0.0005114694  -0.0003096810   0.0000545973  -0.0000661247   0.0006060836
       -0.0003686629  -0.0000560543  -0.0006106575  -0.0003149285  -0.0010556130
       -0.0007651817  -0.0006358335  -0.0012660312   0.0004504082  -0.0000953723
        0.0004074557  -0.0090165882  -0.0063148469   0.0073323079  -0.0029601032
       -0.0008022992  -0.0010990097  -0.0003738618  -0.0002292511  -0.0002089646
       -0.0004191575   0.0012408059  -0.0056747183   0.0219108401   0.0151500865
       -0.0150506960   0.0736467992   0.0511322865  -0.0851308899  -0.0000336300
        0.0001452734   0.0000725526  -0.0006678349   0.0010078520  -0.0010666661
        0.0000312034   0.0000243476   0.0001418126  -0.0007301239  -0.0004160585
        0.0002191012   0.0000765377  -0.0001584245   0.0000525402   0.0011683850
        0.0007070119  -0.0006882513   0.0008644347   0.0001305466   0.0005659748
       -0.0838187856  -0.0601878388   0.1029746184
