$hessian                                                                        
        0.1516823917  -0.0326682266   0.0454963157  -0.0335640583   0.0047079030
       -0.0002067843   0.0116798531  -0.0087893183  -0.0214708096  -0.0258264526
        0.0033700202   0.0278111301  -0.0036050607   0.0193615282   0.0080191968
       -0.0932752611   0.0142568377  -0.0571778487  -0.0129010325   0.0001144398
       -0.0017591343   0.0028982561  -0.0017777267  -0.0015229342   0.0060548449
        0.0062131913  -0.0001809771   0.0090101737  -0.0071842018   0.0071679713
       -0.0138173357  -0.0046390458  -0.0029620445   0.0003087439   0.0080994426
        0.0018268020  -0.0028921528   0.0008727824  -0.0060428759   0.0021005928
       -0.0019391437   0.0041558118  -0.0002607777   0.0001982372  -0.0000285570
        0.0001831917   0.0000039906   0.0000407106   0.0003336411  -0.0001750155
       -0.0000825847  -0.0001832321   0.0001142110  -0.0000055255   0.0024005083
       -0.0005961200  -0.0028986112   0.0001656363   0.0003675413  -0.0001762187
       -0.0001258544  -0.0000976344  -0.0000185758  -0.0003285177   0.0000273272
        0.0000241043  -0.0000380978   0.0001589800  -0.0000085612
       -0.0326682266   0.0787419644   0.0569969736   0.0140603569  -0.0553731125
       -0.0256421279  -0.0063017618   0.0111800489  -0.0169479908   0.0037480306
        0.0086907709   0.0005784176   0.0152364283  -0.0240847199  -0.0171486207
        0.0017906215  -0.0205135304  -0.0013623528   0.0123058496   0.0003958343
        0.0022934973  -0.0022924321   0.0015485989   0.0006902712  -0.0041574621
       -0.0045652724   0.0000486245  -0.0029237264   0.0037453356  -0.0021165617
        0.0032786964  -0.0002122391   0.0008170327  -0.0010733115  -0.0014076969
       -0.0001301508   0.0010639795  -0.0000755632   0.0029075562  -0.0013025377
        0.0021133967  -0.0017193387  -0.0006648615  -0.0014532664  -0.0002862092
        0.0003005677   0.0002861565  -0.0003228027  -0.0000932205  -0.0000521028
        0.0000441694   0.0005060012   0.0000099866  -0.0001056292  -0.0003114174
        0.0002437385   0.0010987183  -0.0000826412   0.0002924632  -0.0002036489
       -0.0002540446   0.0002725065   0.0002387648  -0.0001821973   0.0001815413
        0.0001952165   0.0000173093   0.0000351613   0.0000761915
        0.0454963157   0.0569969736   0.2278139972   0.0228595251  -0.0400297082
       -0.0959726458  -0.0143696754  -0.0207506749  -0.0578280785   0.0183033693
        0.0001239325  -0.0074156532   0.0041552272  -0.0061466808   0.0061079149
       -0.0787547875   0.0091630734  -0.0776556150   0.0023106604  -0.0001012821
        0.0014967924  -0.0008701052   0.0008546055   0.0008884293  -0.0000164632
       -0.0037739166   0.0007047130  -0.0044696170   0.0034348322  -0.0025933025
        0.0059017777   0.0026792862  -0.0005297621  -0.0005418450  -0.0043363153
       -0.0013689232   0.0012592290   0.0000725967   0.0027057144  -0.0009303829
        0.0009680413  -0.0014439430   0.0005854270   0.0007246314   0.0013885210
       -0.0000437958  -0.0002455245   0.0004619965  -0.0002052926   0.0000879489
        0.0000804976   0.0003278545  -0.0002287783   0.0007960411  -0.0010561316
        0.0007261751   0.0017417734   0.0001632373  -0.0006466017  -0.0000144773
        0.0000824906   0.0000895692  -0.0001277369  -0.0001284486   0.0002049191
        0.0001939769  -0.0000585688   0.0001328974   0.0005697698
       -0.0335640583   0.0140603569   0.0228595251   0.5393927245   0.0755653056
       -0.0938987420  -0.0588138333  -0.0026973720  -0.0493017183  -0.2914292959
       -0.1621765945   0.1001953748  -0.0455779448   0.0222003354  -0.0079282391
       -0.1258018662   0.0565102833   0.0376929333   0.0309206238   0.0010194220
       -0.0035406367  -0.0029115055   0.0004798306   0.0022811814  -0.0173636569
       -0.0166165759  -0.0001720479  -0.0208472662   0.0221454091  -0.0193054770
        0.0339347321   0.0138858453   0.0102434592  -0.0027438022  -0.0235532567
       -0.0064270190   0.0099684669  -0.0022626880   0.0193966248  -0.0078848307
        0.0072713677  -0.0136015300   0.0006850595  -0.0041386781  -0.0023973599
        0.0001909024  -0.0003762403   0.0000326133  -0.0002511835  -0.0002140695
       -0.0008348585  -0.0000634065  -0.0000637207   0.0005012221  -0.0071136420
       -0.0007219299   0.0029469008  -0.0005200237  -0.0003353272   0.0003852149
        0.0000962877   0.0002074791   0.0001486736   0.0001569585   0.0000303640
        0.0004382733  -0.0004594397  -0.0002195461   0.0002856318
        0.0047079030  -0.0553731125  -0.0400297082   0.0755653056   0.6807709629
       -0.1292688620   0.0045617654  -0.0360769124   0.0068491565  -0.1692470081
       -0.1528156030   0.0697314707   0.0242189965  -0.4218497360   0.0881624053
        0.0725788062  -0.0103939297   0.0031169072  -0.0206431954  -0.0013720747
       -0.0010050465   0.0032040974  -0.0019307350  -0.0022794979   0.0118889412
        0.0103218517   0.0006960335   0.0044874532  -0.0131092665   0.0085692548
       -0.0125710772  -0.0000132985  -0.0041967132  -0.0011166463   0.0036499512
        0.0018499716  -0.0029010761   0.0028752507  -0.0073244302   0.0043888346
       -0.0066714251   0.0055300800   0.0008509254   0.0051379501   0.0021284501
       -0.0010694545  -0.0001977575   0.0002138194  -0.0002471012  -0.0000298770
        0.0002506835  -0.0007991067  -0.0003302030  -0.0002605962   0.0006987002
       -0.0011882709  -0.0024522390   0.0004690794   0.0001823590   0.0000599390
        0.0004559388  -0.0006194174  -0.0000827703   0.0003478947  -0.0005298848
       -0.0001551727   0.0001700238  -0.0004368213  -0.0001031353
       -0.0002067843  -0.0256421279  -0.0959726458  -0.0938987420  -0.1292688620
        0.3013696731  -0.0244172038  -0.0055946021  -0.0825529039   0.1012121854
        0.0657675297  -0.0958609875  -0.0090062741   0.0884625053  -0.0749873519
        0.0299352538   0.0080160997   0.0609910625  -0.0053014812   0.0002454402
       -0.0047526736   0.0023234439  -0.0019751437  -0.0014484813  -0.0017675813
        0.0052739096  -0.0001191259   0.0083836159  -0.0026073912   0.0031558918
       -0.0071837382  -0.0040062105   0.0024761530   0.0006982670   0.0055889837
        0.0019724376  -0.0013701660  -0.0006052259  -0.0033327494   0.0009920667
       -0.0002962051   0.0010862105  -0.0009574080  -0.0028527615  -0.0031552441
        0.0000750477   0.0000889548  -0.0008656286  -0.0000306586   0.0001176755
       -0.0013230735  -0.0004574158   0.0003897145  -0.0013268357   0.0010664599
       -0.0014112675  -0.0040626116  -0.0004287665   0.0009729691   0.0000292315
       -0.0001280023  -0.0000838250   0.0003094186   0.0002966425  -0.0004139967
       -0.0004474992   0.0001712393  -0.0001661631  -0.0011822664
        0.0116798531  -0.0063017618  -0.0143696754  -0.0588138333   0.0045617654
       -0.0244172038   0.1371679592  -0.0375379386   0.0230318089  -0.0375850744
       -0.0059874756  -0.0096553357  -0.0110214160   0.0188349110  -0.0120663065
       -0.0389365510   0.0230904715   0.0306069588  -0.0108927417   0.0011470723
        0.0042286968   0.0025888253  -0.0005793095  -0.0014317966   0.0074016656
        0.0038684994   0.0003426834   0.0062211021  -0.0083230024   0.0073582175
       -0.0116526674  -0.0034708566  -0.0052018419   0.0009131040   0.0085134730
        0.0016002101  -0.0036966924   0.0011868421  -0.0064741146   0.0029234547
       -0.0024248153   0.0049159900   0.0004583427   0.0024942411   0.0021217054
       -0.0001768845   0.0000828465  -0.0000639033  -0.0002122013   0.0001019731
        0.0003706214   0.0005120887  -0.0002355943  -0.0001152111   0.0022641511
        0.0009005209  -0.0002277597   0.0001450800   0.0000463216  -0.0001142299
        0.0000442961  -0.0000446323  -0.0001229639   0.0001294849   0.0000116308
       -0.0002452991   0.0005386544   0.0000648176  -0.0000712507
       -0.0087893183   0.0111800489  -0.0207506749  -0.0026973720  -0.0360769124
       -0.0055946021  -0.0375379386   0.0767454586   0.0596801049  -0.0029935088
        0.0062925930  -0.0033664042   0.0210291354  -0.0110077040   0.0183270868
        0.0295228000  -0.0469006503  -0.0460450396   0.0089175126  -0.0020767498
       -0.0036055946  -0.0018896875   0.0014844327   0.0017304910  -0.0038457799
       -0.0019245589  -0.0002155829  -0.0015845705   0.0017946836  -0.0011108974
        0.0014337272  -0.0007069593   0.0012918760  -0.0005664703  -0.0004477855
       -0.0004235542   0.0004078911   0.0001168534   0.0014035046  -0.0007409779
        0.0012339703  -0.0009042627   0.0000971504  -0.0007866165  -0.0004736733
        0.0005779713   0.0002063461   0.0000818601   0.0003398542  -0.0001322617
        0.0001134330   0.0000181418   0.0003830876  -0.0000069344  -0.0009064879
       -0.0003598275   0.0004486598  -0.0002598620   0.0000469107  -0.0003365159
       -0.0002892094   0.0002754990  -0.0001173738  -0.0001754232   0.0003572078
       -0.0000539243  -0.0000675776   0.0003029341  -0.0000719819
       -0.0214708096  -0.0169479908  -0.0578280785  -0.0493017183   0.0068491565
       -0.0825529039   0.0230318089   0.0596801049   0.2373442891   0.0001427587
       -0.0009057329   0.0093650490  -0.0078514796   0.0081139127   0.0004968747
        0.0551315568  -0.0576408355  -0.1111641465  -0.0009625373   0.0000223471
        0.0017305514   0.0000230334   0.0005864341   0.0001580453   0.0007857464
        0.0004291256  -0.0000995262  -0.0007790977  -0.0008263702  -0.0008983662
        0.0008072651   0.0000552108  -0.0016471520   0.0006324693  -0.0005875374
       -0.0002635937  -0.0002508712  -0.0000387301  -0.0002890354  -0.0000958743
       -0.0001700888   0.0005743450  -0.0004318929   0.0008192947   0.0008660983
       -0.0001215539   0.0001389681   0.0003362987   0.0000486396   0.0000484268
        0.0009294815  -0.0000232642  -0.0001032081   0.0002938890   0.0004188947
        0.0007867180   0.0018654399   0.0003205619  -0.0004258592   0.0000684006
        0.0001348018  -0.0000027168  -0.0000423067  -0.0001147283   0.0001358197
        0.0002529644  -0.0000737092  -0.0000164493   0.0005033823
       -0.0258264526   0.0037480306   0.0183033693  -0.2914292959  -0.1692470081
        0.1012121854  -0.0375850744  -0.0029935088   0.0001427587   0.3430148004
        0.1896898660  -0.1235734249  -0.0008530117  -0.0147809919   0.0070259609
        0.0164184181  -0.0059214390  -0.0062219517  -0.0088091421  -0.0005929427
        0.0006010808   0.0009914640  -0.0005559043  -0.0007081615   0.0054028834
        0.0040226655   0.0006033982   0.0065483818  -0.0060484070   0.0062996464
       -0.0105922762  -0.0037510674  -0.0029043472   0.0009844157   0.0071711558
        0.0019185886  -0.0028758207   0.0005376467  -0.0060360184   0.0024499736
       -0.0022801313   0.0041514177  -0.0001079029   0.0013026309   0.0008583238
       -0.0001668576  -0.0000802568   0.0000305495   0.0000608624   0.0000356449
       -0.0001187980   0.0000584598  -0.0001576241   0.0000605310   0.0018605041
        0.0000717380  -0.0014659178   0.0002310561   0.0000307771  -0.0000326285
        0.0000942476  -0.0001227716  -0.0000465203  -0.0000165809  -0.0000890525
       -0.0000812306   0.0001469481   0.0000109500  -0.0000188115
        0.0033700202   0.0086907709   0.0001239325  -0.1621765945  -0.1528156030
        0.0657675297  -0.0059874756   0.0062925930  -0.0009057329   0.1896898660
        0.1706866506  -0.0808934189  -0.0238875629  -0.0326136110   0.0175154981
       -0.0033121405  -0.0013848572  -0.0012217572   0.0038442376   0.0001865842
        0.0003822162  -0.0001235976   0.0004322190   0.0000509763  -0.0025771102
       -0.0021669849  -0.0002310295  -0.0008637301   0.0035799813  -0.0020927537
        0.0018176878  -0.0007672003   0.0017294412   0.0005931209  -0.0001590985
       -0.0005674426   0.0007044205  -0.0012023643   0.0020308402  -0.0013258761
        0.0022266089  -0.0015589943  -0.0002980966  -0.0018050380  -0.0006383660
        0.0002710518  -0.0001692670  -0.0000693325   0.0000623301   0.0000870513
       -0.0003260491   0.0003451371  -0.0000118796   0.0002101220   0.0002914109
        0.0005316446   0.0005595521  -0.0001308539  -0.0001111006   0.0000487328
       -0.0002097895   0.0002049283   0.0000213108  -0.0001063533   0.0001481443
        0.0000927580   0.0000098978   0.0001398280  -0.0000280333
        0.0278111301   0.0005784176  -0.0074156532   0.1001953748   0.0697314707
       -0.0958609875  -0.0096553357  -0.0033664042   0.0093650490  -0.1235734249
       -0.0808934189   0.0924453533   0.0098667403   0.0144014338   0.0066613932
       -0.0050892662  -0.0009364681  -0.0075559884   0.0009488508  -0.0001812875
       -0.0003079311   0.0002489248   0.0003554880   0.0004863458  -0.0004000989
       -0.0005409246   0.0005182376  -0.0020813979   0.0003903995  -0.0009975986
        0.0020069823   0.0007204512  -0.0001509861  -0.0000699024  -0.0011063846
       -0.0001034944   0.0001833967   0.0001957233   0.0007468785  -0.0000438388
       -0.0002836749  -0.0000780259  -0.0000392744   0.0007950870   0.0006483371
       -0.0000667084   0.0000764700   0.0000503254   0.0000448190   0.0000288342
        0.0001983870  -0.0000659775  -0.0000258441   0.0000493940  -0.0000574443
        0.0001462652   0.0004972835   0.0001613581  -0.0000374550   0.0000457135
        0.0000437156   0.0000098253   0.0001634823  -0.0001920467  -0.0000014231
        0.0003011539  -0.0001765766  -0.0000565806   0.0002933311
       -0.0036050607   0.0152364283   0.0041552272  -0.0455779448   0.0242189965
       -0.0090062741  -0.0110214160   0.0210291354  -0.0078514796  -0.0008530117
       -0.0238875629   0.0098667403   0.0518048598  -0.0351458030   0.0069874370
        0.0125061597  -0.0027303947  -0.0062294030  -0.0080677517  -0.0009383356
        0.0006719692   0.0004361774   0.0001977334  -0.0003506755   0.0050567919
        0.0048770798   0.0001639877   0.0054767532  -0.0060120979   0.0049779198
       -0.0085098387  -0.0029891341  -0.0029152556   0.0009924940   0.0056230610
        0.0021133341  -0.0029883874   0.0008326414  -0.0058749700   0.0024452517
       -0.0027364748   0.0041272326  -0.0001760469   0.0019182757   0.0006062089
        0.0000566171   0.0000886540   0.0000431303   0.0002085526   0.0000399654
        0.0000406439   0.0001123841   0.0000847235  -0.0001695318   0.0015511166
        0.0000220358  -0.0007869192   0.0001856009   0.0000661218  -0.0002244532
       -0.0000509058   0.0000064121  -0.0000083747  -0.0001209677   0.0000527591
       -0.0002041797   0.0001385724   0.0001457797  -0.0001323146
        0.0193615282  -0.0240847199  -0.0061466808   0.0222003354  -0.4218497360
        0.0884625053   0.0188349110  -0.0110077040   0.0081139127  -0.0147809919
       -0.0326136110   0.0144014338  -0.0351458030   0.4877212347  -0.1050370986
       -0.0140251280   0.0018095930   0.0007118320   0.0080687920  -0.0007110096
        0.0003979805  -0.0009995771   0.0011150111   0.0009634898  -0.0051556518
       -0.0021507730  -0.0004467520  -0.0011871681   0.0036138917  -0.0027361143
        0.0037790059  -0.0007081470   0.0015661359   0.0005520023  -0.0007966530
       -0.0003017033   0.0008953868  -0.0010283660   0.0020332915  -0.0013053467
        0.0021212578  -0.0016337768  -0.0006286421  -0.0022569333  -0.0013131176
        0.0001786040   0.0002312321   0.0000153549  -0.0001367732  -0.0000612319
        0.0002956718  -0.0000748649   0.0002296398  -0.0001471604  -0.0002918504
        0.0001155846   0.0010403802  -0.0000422248  -0.0001202591  -0.0002047993
        0.0000591618   0.0002089096   0.0000196426  -0.0000376804   0.0001393316
       -0.0000283225  -0.0001180249   0.0000834578  -0.0000261054
        0.0080191968  -0.0171486207   0.0061079149  -0.0079282391   0.0881624053
       -0.0749873519  -0.0120663065   0.0183270868   0.0004968747   0.0070259609
        0.0175154981   0.0066613932   0.0069874370  -0.1050370986   0.0679266254
       -0.0021775585  -0.0022117134  -0.0084752696   0.0007213012   0.0002694778
        0.0001334932  -0.0004246705   0.0003246147   0.0012410554   0.0007609489
       -0.0013569146   0.0008634774  -0.0020646633   0.0008308016  -0.0006470879
        0.0016769206   0.0012023797  -0.0001331357  -0.0005468340  -0.0017689172
       -0.0011948515   0.0005880884   0.0001505965   0.0011383999  -0.0004119784
        0.0003323485  -0.0007139676   0.0004483827   0.0004338660   0.0005561488
       -0.0000535538  -0.0001503130   0.0004004108   0.0000204284  -0.0000696996
        0.0001167428   0.0001302556   0.0000074511   0.0003792958  -0.0005397926
        0.0001290011   0.0004092883  -0.0001320725  -0.0003684620  -0.0000800159
        0.0000158629   0.0000192588  -0.0003857995  -0.0000177381   0.0002208717
       -0.0000402410  -0.0000313758   0.0001860816   0.0002266001
       -0.0932752611   0.0017906215  -0.0787547875  -0.1258018662   0.0725788062
        0.0299352538  -0.0389365510   0.0295228000   0.0551315568   0.0164184181
       -0.0033121405  -0.0050892662   0.0125061597  -0.0140251280  -0.0021775585
        0.2965321367  -0.1301284475  -0.0051408687  -0.0146821115   0.0450733072
       -0.0037018777  -0.0074487624   0.0030074282  -0.0009611797  -0.0186026141
       -0.0018476711   0.0007109980  -0.0173817320   0.0160069655  -0.0147773414
        0.0009354665  -0.0052779042   0.0203921932  -0.0023516517  -0.0125472432
       -0.0017740693   0.0056425039  -0.0016494888   0.0107906243  -0.0051270899
        0.0054492299  -0.0078153206  -0.0024463842  -0.0065146787  -0.0047475027
       -0.0003028767   0.0008661482  -0.0001872336   0.0000096043   0.0000771869
        0.0011588772  -0.0011370165   0.0004908676  -0.0001872195  -0.0048165848
        0.0005024085   0.0075951275   0.0003061631  -0.0002428620   0.0001120054
        0.0003291308   0.0001079044   0.0000096054   0.0004033506   0.0001057438
       -0.0001202979  -0.0007724318  -0.0000338541  -0.0004017184
        0.0142568377  -0.0205135304   0.0091630734   0.0565102833  -0.0103939297
        0.0080160997   0.0230904715  -0.0469006503  -0.0576408355  -0.0059214390
       -0.0013848572  -0.0009364681  -0.0027303947   0.0018095930  -0.0022117134
       -0.1301284475   0.1547888637   0.0375253018   0.0164638024  -0.0690485533
        0.0066024063   0.0106559364  -0.0060060051   0.0003614534   0.0166280614
        0.0058391903  -0.0019737338   0.0002932681  -0.0009221534  -0.0030536325
       -0.0020140533   0.0042780335   0.0020875290   0.0018481053  -0.0074619935
       -0.0005860856  -0.0000837828  -0.0016814740  -0.0011010229   0.0004325433
       -0.0024138732   0.0002811384   0.0016681397   0.0029488301   0.0018643518
        0.0000024206  -0.0012016095  -0.0001912495  -0.0007455381   0.0004791144
       -0.0001349297  -0.0001619177  -0.0007822075   0.0007109372  -0.0006944641
        0.0010306093  -0.0005566013   0.0001443356  -0.0011946141   0.0016858569
        0.0003636167  -0.0006259412  -0.0000766940   0.0002397528  -0.0005237485
       -0.0001061850  -0.0001175380  -0.0001190935   0.0002710033
       -0.0571778487  -0.0013623528  -0.0776556150   0.0376929333   0.0031169072
        0.0609910625   0.0306069588  -0.0460450396  -0.1111641465  -0.0062219517
       -0.0012217572  -0.0075559884  -0.0062294030   0.0007118320  -0.0084752696
       -0.0051408687   0.0375253018   0.1617605826  -0.0023767524   0.0052614621
       -0.0074543273   0.0003671332  -0.0005262076   0.0003768030  -0.0031253278
        0.0020032287   0.0004424062   0.0089221108  -0.0027812572   0.0056431868
        0.0007756295   0.0003767196  -0.0005810973  -0.0001557961   0.0078243131
        0.0004346966  -0.0012194707   0.0000265417  -0.0031560430   0.0009749525
       -0.0007637775   0.0010818467  -0.0005069291  -0.0024787090  -0.0036792786
        0.0001659401   0.0002566920  -0.0008801297   0.0008614740  -0.0005949613
       -0.0012912974  -0.0005374257   0.0000028972  -0.0003171118   0.0034374324
       -0.0019120785  -0.0068539001  -0.0006494211   0.0009982088  -0.0005228702
       -0.0002695026  -0.0000802985  -0.0000479545   0.0000520048  -0.0001853494
       -0.0003154918  -0.0002458717  -0.0001523154  -0.0007800632
       -0.0129010325   0.0123058496   0.0023106604   0.0309206238  -0.0206431954
       -0.0053014812  -0.0108927417   0.0089175126  -0.0009625373  -0.0088091421
        0.0038442376   0.0009488508  -0.0080677517   0.0080687920   0.0007213012
       -0.0146821115   0.0164638024  -0.0023767524   0.2189095753  -0.0488990303
       -0.0587292318  -0.0814446912   0.0387117336   0.0645940664  -0.0645510177
        0.0096477459  -0.0190202548  -0.0095485320  -0.0444810578   0.0059887565
       -0.0083090702   0.0066212303  -0.0110397368   0.0009718836  -0.0017625576
        0.0008829052  -0.0031687784   0.0028901607  -0.0051640964   0.0049496662
       -0.0095842640   0.0053695937   0.0012146084   0.0118118443   0.0085698648
       -0.0104289632   0.0056445333   0.0061311198  -0.0031380755  -0.0000132771
        0.0042914020  -0.0206167624  -0.0003390234   0.0005497310   0.0005739744
        0.0002040734   0.0012077569  -0.0000192618   0.0001977863  -0.0000904082
       -0.0002816795   0.0000907532   0.0004052599  -0.0001167260  -0.0000098176
        0.0000874647  -0.0005639943   0.0003121680   0.0006257655
        0.0001144398   0.0003958343  -0.0001012821   0.0010194220  -0.0013720747
        0.0002454402   0.0011470723  -0.0020767498   0.0000223471  -0.0005929427
        0.0001865842  -0.0001812875  -0.0009383356  -0.0007110096   0.0002694778
        0.0450733072  -0.0690485533   0.0052614621  -0.0488990303   0.1870896044
        0.0235906458   0.0220700900  -0.0509159772  -0.0187557672  -0.0082932776
       -0.0371912197   0.0043854086  -0.0355883933  -0.0261454496   0.0068971297
       -0.0055907508  -0.0008715848  -0.0027267198  -0.0001317074   0.0008667937
       -0.0006039926  -0.0016485161   0.0008010486  -0.0017159800   0.0030666040
       -0.0033957780   0.0010235700   0.0000164054   0.0044844329   0.0047678540
        0.0286119325  -0.0060663610  -0.0155723522  -0.0024108405   0.0020014731
       -0.0025312136   0.0045148403   0.0013818864  -0.0045770771   0.0001015395
       -0.0005195221  -0.0003747994  -0.0003700061   0.0004768791  -0.0000763999
       -0.0008107399   0.0002903946   0.0004211375  -0.0002012219   0.0002177701
        0.0001805709  -0.0002598907   0.0001215784   0.0001518277
       -0.0017591343   0.0022934973   0.0014967924  -0.0035406367  -0.0010050465
       -0.0047526736   0.0042286968  -0.0036055946   0.0017305514   0.0006010808
        0.0003822162  -0.0003079311   0.0006719692   0.0003979805   0.0001334932
       -0.0037018777   0.0066024063  -0.0074543273  -0.0587292318   0.0235906458
        0.1411878176   0.0452709563  -0.0200933777  -0.0893819798   0.0018104145
        0.0069903273  -0.0364098841  -0.0003081051  -0.0013949943   0.0019869350
        0.0019365802   0.0031801154  -0.0001146577   0.0004530373  -0.0020452353
       -0.0004972270   0.0007236072   0.0002873724   0.0011585511   0.0000632895
        0.0002282023  -0.0005675372   0.0000424601   0.0010208539   0.0009222729
        0.0045813316  -0.0065514075  -0.0011192922   0.0297954150  -0.0074375305
       -0.0142067910  -0.0219325898  -0.0021276628   0.0050314433   0.0000990721
       -0.0006750260   0.0001918009   0.0005904885  -0.0001687297  -0.0001367406
       -0.0000243049  -0.0000571230   0.0001520217  -0.0003982781   0.0000323208
        0.0003379508  -0.0004742405   0.0001557899   0.0006194112
        0.0028982561  -0.0022924321  -0.0008701052  -0.0029115055   0.0032040974
        0.0023234439   0.0025888253  -0.0018896875   0.0000230334   0.0009914640
       -0.0001235976   0.0002489248   0.0004361774  -0.0009995771  -0.0004246705
       -0.0074487624   0.0106559364   0.0003671332  -0.0814446912   0.0220700900
        0.0452709563   0.1974852800  -0.0189506200   0.0671949121  -0.0390588349
       -0.0449210564  -0.0601434612  -0.0028910788  -0.0052777458  -0.0014162078
       -0.0011505858  -0.0001165290   0.0004237133  -0.0000589992   0.0010229226
        0.0000139696   0.0002089526  -0.0001824474  -0.0001782681   0.0000354179
       -0.0000756141  -0.0007747026   0.0011521651  -0.0000116164   0.0000355724
       -0.0352884394   0.0336952999  -0.0082129162  -0.0355016236   0.0114737313
       -0.0329908735  -0.0002837536  -0.0068261203  -0.0097424038  -0.0000430480
       -0.0002747446  -0.0007534462  -0.0001502812   0.0000015841   0.0000272785
        0.0000506639  -0.0000835099  -0.0000790629   0.0001285011  -0.0001276578
       -0.0001177866   0.0002558998   0.0000292946  -0.0002250330
       -0.0017777267   0.0015485989   0.0008546055   0.0004798306  -0.0019307350
       -0.0019751437  -0.0005793095   0.0014844327   0.0005864341  -0.0005559043
        0.0004322190   0.0003554880   0.0001977334   0.0011150111   0.0003246147
        0.0030074282  -0.0060060051  -0.0005262076   0.0387117336  -0.0509159772
       -0.0200933777  -0.0189506200   0.5814799443   0.0134581172  -0.0599576423
       -0.1456801610  -0.1076431615   0.0018464495  -0.0154838767  -0.0211847489
        0.0010648050  -0.0002218199   0.0015197675  -0.0007160405  -0.0003735087
       -0.0003507150   0.0002106064  -0.0002008444  -0.0002448012  -0.0016500715
       -0.0013657686  -0.0008272918   0.0016877418  -0.0043749978   0.0004769337
        0.0293917358  -0.2927682571   0.0506457394   0.0106349210  -0.0686371715
        0.0789212238  -0.0039672353   0.0045541339   0.0064217074  -0.0000543522
       -0.0022802848   0.0000801009   0.0001137365  -0.0000709699  -0.0001886321
        0.0004299394  -0.0000561279  -0.0004513075   0.0001448042  -0.0003243142
       -0.0001208571   0.0002874369   0.0000764800  -0.0000384882
       -0.0015229342   0.0006902712   0.0008884293   0.0022811814  -0.0022794979
       -0.0014484813  -0.0014317966   0.0017304910   0.0001580453  -0.0007081615
        0.0000509763   0.0004863458  -0.0003506755   0.0009634898   0.0012410554
       -0.0009611797   0.0003614534   0.0003768030   0.0645940664  -0.0187557672
       -0.0893819798   0.0671949121   0.0134581172   0.5950591957  -0.0806207007
       -0.1072133150  -0.1742068690  -0.0024186259  -0.0046070174   0.0053829263
       -0.0003385298   0.0007248376  -0.0011196866  -0.0000515994  -0.0002453794
        0.0002572826  -0.0001650586   0.0001354126  -0.0000526947  -0.0000459728
       -0.0006304925   0.0001042021   0.0009680907   0.0009887768   0.0002668945
       -0.0092360337   0.0460596421  -0.0487745779  -0.0394638376   0.0798189200
       -0.2693796674   0.0019980836  -0.0144187505  -0.0201826767  -0.0001435891
        0.0029790589   0.0005587920  -0.0000554416   0.0001037196  -0.0000000520
        0.0000888277   0.0000183006   0.0000428772   0.0001307450  -0.0000177488
       -0.0000685902   0.0002582295   0.0000845015  -0.0002075733
        0.0060548449  -0.0041574621  -0.0000164632  -0.0173636569   0.0118889412
       -0.0017675813   0.0074016656  -0.0038457799   0.0007857464   0.0054028834
       -0.0025771102  -0.0004000989   0.0050567919  -0.0051556518   0.0007609489
       -0.0186026141   0.0166280614  -0.0031253278  -0.0645510177  -0.0082932776
        0.0018104145  -0.0390588349  -0.0599576423  -0.0806207007   0.2367132507
        0.0093236265   0.1918959855  -0.0507977686   0.0156099021  -0.0090653826
        0.0013720393   0.0054636508   0.0070128381   0.0026737910   0.0033994463
       -0.0054375337   0.0013373979  -0.0021739108   0.0032369600   0.0021637927
        0.0061657832  -0.0070963242  -0.0013105910  -0.0207621507  -0.0063035021
        0.0026505315   0.0015755142   0.0007853589  -0.0035435433  -0.0015275586
       -0.0021168545  -0.0721277450   0.0394535947  -0.0916445411  -0.0011695711
        0.0001351784  -0.0005144570   0.0002814922   0.0005266201  -0.0001943026
       -0.0011017771  -0.0001202529   0.0005912924   0.0000781063  -0.0005135511
        0.0001018259  -0.0015594676  -0.0010859710   0.0013216991
        0.0062131913  -0.0045652724  -0.0037739166  -0.0166165759   0.0103218517
        0.0052739096   0.0038684994  -0.0019245589   0.0004291256   0.0040226655
       -0.0021669849  -0.0005409246   0.0048770798  -0.0021507730  -0.0013569146
       -0.0018476711   0.0058391903   0.0020032287   0.0096477459  -0.0371912197
        0.0069903273  -0.0449210564  -0.1456801610  -0.1072133150   0.0093236265
        0.5037324793   0.0032952209  -0.0096428878  -0.1780065082   0.0191341640
        0.0145332062  -0.0237132572   0.0149672285   0.0004345144  -0.0001467214
        0.0021877861   0.0022160984  -0.0031997030   0.0045164722  -0.0056182176
        0.0071145012  -0.0069241879  -0.0066176947  -0.0383475064  -0.0109712367
       -0.0180609514  -0.0166771074  -0.0149294488   0.0068995589   0.0057452315
        0.0008203332   0.0401021889  -0.0787804295   0.0851899304  -0.0011128672
        0.0009295737  -0.0004131930   0.0002708148  -0.0009387393   0.0002323410
        0.0004703491  -0.0000418817  -0.0001772613   0.0004796047  -0.0010488031
        0.0001674326   0.0010787781   0.0008967995   0.0010928985
       -0.0001809771   0.0000486245   0.0007047130  -0.0001720479   0.0006960335
       -0.0001191259   0.0003426834  -0.0002155829  -0.0000995262   0.0006033982
       -0.0002310295   0.0005182376   0.0001639877  -0.0004467520   0.0008634774
        0.0007109980  -0.0019737338   0.0004424062  -0.0190202548   0.0043854086
       -0.0364098841  -0.0601434612  -0.1076431615  -0.1742068690   0.1918959855
        0.0032952209   0.5245178669  -0.0065535954   0.0290520680  -0.0714032081
       -0.0003349867   0.0245896858  -0.0039826709  -0.0048859697   0.0018055429
       -0.0029135197  -0.0001332584  -0.0001228696  -0.0006624499  -0.0042433321
       -0.0030944161  -0.0009045043  -0.0009845368  -0.0213111074   0.0009690952
        0.0040768390  -0.0002624262  -0.0005133160  -0.0177525335  -0.0123812063
       -0.0144914898  -0.0859823632   0.0857040649  -0.2214094652   0.0008606723
       -0.0002384703  -0.0000943859  -0.0008892614   0.0012446985   0.0001182595
        0.0006330810   0.0000552699  -0.0004152982   0.0003659830  -0.0011248360
       -0.0002300833   0.0016229499  -0.0018310257  -0.0002782591
        0.0090101737  -0.0029237264  -0.0044696170  -0.0208472662   0.0044874532
        0.0083836159   0.0062211021  -0.0015845705  -0.0007790977   0.0065483818
       -0.0008637301  -0.0020813979   0.0054767532  -0.0011871681  -0.0020646633
       -0.0173817320   0.0002932681   0.0089221108  -0.0095485320  -0.0355883933
       -0.0003081051  -0.0028910788   0.0018464495  -0.0024186259  -0.0507977686
       -0.0096428878  -0.0065535954   0.2355751591   0.0393315020   0.2049741533
       -0.0728962055   0.0415836365  -0.0999794940   0.0025081633   0.0231111553
        0.0031194084  -0.0157509417  -0.0026048107  -0.0161349981   0.0073029783
       -0.0329385007   0.0111752018  -0.0842926924  -0.0267203812  -0.0789603931
        0.0011122215  -0.0001478586   0.0003925698  -0.0001163240  -0.0002962684
       -0.0011768183   0.0029087800   0.0095543885  -0.0017029104  -0.0085677087
        0.0000060113  -0.0031746812   0.0048607320   0.0002767809  -0.0018182654
       -0.0003414547  -0.0000747232  -0.0004647570   0.0062314573   0.0005172409
       -0.0029158501  -0.0043241978  -0.0064348670  -0.0119637900
       -0.0071842018   0.0037453356   0.0034348322   0.0221454091  -0.0131092665
       -0.0026073912  -0.0083230024   0.0017946836  -0.0008263702  -0.0060484070
        0.0035799813   0.0003903995  -0.0060120979   0.0036138917   0.0008308016
        0.0160069655  -0.0009221534  -0.0027812572  -0.0444810578  -0.0261454496
       -0.0013949943  -0.0052777458  -0.0154838767  -0.0046070174   0.0156099021
       -0.1780065082   0.0290520680   0.0393315020   0.5558640166   0.0176428351
        0.0375889313  -0.1080726583   0.0732110122   0.0171192880  -0.0250770720
        0.0255343765  -0.0060990795   0.0078956874  -0.0110148507  -0.0035871586
       -0.0607348404  -0.0113931161  -0.0604974671  -0.1416343155  -0.1147464753
       -0.0019141727   0.0000733918  -0.0002783718   0.0010424905   0.0002421366
        0.0015124109   0.0007627607  -0.0091511262   0.0024636479  -0.0059940564
        0.0052354657  -0.0110175841   0.0009095303  -0.0048445040  -0.0001189242
       -0.0002085864   0.0008468397   0.0000278629   0.0007460410  -0.0054096547
        0.0001569879   0.0043642130   0.0056999955   0.0065291178
        0.0071679713  -0.0021165617  -0.0025933025  -0.0193054770   0.0085692548
        0.0031558918   0.0073582175  -0.0011108974  -0.0008983662   0.0062996464
       -0.0020927537  -0.0009975986   0.0049779198  -0.0027361143  -0.0006470879
       -0.0147773414  -0.0030536325   0.0056431868   0.0059887565   0.0068971297
        0.0019869350  -0.0014162078  -0.0211847489   0.0053829263  -0.0090653826
        0.0191341640  -0.0714032081   0.2049741533   0.0176428351   0.5152494060
       -0.0711077606   0.0501876811  -0.2023004591   0.0026206760   0.0509955089
        0.0088211397  -0.0173426140  -0.0045319833  -0.0387865677   0.0112439615
       -0.0613080812   0.0220648703  -0.0844270308  -0.0671096445  -0.2071191765
       -0.0031145666  -0.0020697306  -0.0016368426   0.0008290260   0.0001560241
       -0.0002435554   0.0010133297   0.0200624736  -0.0044057196  -0.0153490683
        0.0049064323  -0.0152997221  -0.0032460846  -0.0003495485   0.0028553094
       -0.0003703944   0.0000613140  -0.0007297922  -0.0026423026   0.0006863937
        0.0027826736  -0.0103094273  -0.0116355148  -0.0208809406
       -0.0138173357   0.0032786964   0.0059017777   0.0339347321  -0.0125710772
       -0.0071837382  -0.0116526674   0.0014337272   0.0008072651  -0.0105922762
        0.0018176878   0.0020069823  -0.0085098387   0.0037790059   0.0016769206
        0.0009354665  -0.0020140533   0.0007756295  -0.0083090702  -0.0055907508
        0.0019365802  -0.0011505858   0.0010648050  -0.0003385298   0.0013720393
        0.0145332062  -0.0003349867  -0.0728962055   0.0375889313  -0.0711077606
        0.1781165015  -0.0481868108   0.1752240784  -0.0527443171   0.0353001309
       -0.0171576366   0.0051959991  -0.0075734410   0.0016122403  -0.0055035033
        0.0119158368   0.0005399752  -0.0118316409  -0.0195158858  -0.0281948770
       -0.0000798773   0.0004367610  -0.0001182697  -0.0000415463  -0.0003949601
        0.0007959895   0.0007584371  -0.0001149536  -0.0011054381  -0.0327142914
       -0.0262768713  -0.0562121930   0.0000289852   0.0130750792  -0.0017709666
        0.0052125526  -0.0011088075  -0.0043524420  -0.0003605294   0.0002353541
        0.0003234890   0.0046489718  -0.0011116103  -0.0037240895
       -0.0046390458  -0.0002122391   0.0026792862   0.0138858453  -0.0000132985
       -0.0040062105  -0.0034708566  -0.0007069593   0.0000552108  -0.0037510674
       -0.0007672003   0.0007204512  -0.0029891341  -0.0007081470   0.0012023797
       -0.0052779042   0.0042780335   0.0003767196   0.0066212303  -0.0008715848
        0.0031801154  -0.0001165290  -0.0002218199   0.0007248376   0.0054636508
       -0.0237132572   0.0245896858   0.0415836365  -0.1080726583   0.0501876811
       -0.0481868108   0.5977059118   0.0211231259   0.0387780473  -0.2983374264
        0.0427877585  -0.0306909190  -0.0457267450  -0.0614290514   0.0127953521
       -0.0260903545   0.0215197686   0.0010366142   0.0287829253   0.0017956946
        0.0000932578   0.0001177983   0.0000786710   0.0003859288  -0.0013283507
        0.0009900334  -0.0008685829  -0.0049649465   0.0010442971  -0.0194651233
       -0.1018007315  -0.1052825775   0.0016809750  -0.0146685431   0.0028194342
       -0.0008602192  -0.0012971903  -0.0031434657   0.0002514807  -0.0001209125
        0.0007197886  -0.0022598264  -0.0012623040  -0.0027336342
       -0.0029620445   0.0008170327  -0.0005297621   0.0102434592  -0.0041967132
        0.0024761530  -0.0052018419   0.0012918760  -0.0016471520  -0.0029043472
        0.0017294412  -0.0001509861  -0.0029152556   0.0015661359  -0.0001331357
        0.0203921932   0.0020875290  -0.0005810973  -0.0110397368  -0.0027267198
       -0.0001146577   0.0004237133   0.0015197675  -0.0011196866   0.0070128381
        0.0149672285  -0.0039826709  -0.0999794940   0.0732110122  -0.2023004591
        0.1752240784   0.0211231259   0.5127890676  -0.0190976517  -0.0136419145
       -0.0794195418   0.0093845343  -0.0181536561   0.0193696625  -0.0015992470
        0.0191851634  -0.0093412918  -0.0224563428  -0.0170210330  -0.0388198263
       -0.0003223047   0.0004139463  -0.0001023688   0.0004338094  -0.0017991355
        0.0007934241  -0.0008518782  -0.0000077976  -0.0003208970  -0.0447286134
       -0.0973822966  -0.1925336950  -0.0013616347   0.0219888978  -0.0022810842
       -0.0043972862  -0.0030102661  -0.0006696908   0.0006447409   0.0005202680
       -0.0000950772  -0.0039416883  -0.0024818919  -0.0012852268
        0.0003087439  -0.0010733115  -0.0005418450  -0.0027438022  -0.0011166463
        0.0006982670   0.0009131040  -0.0005664703   0.0006324693   0.0009844157
        0.0005931209  -0.0000699024   0.0009924940   0.0005520023  -0.0005468340
       -0.0023516517   0.0018481053  -0.0001557961   0.0009718836  -0.0001317074
        0.0004530373  -0.0000589992  -0.0007160405  -0.0000515994   0.0026737910
        0.0004345144  -0.0048859697   0.0025081633   0.0171192880   0.0026206760
       -0.0527443171   0.0387780473  -0.0190976517   0.2426189946  -0.0331300326
        0.2321092278  -0.0912045713  -0.0645425798  -0.0803292838  -0.0138894925
        0.0058037470  -0.0287632426  -0.0051377598  -0.0094207444   0.0002538482
       -0.0001807250  -0.0001134691  -0.0000795846  -0.0000547973  -0.0000411289
        0.0000304991  -0.0000179871   0.0007596050  -0.0002767423   0.0000820390
       -0.0065079204   0.0002065353  -0.0898629674   0.0492784473  -0.0977240465
        0.0020596612   0.0006872884   0.0007405333   0.0044677569   0.0016858967
       -0.0056436455  -0.0003339766  -0.0001800113   0.0004210503
        0.0080994426  -0.0014076969  -0.0043363153  -0.0235532567   0.0036499512
        0.0055889837   0.0085134730  -0.0004477855  -0.0005875374   0.0071711558
       -0.0001590985  -0.0011063846   0.0056230610  -0.0007966530  -0.0017689172
       -0.0125472432  -0.0074619935   0.0078243131  -0.0017625576   0.0008667937
       -0.0020452353   0.0010229226  -0.0003735087  -0.0002453794   0.0033994463
       -0.0001467214   0.0018055429   0.0231111553  -0.0250770720   0.0509955089
        0.0353001309  -0.2983374264  -0.0136419145  -0.0331300326   0.6093965081
        0.0037089338  -0.0291400140  -0.1708246550  -0.0627017775  -0.0196708937
        0.0489240205  -0.0312252257  -0.0074779181  -0.0333978019  -0.0152902260
       -0.0000313208  -0.0001818763   0.0000101781  -0.0001594242  -0.0001441829
       -0.0006697309   0.0001745302  -0.0006322225   0.0002769721  -0.0067259629
       -0.0186519544   0.0001179773   0.0505432412  -0.0858446386   0.0826398886
       -0.0106685439  -0.0188383915  -0.0210240875   0.0018356741   0.0000129698
        0.0017885141   0.0000729345  -0.0001265644  -0.0001140814
        0.0018268020  -0.0001301508  -0.0013689232  -0.0064270190   0.0018499716
        0.0019724376   0.0016002101  -0.0004235542  -0.0002635937   0.0019185886
       -0.0005674426  -0.0001034944   0.0021133341  -0.0003017033  -0.0011948515
       -0.0017740693  -0.0005860856   0.0004346966   0.0008829052  -0.0006039926
       -0.0004972270   0.0000139696  -0.0003507150   0.0002572826  -0.0054375337
        0.0021877861  -0.0029135197   0.0031194084   0.0255343765   0.0088211397
       -0.0171576366   0.0427877585  -0.0794195418   0.2321092278   0.0037089338
        0.5429459081  -0.0809797101  -0.1312781514  -0.2066876359  -0.0303572733
        0.0140751914  -0.0510159765   0.0005208679  -0.0193142608  -0.0061928531
        0.0001142071  -0.0000857961   0.0001238327  -0.0000189857   0.0003413454
       -0.0000210927   0.0002021073   0.0011505090  -0.0003850059  -0.0005508492
       -0.0226016206   0.0013454905  -0.0964717762   0.0841842709  -0.2044977642
       -0.0001862298  -0.0013046033   0.0001483289  -0.0054696549   0.0020131362
       -0.0018764160   0.0004091095  -0.0002852032   0.0003887789
       -0.0028921528   0.0010639795   0.0012592290   0.0099684669  -0.0029010761
       -0.0013701660  -0.0036966924   0.0004078911  -0.0002508712  -0.0028758207
        0.0007044205   0.0001833967  -0.0029883874   0.0008953868   0.0005880884
        0.0056425039  -0.0000837828  -0.0012194707  -0.0031687784  -0.0016485161
        0.0007236072   0.0002089526   0.0002106064  -0.0001650586   0.0013373979
        0.0022160984  -0.0001332584  -0.0157509417  -0.0060990795  -0.0173426140
        0.0051959991  -0.0306909190   0.0093845343  -0.0912045713  -0.0291400140
       -0.0809797101   0.2428723193  -0.0270869749   0.2162871316  -0.1093808779
        0.0281817499  -0.1016979986   0.0021083988   0.0409822435   0.0045309291
       -0.0001273715   0.0001224226   0.0000760171   0.0001336703  -0.0000557228
        0.0003737486  -0.0001200176  -0.0000472771  -0.0001500426   0.0067170616
        0.0009414840  -0.0022061417  -0.0037729502  -0.0066703978  -0.0104790692
       -0.0403153808   0.0242438548  -0.0041084837  -0.0042405734   0.0038264442
       -0.0104279207   0.0063497456   0.0006271784  -0.0028758765
        0.0008727824  -0.0000755632   0.0000725967  -0.0022626880   0.0028752507
       -0.0006052259   0.0011868421   0.0001168534  -0.0000387301   0.0005376467
       -0.0012023643   0.0001957233   0.0008326414  -0.0010283660   0.0001505965
       -0.0016494888  -0.0016814740   0.0000265417   0.0028901607   0.0008010486
        0.0002873724  -0.0001824474  -0.0002008444   0.0001354126  -0.0021739108
       -0.0031997030  -0.0001228696  -0.0026048107   0.0078956874  -0.0045319833
       -0.0075734410  -0.0457267450  -0.0181536561  -0.0645425798  -0.1708246550
       -0.1312781514  -0.0270869749   0.6714514867   0.0152685101   0.0643478234
       -0.1327553932   0.1039173822   0.0149522303  -0.0279233365   0.0254358522
        0.0001065091  -0.0000411365   0.0000524856  -0.0000055239   0.0001665917
       -0.0000036891   0.0000549682   0.0002299934   0.0000480998   0.0007249061
       -0.0059632387  -0.0001759172   0.0030422745   0.0066985792   0.0074521132
        0.0245767231  -0.3001153994   0.0134828722  -0.0068269176   0.0064737506
       -0.0121746702   0.0007832752  -0.0059710225   0.0005593344
       -0.0060428759   0.0029075562   0.0027057144   0.0193966248  -0.0073244302
       -0.0033327494  -0.0064741146   0.0014035046  -0.0002890354  -0.0060360184
        0.0020308402   0.0007468785  -0.0058749700   0.0020332915   0.0011383999
        0.0107906243  -0.0011010229  -0.0031560430  -0.0051640964  -0.0017159800
        0.0011585511  -0.0001782681  -0.0002448012  -0.0000526947   0.0032369600
        0.0045164722  -0.0006624499  -0.0161349981  -0.0110148507  -0.0387865677
        0.0016122403  -0.0614290514   0.0193696625  -0.0803292838  -0.0627017775
       -0.2066876359   0.2162871316   0.0152685101   0.5016897015  -0.0979492683
        0.0360827541  -0.2153019548   0.0031945458   0.0731569529   0.0143317853
       -0.0001558181   0.0002561991   0.0000539122   0.0001854769   0.0000328610
        0.0005659097  -0.0002290653   0.0001022044  -0.0002030549  -0.0004543259
       -0.0004372315   0.0006281462  -0.0106873217  -0.0124874775  -0.0163887394
       -0.0042076586   0.0131655097  -0.0417939461  -0.0120692274   0.0074904866
       -0.0180686263  -0.0027162932   0.0000094802   0.0023348364
        0.0021005928  -0.0013025377  -0.0009303829  -0.0078848307   0.0043888346
        0.0009920667   0.0029234547  -0.0007409779  -0.0000958743   0.0024499736
       -0.0013258761  -0.0000438388   0.0024452517  -0.0013053467  -0.0004119784
       -0.0051270899   0.0004325433   0.0009749525   0.0049496662   0.0030666040
        0.0000632895   0.0000354179  -0.0016500715  -0.0000459728   0.0021637927
       -0.0056182176  -0.0042433321   0.0073029783  -0.0035871586   0.0112439615
       -0.0055035033   0.0127953521  -0.0015992470  -0.0138894925  -0.0196708937
       -0.0303572733  -0.1093808779   0.0643478234  -0.0979492683   0.2457571378
       -0.0096375071   0.2260170043  -0.0588017119   0.0005844927  -0.0213264658
       -0.0002516923  -0.0003174969  -0.0001937129  -0.0001190425   0.0000045183
       -0.0002153374  -0.0000017922  -0.0001126334   0.0000332164  -0.0006917139
        0.0004725298   0.0006644491   0.0052820812  -0.0010690043  -0.0048007371
       -0.0005792665   0.0024484802  -0.0035140552  -0.0730640770  -0.0548364263
       -0.0723509756  -0.0001152564   0.0126329692  -0.0019104882
       -0.0019391437   0.0021133967   0.0009680413   0.0072713677  -0.0066714251
       -0.0002962051  -0.0024248153   0.0012339703  -0.0001700888  -0.0022801313
        0.0022266089  -0.0002836749  -0.0027364748   0.0021212578   0.0003323485
        0.0054492299  -0.0024138732  -0.0007637775  -0.0095842640  -0.0033957780
        0.0002282023  -0.0000756141  -0.0013657686  -0.0006304925   0.0061657832
        0.0071145012  -0.0030944161  -0.0329385007  -0.0607348404  -0.0613080812
        0.0119158368  -0.0260903545   0.0191851634   0.0058037470   0.0489240205
        0.0140751914   0.0281817499  -0.1327553932   0.0360827541  -0.0096375071
        0.6374405110   0.0289728118   0.0382428791  -0.3089764395   0.0531789580
       -0.0004161971   0.0000327262   0.0000299346   0.0001662079  -0.0000930086
        0.0004262532  -0.0000122073   0.0003417517  -0.0002527450  -0.0006835702
       -0.0007642397   0.0001431966  -0.0014637848  -0.0012975037  -0.0026387522
        0.0133038046  -0.0137257596   0.0218931425  -0.0553024730  -0.1295596794
       -0.1085429260   0.0029940774  -0.0137046809   0.0024651619
        0.0041558118  -0.0017193387  -0.0014439430  -0.0136015300   0.0055300800
        0.0010862105   0.0049159900  -0.0009042627   0.0005743450   0.0041514177
       -0.0015589943  -0.0000780259   0.0041272326  -0.0016337768  -0.0007139676
       -0.0078153206   0.0002811384   0.0010818467   0.0053695937   0.0010235700
       -0.0005675372  -0.0007747026  -0.0008272918   0.0001042021  -0.0070963242
       -0.0069241879  -0.0009045043   0.0111752018  -0.0113931161   0.0220648703
        0.0005399752   0.0215197686  -0.0093412918  -0.0287632426  -0.0312252257
       -0.0510159765  -0.1016979986   0.1039173822  -0.2153019548   0.2260170043
        0.0289728118   0.5248254707  -0.0189144332  -0.0200262985  -0.0876722394
        0.0001534712  -0.0002139625  -0.0000889006  -0.0000777897   0.0000573060
       -0.0003692680   0.0000929692  -0.0002333152   0.0001603975  -0.0004259867
        0.0009852026   0.0008529346  -0.0045889200  -0.0031014832  -0.0014811375
       -0.0020920769   0.0026299765  -0.0018305516  -0.0721979985  -0.1082960207
       -0.1779194437  -0.0026523440   0.0231400379  -0.0020215353
       -0.0002607777  -0.0006648615   0.0005854270   0.0006850595   0.0008509254
       -0.0009574080   0.0004583427   0.0000971504  -0.0004318929  -0.0001079029
       -0.0002980966  -0.0000392744  -0.0001760469  -0.0006286421   0.0004483827
       -0.0024463842   0.0016681397  -0.0005069291   0.0012146084   0.0000164054
        0.0000424601   0.0011521651   0.0016877418   0.0009680907  -0.0013105910
       -0.0066176947  -0.0009845368  -0.0842926924  -0.0604974671  -0.0844270308
       -0.0118316409   0.0010366142  -0.0224563428  -0.0051377598  -0.0074779181
        0.0005208679   0.0021083988   0.0149522303   0.0031945458  -0.0588017119
        0.0382428791  -0.0189144332   0.2312836925  -0.0214948051   0.2228298164
        0.0002205446   0.0001523482   0.0001152030  -0.0002143226   0.0000338034
       -0.0002601221  -0.0000483087   0.0008156386   0.0008097235   0.0040299273
        0.0017755488  -0.0038462685   0.0001245866  -0.0001545089   0.0002144317
        0.0045711734   0.0015631557  -0.0051581420   0.0016458819  -0.0100172311
       -0.0003668101  -0.0828662419   0.0449586442  -0.0913797579
        0.0001982372  -0.0014532664   0.0007246314  -0.0041386781   0.0051379501
       -0.0028527615   0.0024942411  -0.0007866165   0.0008192947   0.0013026309
       -0.0018050380   0.0007950870   0.0019182757  -0.0022569333   0.0004338660
       -0.0065146787   0.0029488301  -0.0024787090   0.0118118443   0.0044844329
        0.0010208539  -0.0000116164  -0.0043749978   0.0009887768  -0.0207621507
       -0.0383475064  -0.0213111074  -0.0267203812  -0.1416343155  -0.0671096445
       -0.0195158858   0.0287829253  -0.0170210330  -0.0094207444  -0.0333978019
       -0.0193142608   0.0409822435  -0.0279233365   0.0731569529   0.0005844927
       -0.3089764395  -0.0200262985  -0.0214948051   0.6265866509  -0.0148757195
       -0.0005962168  -0.0005459729  -0.0005647107  -0.0001627967   0.0000096371
       -0.0002570111  -0.0002114771   0.0006643442  -0.0010138497   0.0040778991
        0.0005337891   0.0018702067   0.0000690265  -0.0001550960  -0.0007550809
        0.0015134546  -0.0003086529   0.0022308069   0.0005376098  -0.0198420516
       -0.0008013568   0.0440594754  -0.0873405345   0.0863410672
       -0.0000285570  -0.0002862092   0.0013885210  -0.0023973599   0.0021284501
       -0.0031552441   0.0021217054  -0.0004736733   0.0008660983   0.0008583238
       -0.0006383660   0.0006483371   0.0006062089  -0.0013131176   0.0005561488
       -0.0047475027   0.0018643518  -0.0036792786   0.0085698648   0.0047678540
        0.0009222729   0.0000355724   0.0004769337   0.0002668945  -0.0063035021
       -0.0109712367   0.0009690952  -0.0789603931  -0.1147464753  -0.2071191765
       -0.0281948770   0.0017956946  -0.0388198263   0.0002538482  -0.0152902260
       -0.0061928531   0.0045309291   0.0254358522   0.0143317853  -0.0213264658
        0.0531789580  -0.0876722394   0.2228298164  -0.0148757195   0.5345226963
        0.0002997339  -0.0000895094   0.0000458432  -0.0002639067   0.0001804785
       -0.0004261953   0.0010827728   0.0014700174   0.0012686746  -0.0030384077
        0.0018519440  -0.0030329720   0.0006384803  -0.0002664999   0.0000265493
       -0.0054008334   0.0019472745  -0.0014214425   0.0007804682  -0.0209362678
        0.0007124598  -0.0919459190   0.0847894917  -0.2050061481
        0.0001831917   0.0003005677  -0.0000437958   0.0001909024  -0.0010694545
        0.0000750477  -0.0001768845   0.0005779713  -0.0001215539  -0.0001668576
        0.0002710518  -0.0000667084   0.0000566171   0.0001786040  -0.0000535538
       -0.0003028767   0.0000024206   0.0001659401  -0.0104289632   0.0286119325
        0.0045813316  -0.0352884394   0.0293917358  -0.0092360337   0.0026505315
       -0.0180609514   0.0040768390   0.0011122215  -0.0019141727  -0.0031145666
       -0.0000798773   0.0000932578  -0.0003223047  -0.0001807250  -0.0000313208
        0.0001142071  -0.0001273715   0.0001065091  -0.0001558181  -0.0002516923
       -0.0004161971   0.0001534712   0.0002205446  -0.0005962168   0.0002997339
        0.0412704136  -0.0419034755   0.0046054973   0.0014166618   0.0040587764
       -0.0019989131  -0.0001432802   0.0002282908   0.0008892909   0.0000652203
        0.0001732380   0.0000389813  -0.0000207117   0.0000036799   0.0000140358
        0.0000080644   0.0000246502  -0.0000002567  -0.0000466582  -0.0000568411
        0.0000460864   0.0000399687   0.0000259441   0.0000530424
        0.0000039906   0.0002861565  -0.0002455245  -0.0003762403  -0.0001977575
        0.0000889548   0.0000828465   0.0002063461   0.0001389681  -0.0000802568
       -0.0001692670   0.0000764700   0.0000886540   0.0002312321  -0.0001503130
        0.0008661482  -0.0012016095   0.0002566920   0.0056445333  -0.0060663610
       -0.0065514075   0.0336952999  -0.2927682571   0.0460596421   0.0015755142
       -0.0166771074  -0.0002624262  -0.0001478586   0.0000733918  -0.0020697306
        0.0004367610   0.0001177983   0.0004139463  -0.0001134691  -0.0001818763
       -0.0000857961   0.0001224226  -0.0000411365   0.0002561991  -0.0003174969
        0.0000327262  -0.0002139625   0.0001523482  -0.0005459729  -0.0000895094
       -0.0419034755   0.3248552798  -0.0416111184   0.0006985117  -0.0086015776
        0.0033502988  -0.0002924934   0.0006331115   0.0006041305  -0.0001225926
        0.0000063338  -0.0000741892  -0.0000291736   0.0000699305   0.0000151149
       -0.0000118560   0.0000021331   0.0000377513  -0.0000259829  -0.0000324152
        0.0000440927   0.0000538654  -0.0000311014   0.0000117168
        0.0000407106  -0.0003228027   0.0004619965   0.0000326133   0.0002138194
       -0.0008656286  -0.0000639033   0.0000818601   0.0003362987   0.0000305495
       -0.0000693325   0.0000503254   0.0000431303   0.0000153549   0.0004004108
       -0.0001872336  -0.0001912495  -0.0008801297   0.0061311198  -0.0155723522
       -0.0011192922  -0.0082129162   0.0506457394  -0.0487745779   0.0007853589
       -0.0149294488  -0.0005133160   0.0003925698  -0.0002783718  -0.0016368426
       -0.0001182697   0.0000786710  -0.0001023688  -0.0000795846   0.0000101781
        0.0001238327   0.0000760171   0.0000524856   0.0000539122  -0.0001937129
        0.0000299346  -0.0000889006   0.0001152030  -0.0005647107   0.0000458432
        0.0046054973  -0.0416111184   0.0553987540  -0.0032469852   0.0237232107
       -0.0036283545  -0.0004496906  -0.0011428563   0.0003930734   0.0001600415
       -0.0001974390   0.0002953915   0.0000218931  -0.0000159052  -0.0000241057
        0.0000588991   0.0000440712  -0.0000105217   0.0000017821  -0.0000200869
        0.0000218236   0.0000569108   0.0000203490   0.0000623762
        0.0003336411  -0.0000932205  -0.0002052926  -0.0002511835  -0.0002471012
       -0.0000306586  -0.0002122013   0.0003398542   0.0000486396   0.0000608624
        0.0000623301   0.0000448190   0.0002085526  -0.0001367732   0.0000204284
        0.0000096043  -0.0007455381   0.0008614740  -0.0031380755  -0.0024108405
        0.0297954150  -0.0355016236   0.0106349210  -0.0394638376  -0.0035435433
        0.0068995589  -0.0177525335  -0.0001163240   0.0010424905   0.0008290260
       -0.0000415463   0.0003859288   0.0004338094  -0.0000547973  -0.0001594242
       -0.0000189857   0.0001336703  -0.0000055239   0.0001854769  -0.0001190425
        0.0001662079  -0.0000777897  -0.0002143226  -0.0001627967  -0.0002639067
        0.0014166618   0.0006985117  -0.0032469852   0.0390798235  -0.0146274114
        0.0317942566   0.0010938491  -0.0021946293  -0.0029320091   0.0008682336
        0.0004187958  -0.0001101287  -0.0000092421   0.0000386773   0.0000118574
       -0.0000142045   0.0000072078   0.0000098938  -0.0000020625   0.0000366866
        0.0000001613   0.0000132704   0.0000520882   0.0000668700
       -0.0001750155  -0.0000521028   0.0000879489  -0.0002140695  -0.0000298770
        0.0001176755   0.0001019731  -0.0001322617   0.0000484268   0.0000356449
        0.0000870513   0.0000288342   0.0000399654  -0.0000612319  -0.0000696996
        0.0000771869   0.0004791144  -0.0005949613  -0.0000132771   0.0020014731
       -0.0074375305   0.0114737313  -0.0686371715   0.0798189200  -0.0015275586
        0.0057452315  -0.0123812063  -0.0002962684   0.0002421366   0.0001560241
       -0.0003949601  -0.0013283507  -0.0017991355  -0.0000411289  -0.0001441829
        0.0003413454  -0.0000557228   0.0001665917   0.0000328610   0.0000045183
       -0.0000930086   0.0000573060   0.0000338034   0.0000096371   0.0001804785
        0.0040587764  -0.0086015776   0.0237232107  -0.0146274114   0.0740927764
       -0.0816360469   0.0006843086  -0.0012839574  -0.0019739305   0.0006998004
       -0.0026042608   0.0011123414   0.0000312786  -0.0000404290   0.0000291530
        0.0000430747   0.0000544960   0.0000306001   0.0000084964   0.0000446249
        0.0000113482   0.0000528538   0.0000852790   0.0001160367
       -0.0000825847   0.0000441694   0.0000804976  -0.0008348585   0.0002506835
       -0.0013230735   0.0003706214   0.0001134330   0.0009294815  -0.0001187980
       -0.0003260491   0.0001983870   0.0000406439   0.0002956718   0.0001167428
        0.0011588772  -0.0001349297  -0.0012912974   0.0042914020  -0.0025312136
       -0.0142067910  -0.0329908735   0.0789212238  -0.2693796674  -0.0021168545
        0.0008203332  -0.0144914898  -0.0011768183   0.0015124109  -0.0002435554
        0.0007959895   0.0009900334   0.0007934241   0.0000304991  -0.0006697309
       -0.0000210927   0.0003737486  -0.0000036891   0.0005659097  -0.0002153374
        0.0004262532  -0.0003692680  -0.0002601221  -0.0002570111  -0.0004261953
       -0.0019989131   0.0033502988  -0.0036283545   0.0317942566  -0.0816360469
        0.3020771374   0.0010316782  -0.0009491527  -0.0008479707  -0.0001730517
       -0.0003850679   0.0012638667   0.0000218617   0.0000765225   0.0000488890
        0.0000084074   0.0000210436   0.0000457619  -0.0000092504   0.0000421810
        0.0000072787   0.0000594767   0.0000286328   0.0001013795
       -0.0001832321   0.0005060012   0.0003278545  -0.0000634065  -0.0007991067
       -0.0004574158   0.0005120887   0.0000181418  -0.0000232642   0.0000584598
        0.0003451371  -0.0000659775   0.0001123841  -0.0000748649   0.0001302556
       -0.0011370165  -0.0001619177  -0.0005374257  -0.0206167624   0.0045148403
       -0.0219325898  -0.0002837536  -0.0039672353   0.0019980836  -0.0721277450
        0.0401021889  -0.0859823632   0.0029087800   0.0007627607   0.0010133297
        0.0007584371  -0.0008685829  -0.0008518782  -0.0000179871   0.0001745302
        0.0002021073  -0.0001200176   0.0000549682  -0.0002290653  -0.0000017922
       -0.0000122073   0.0000929692  -0.0000483087  -0.0002114771   0.0010827728
       -0.0001432802  -0.0002924934  -0.0004496906   0.0010938491   0.0006843086
        0.0010316782   0.0892181457  -0.0405973467   0.1049370951  -0.0000380770
        0.0001413308  -0.0000668221  -0.0000898147  -0.0000950138   0.0000295701
        0.0000190565   0.0000014596  -0.0000252161   0.0000178105  -0.0000582228
       -0.0000060294   0.0001721823  -0.0001671989  -0.0002179782
        0.0001142110   0.0000099866  -0.0002287783  -0.0000637207  -0.0003302030
        0.0003897145  -0.0002355943   0.0003830876  -0.0001032081  -0.0001576241
       -0.0000118796  -0.0000258441   0.0000847235   0.0002296398   0.0000074511
        0.0004908676  -0.0007822075   0.0000028972  -0.0003390234   0.0013818864
       -0.0021276628  -0.0068261203   0.0045541339  -0.0144187505   0.0394535947
       -0.0787804295   0.0857040649   0.0095543885  -0.0091511262   0.0200624736
       -0.0001149536  -0.0049649465  -0.0000077976   0.0007596050  -0.0006322225
        0.0011505090  -0.0000472771   0.0002299934   0.0001022044  -0.0001126334
        0.0003417517  -0.0002333152   0.0008156386   0.0006643442   0.0014700174
        0.0002282908   0.0006331115  -0.0011428563  -0.0021946293  -0.0012839574
       -0.0009491527  -0.0405973467   0.0882107822  -0.0884113766  -0.0001178425
        0.0001146362  -0.0001403200   0.0000280436  -0.0003516613  -0.0000771959
       -0.0000854534   0.0000712481  -0.0000516206  -0.0000197961   0.0001070094
       -0.0000182648  -0.0006173484  -0.0006429775  -0.0009531887
       -0.0000055255  -0.0001056292   0.0007960411   0.0005012221  -0.0002605962
       -0.0013268357  -0.0001152111  -0.0000069344   0.0002938890   0.0000605310
        0.0002101220   0.0000493940  -0.0001695318  -0.0001471604   0.0003792958
       -0.0001872195   0.0007109372  -0.0003171118   0.0005497310  -0.0045770771
        0.0050314433  -0.0097424038   0.0064217074  -0.0201826767  -0.0916445411
        0.0851899304  -0.2214094652  -0.0017029104   0.0024636479  -0.0044057196
       -0.0011054381   0.0010442971  -0.0003208970  -0.0002767423   0.0002769721
       -0.0003850059  -0.0001500426   0.0000480998  -0.0002030549   0.0000332164
       -0.0002527450   0.0001603975   0.0008097235  -0.0010138497   0.0012686746
        0.0008892909   0.0006041305   0.0003930734  -0.0029320091  -0.0019739305
       -0.0008479707   0.1049370951  -0.0884113766   0.2407232704   0.0001738342
       -0.0000465907   0.0000568298   0.0001119075   0.0000748438  -0.0000015292
        0.0000215670  -0.0000013114   0.0000228356   0.0000006963  -0.0001361396
        0.0000428204  -0.0000572399  -0.0001113471   0.0001823019
        0.0024005083  -0.0003114174  -0.0010561316  -0.0071136420   0.0006987002
        0.0010664599   0.0022641511  -0.0009064879   0.0004188947   0.0018605041
        0.0002914109  -0.0000574443   0.0015511166  -0.0002918504  -0.0005397926
       -0.0048165848  -0.0006944641   0.0034374324   0.0005739744   0.0001015395
        0.0000990721  -0.0000430480  -0.0000543522  -0.0001435891  -0.0011695711
       -0.0011128672   0.0008606723  -0.0085677087  -0.0059940564  -0.0153490683
       -0.0327142914  -0.0194651233  -0.0447286134   0.0000820390  -0.0067259629
       -0.0005508492   0.0067170616   0.0007249061  -0.0004543259  -0.0006917139
       -0.0006835702  -0.0004259867   0.0040299273   0.0040778991  -0.0030384077
        0.0000652203  -0.0001225926   0.0001600415   0.0008682336   0.0006998004
       -0.0001730517  -0.0000380770  -0.0001178425   0.0001738342   0.0376071423
        0.0300051533   0.0589846515  -0.0016725584   0.0003605087   0.0014331160
       -0.0001254010   0.0000120273  -0.0000610393  -0.0011723210  -0.0001059608
        0.0006768519   0.0001050390  -0.0003853978  -0.0007327269
       -0.0005961200   0.0002437385   0.0007261751  -0.0007219299  -0.0011882709
       -0.0014112675   0.0009005209  -0.0003598275   0.0007867180   0.0000717380
        0.0005316446   0.0001462652   0.0000220358   0.0001155846   0.0001290011
        0.0005024085   0.0010306093  -0.0019120785   0.0002040734  -0.0005195221
       -0.0006750260  -0.0002747446  -0.0022802848   0.0029790589   0.0001351784
        0.0009295737  -0.0002384703   0.0000060113   0.0052354657   0.0049064323
       -0.0262768713  -0.1018007315  -0.0973822966  -0.0065079204  -0.0186519544
       -0.0226016206   0.0009414840  -0.0059632387  -0.0004372315   0.0004725298
       -0.0007642397   0.0009852026   0.0017755488   0.0005337891   0.0018519440
        0.0001732380   0.0000063338  -0.0001974390   0.0004187958  -0.0026042608
       -0.0003850679   0.0001413308   0.0001146362  -0.0000465907   0.0300051533
        0.1257054814   0.1136668948  -0.0008706607   0.0003347989  -0.0003836472
       -0.0007868193  -0.0007531480  -0.0009846158  -0.0001179170   0.0000118023
        0.0001234358   0.0003829364   0.0000920203   0.0003542235
       -0.0028986112   0.0010987183   0.0017417734   0.0029469008  -0.0024522390
       -0.0040626116  -0.0002277597   0.0004486598   0.0018654399  -0.0014659178
        0.0005595521   0.0004972835  -0.0007869192   0.0010403802   0.0004092883
        0.0075951275  -0.0005566013  -0.0068539001   0.0012077569  -0.0003747994
        0.0001918009  -0.0007534462   0.0000801009   0.0005587920  -0.0005144570
       -0.0004131930  -0.0000943859  -0.0031746812  -0.0110175841  -0.0152997221
       -0.0562121930  -0.1052825775  -0.1925336950   0.0002065353   0.0001179773
        0.0013454905  -0.0022061417  -0.0001759172   0.0006281462   0.0006644491
        0.0001431966   0.0008529346  -0.0038462685   0.0018702067  -0.0030329720
        0.0000389813  -0.0000741892   0.0002953915  -0.0001101287   0.0011123414
        0.0012638667  -0.0000668221  -0.0001403200   0.0000568298   0.0589846515
        0.1136668948   0.2121432673   0.0009087342   0.0008427352   0.0007245007
        0.0000049683   0.0001168645  -0.0000252274   0.0005174581   0.0000888479
       -0.0001448698  -0.0008122167  -0.0006990551  -0.0005274214
        0.0001656363  -0.0000826412   0.0001632373  -0.0005200237   0.0004690794
       -0.0004287665   0.0001450800  -0.0002598620   0.0003205619   0.0002310561
       -0.0001308539   0.0001613581   0.0001856009  -0.0000422248  -0.0001320725
        0.0003061631   0.0001443356  -0.0006494211  -0.0000192618  -0.0003700061
        0.0005904885  -0.0001502812   0.0001137365  -0.0000554416   0.0002814922
        0.0002708148  -0.0008892614   0.0048607320   0.0009095303  -0.0032460846
        0.0000289852   0.0016809750  -0.0013616347  -0.0898629674   0.0505432412
       -0.0964717762  -0.0037729502   0.0030422745  -0.0106873217   0.0052820812
       -0.0014637848  -0.0045889200   0.0001245866   0.0000690265   0.0006384803
       -0.0000207117  -0.0000291736   0.0000218931  -0.0000092421   0.0000312786
        0.0000218617  -0.0000898147   0.0000280436   0.0001119075  -0.0016725584
       -0.0008706607   0.0009087342   0.0879246591  -0.0543588051   0.1136412411
       -0.0016017027   0.0001699517   0.0013302430  -0.0005969109   0.0002292945
       -0.0001385149  -0.0012196478  -0.0000935701   0.0007392084
        0.0003675413   0.0002924632  -0.0006466017  -0.0003353272   0.0001823590
        0.0009729691   0.0000463216   0.0000469107  -0.0004258592   0.0000307771
       -0.0001111006  -0.0000374550   0.0000661218  -0.0001202591  -0.0003684620
       -0.0002428620  -0.0011946141   0.0009982088   0.0001977863   0.0004768791
       -0.0001687297   0.0000015841  -0.0000709699   0.0001037196   0.0005266201
       -0.0009387393   0.0012446985   0.0002767809  -0.0048445040  -0.0003495485
        0.0130750792  -0.0146685431   0.0219888978   0.0492784473  -0.0858446386
        0.0841842709  -0.0066703978   0.0066985792  -0.0124874775  -0.0010690043
       -0.0012975037  -0.0031014832  -0.0001545089  -0.0001550960  -0.0002664999
        0.0000036799   0.0000699305  -0.0000159052   0.0000386773  -0.0000404290
        0.0000765225  -0.0000950138  -0.0003516613   0.0000748438   0.0003605087
        0.0003347989   0.0008427352  -0.0543588051   0.1005018195  -0.0911354197
       -0.0006984205   0.0007015908  -0.0008534122  -0.0005184216   0.0002987258
       -0.0006710927  -0.0001271645   0.0000340019   0.0000410803
       -0.0001762187  -0.0002036489  -0.0000144773   0.0003852149   0.0000599390
        0.0000292315  -0.0001142299  -0.0003365159   0.0000684006  -0.0000326285
        0.0000487328   0.0000457135  -0.0002244532  -0.0002047993  -0.0000800159
        0.0001120054   0.0016858569  -0.0005228702  -0.0000904082  -0.0000763999
       -0.0001367406   0.0000272785  -0.0001886321  -0.0000000520  -0.0001943026
        0.0002323410   0.0001182595  -0.0018182654  -0.0001189242   0.0028553094
       -0.0017709666   0.0028194342  -0.0022810842  -0.0977240465   0.0826398886
       -0.2044977642  -0.0104790692   0.0074521132  -0.0163887394  -0.0048007371
       -0.0026387522  -0.0014811375   0.0002144317  -0.0007550809   0.0000265493
        0.0000140358   0.0000151149  -0.0000241057   0.0000118574   0.0000291530
        0.0000488890   0.0000295701  -0.0000771959  -0.0000015292   0.0014331160
       -0.0003836472   0.0007245007   0.1136412411  -0.0911354197   0.2226936640
        0.0011400875   0.0006312316  -0.0001015251  -0.0002939081   0.0005007059
       -0.0008310087   0.0007103956   0.0000045051  -0.0002494676
       -0.0001258544  -0.0002540446   0.0000824906   0.0000962877   0.0004559388
       -0.0001280023   0.0000442961  -0.0002892094   0.0001348018   0.0000942476
       -0.0002097895   0.0000437156  -0.0000509058   0.0000591618   0.0000158629
        0.0003291308   0.0003636167  -0.0002695026  -0.0002816795  -0.0008107399
       -0.0000243049   0.0000506639   0.0004299394   0.0000888277  -0.0011017771
        0.0004703491   0.0006330810  -0.0003414547  -0.0002085864  -0.0003703944
        0.0052125526  -0.0008602192  -0.0043972862   0.0020596612  -0.0106685439
       -0.0001862298  -0.0403153808   0.0245767231  -0.0042076586  -0.0005792665
        0.0133038046  -0.0020920769   0.0045711734   0.0015134546  -0.0054008334
        0.0000080644  -0.0000118560   0.0000588991  -0.0000142045   0.0000430747
        0.0000084074   0.0000190565  -0.0000854534   0.0000215670  -0.0001254010
       -0.0007868193   0.0000049683  -0.0016017027  -0.0006984205   0.0011400875
        0.0338827244  -0.0274070107   0.0135194285  -0.0015881612   0.0003707581
        0.0012625843  -0.0002420704   0.0007038721   0.0000615676
       -0.0000976344   0.0002725065   0.0000895692   0.0002074791  -0.0006194174
       -0.0000838250  -0.0000446323   0.0002754990  -0.0000027168  -0.0001227716
        0.0002049283   0.0000098253   0.0000064121   0.0002089096   0.0000192588
        0.0001079044  -0.0006259412  -0.0000802985   0.0000907532   0.0002903946
       -0.0000571230  -0.0000835099  -0.0000561279   0.0000183006  -0.0001202529
       -0.0000418817   0.0000552699  -0.0000747232   0.0008468397   0.0000613140
       -0.0011088075  -0.0012971903  -0.0030102661   0.0006872884  -0.0188383915
       -0.0013046033   0.0242438548  -0.3001153994   0.0131655097   0.0024484802
       -0.0137257596   0.0026299765   0.0015631557  -0.0003086529   0.0019472745
        0.0000246502   0.0000021331   0.0000440712   0.0000072078   0.0000544960
        0.0000210436   0.0000014596   0.0000712481  -0.0000013114   0.0000120273
       -0.0007531480   0.0001168645   0.0001699517   0.0007015908   0.0006312316
       -0.0274070107   0.3331861613  -0.0136184557  -0.0004774128   0.0007838600
       -0.0005667756  -0.0000338692  -0.0005166571  -0.0000841338
       -0.0000185758   0.0002387648  -0.0001277369   0.0001486736  -0.0000827703
        0.0003094186  -0.0001229639  -0.0001173738  -0.0000423067  -0.0000465203
        0.0000213108   0.0001634823  -0.0000083747   0.0000196426  -0.0003857995
        0.0000096054  -0.0000766940  -0.0000479545   0.0004052599   0.0004211375
        0.0001520217  -0.0000790629  -0.0004513075   0.0000428772   0.0005912924
       -0.0001772613  -0.0004152982  -0.0004647570   0.0000278629  -0.0007297922
       -0.0043524420  -0.0031434657  -0.0006696908   0.0007405333  -0.0210240875
        0.0001483289  -0.0041084837   0.0134828722  -0.0417939461  -0.0035140552
        0.0218931425  -0.0018305516  -0.0051581420   0.0022308069  -0.0014214425
       -0.0000002567   0.0000377513  -0.0000105217   0.0000098938   0.0000306001
        0.0000457619  -0.0000252161  -0.0000516206   0.0000228356  -0.0000610393
       -0.0009846158  -0.0000252274   0.0013302430  -0.0008534122  -0.0001015251
        0.0135194285  -0.0136184557   0.0471008715   0.0011207836   0.0010330995
       -0.0001911725   0.0000841760   0.0011440732  -0.0001926320
       -0.0003285177  -0.0001821973  -0.0001284486   0.0001569585   0.0003478947
        0.0002966425   0.0001294849  -0.0001754232  -0.0001147283  -0.0000165809
       -0.0001063533  -0.0001920467  -0.0001209677  -0.0000376804  -0.0000177381
        0.0004033506   0.0002397528   0.0000520048  -0.0001167260  -0.0002012219
       -0.0003982781   0.0001285011   0.0001448042   0.0001307450   0.0000781063
        0.0004796047   0.0003659830   0.0062314573   0.0007460410  -0.0026423026
       -0.0003605294   0.0002514807   0.0006447409   0.0044677569   0.0018356741
       -0.0054696549  -0.0042405734  -0.0068269176  -0.0120692274  -0.0730640770
       -0.0553024730  -0.0721979985   0.0016458819   0.0005376098   0.0007804682
       -0.0000466582  -0.0000259829   0.0000017821  -0.0000020625   0.0000084964
       -0.0000092504   0.0000178105  -0.0000197961   0.0000006963  -0.0011723210
       -0.0001179170   0.0005174581  -0.0005969109  -0.0005184216  -0.0002939081
       -0.0015881612  -0.0004774128   0.0011207836   0.0700631673   0.0590904759
        0.0882141450  -0.0016683894   0.0003099628   0.0014081320
        0.0000273272   0.0001815413   0.0002049191   0.0000303640  -0.0005298848
       -0.0004139967   0.0000116308   0.0003572078   0.0001358197  -0.0000890525
        0.0001481443  -0.0000014231   0.0000527591   0.0001393316   0.0002208717
        0.0001057438  -0.0005237485  -0.0001853494  -0.0000098176   0.0002177701
        0.0000323208  -0.0001276578  -0.0003243142  -0.0000177488  -0.0005135511
       -0.0010488031  -0.0011248360   0.0005172409  -0.0054096547   0.0006863937
        0.0002353541  -0.0001209125   0.0005202680   0.0016858967   0.0000129698
        0.0020131362   0.0038264442   0.0064737506   0.0074904866  -0.0548364263
       -0.1295596794  -0.1082960207  -0.0100172311  -0.0198420516  -0.0209362678
       -0.0000568411  -0.0000324152  -0.0000200869   0.0000366866   0.0000446249
        0.0000421810  -0.0000582228   0.0001070094  -0.0001361396  -0.0001059608
        0.0000118023   0.0000888479   0.0002292945   0.0002987258   0.0005007059
        0.0003707581   0.0007838600   0.0010330995   0.0590904759   0.1480681346
        0.1188935219  -0.0004052147   0.0005465915  -0.0007307028
        0.0000241043   0.0001952165   0.0001939769   0.0004382733  -0.0001551727
       -0.0004474992  -0.0002452991  -0.0000539243   0.0002529644  -0.0000812306
        0.0000927580   0.0003011539  -0.0002041797  -0.0000283225  -0.0000402410
       -0.0001202979  -0.0001061850  -0.0003154918   0.0000874647   0.0001805709
        0.0003379508  -0.0001177866  -0.0001208571  -0.0000685902   0.0001018259
        0.0001674326  -0.0002300833  -0.0029158501   0.0001569879   0.0027826736
        0.0003234890   0.0007197886  -0.0000950772  -0.0056436455   0.0017885141
       -0.0018764160  -0.0104279207  -0.0121746702  -0.0180686263  -0.0723509756
       -0.1085429260  -0.1779194437  -0.0003668101  -0.0008013568   0.0007124598
        0.0000460864   0.0000440927   0.0000218236   0.0000001613   0.0000113482
        0.0000072787  -0.0000060294  -0.0000182648   0.0000428204   0.0006768519
        0.0001234358  -0.0001448698  -0.0001385149  -0.0006710927  -0.0008310087
        0.0012625843  -0.0005667756  -0.0001911725   0.0882141450   0.1188935219
        0.1954256510   0.0014435541   0.0008658805   0.0001497668
       -0.0000380978   0.0000173093  -0.0000585688  -0.0004594397   0.0001700238
        0.0001712393   0.0005386544  -0.0000675776  -0.0000737092   0.0001469481
        0.0000098978  -0.0001765766   0.0001385724  -0.0001180249  -0.0000313758
       -0.0007724318  -0.0001175380  -0.0002458717  -0.0005639943  -0.0002598907
       -0.0004742405   0.0002558998   0.0002874369   0.0002582295  -0.0015594676
        0.0010787781   0.0016229499  -0.0043241978   0.0043642130  -0.0103094273
        0.0046489718  -0.0022598264  -0.0039416883  -0.0003339766   0.0000729345
        0.0004091095   0.0063497456   0.0007832752  -0.0027162932  -0.0001152564
        0.0029940774  -0.0026523440  -0.0828662419   0.0440594754  -0.0919459190
        0.0000399687   0.0000538654   0.0000569108   0.0000132704   0.0000528538
        0.0000594767   0.0001721823  -0.0006173484  -0.0000572399   0.0001050390
        0.0003829364  -0.0008122167  -0.0012196478  -0.0001271645   0.0007103956
       -0.0002420704  -0.0000338692   0.0000841760  -0.0016683894  -0.0004052147
        0.0014435541   0.0817539589  -0.0503206223   0.1086794296
        0.0001589800   0.0000351613   0.0001328974  -0.0002195461  -0.0004368213
       -0.0001661631   0.0000648176   0.0003029341  -0.0000164493   0.0000109500
        0.0001398280  -0.0000565806   0.0001457797   0.0000834578   0.0001860816
       -0.0000338541  -0.0001190935  -0.0001523154   0.0003121680   0.0001215784
        0.0001557899   0.0000292946   0.0000764800   0.0000845015  -0.0010859710
        0.0008967995  -0.0018310257  -0.0064348670   0.0056999955  -0.0116355148
       -0.0011116103  -0.0012623040  -0.0024818919  -0.0001800113  -0.0001265644
       -0.0002852032   0.0006271784  -0.0059710225   0.0000094802   0.0126329692
       -0.0137046809   0.0231400379   0.0449586442  -0.0873405345   0.0847894917
        0.0000259441  -0.0000311014   0.0000203490   0.0000520882   0.0000852790
        0.0000286328  -0.0001671989  -0.0006429775  -0.0001113471  -0.0003853978
        0.0000920203  -0.0006990551  -0.0000935701   0.0000340019   0.0000045051
        0.0007038721  -0.0005166571   0.0011440732   0.0003099628   0.0005465915
        0.0008658805  -0.0503206223   0.1020376296  -0.0931261747
       -0.0000085612   0.0000761915   0.0005697698   0.0002856318  -0.0001031353
       -0.0011822664  -0.0000712507  -0.0000719819   0.0005033823  -0.0000188115
       -0.0000280333   0.0002933311  -0.0001323146  -0.0000261054   0.0002266001
       -0.0004017184   0.0002710033  -0.0007800632   0.0006257655   0.0001518277
        0.0006194112  -0.0002250330  -0.0000384882  -0.0002075733   0.0013216991
        0.0010928985  -0.0002782591  -0.0119637900   0.0065291178  -0.0208809406
       -0.0037240895  -0.0027336342  -0.0012852268   0.0004210503  -0.0001140814
        0.0003887789  -0.0028758765   0.0005593344   0.0023348364  -0.0019104882
        0.0024651619  -0.0020215353  -0.0913797579   0.0863410672  -0.2050061481
        0.0000530424   0.0000117168   0.0000623762   0.0000668700   0.0001160367
        0.0001013795  -0.0002179782  -0.0009531887   0.0001823019  -0.0007327269
        0.0003542235  -0.0005274214   0.0007392084   0.0000410803  -0.0002494676
        0.0000615676  -0.0000841338  -0.0001926320   0.0014081320  -0.0007307028
        0.0001497668   0.1086794296  -0.0931261747   0.2271795996
