$hessian                                                                        
        0.0146680859   0.0118758191   0.0108013997  -0.0140664254  -0.0126333082
       -0.0134463378   0.0007368235  -0.0024127517  -0.0000998837   0.0004826371
        0.0021528628   0.0018511191  -0.0000812695  -0.0002213097   0.0000619961
       -0.0014010294  -0.0000834589  -0.0007307934   0.0005931657   0.0005389168
        0.0002126385   0.0000472405   0.0000036263  -0.0000613900   0.0000957194
        0.0001152895   0.0000794743   0.0000376213   0.0000465731   0.0001204662
        0.0000649194  -0.0000142439   0.0000969730  -0.0002109159  -0.0002241496
       -0.0000034099  -0.0004565628  -0.0002873971  -0.0000234575   0.0000814373
        0.0002797207   0.0000682136  -0.0005929923   0.0006439096   0.0004175587
        0.0000666019   0.0001139830   0.0001432219  -0.0001004325  -0.0000127127
        0.0001125412  -0.0000355747   0.0000307240   0.0001875054  -0.0000051972
        0.0000620215   0.0001737371   0.0000761479   0.0000258854   0.0000384275
        0.0118758191   0.0341959716   0.0234044245  -0.0117265441  -0.0283141520
       -0.0208860783  -0.0023051554  -0.0031567751  -0.0004828763   0.0030302995
       -0.0009931474   0.0004410420  -0.0005004500   0.0002241502  -0.0011291728
       -0.0003535131  -0.0012265856  -0.0012048461  -0.0003791748  -0.0001946130
        0.0000705463   0.0001679679  -0.0003720144  -0.0001486656  -0.0000157958
       -0.0000435591   0.0001272455   0.0000128957   0.0000569607  -0.0000068519
       -0.0000695398   0.0001425242  -0.0000656089   0.0000915923   0.0001630144
       -0.0001284443  -0.0003691045   0.0004225633  -0.0004480042   0.0000136366
       -0.0000946197  -0.0001822767   0.0003742834  -0.0010322031   0.0003468997
        0.0000618825  -0.0001473024   0.0003792216   0.0001380826  -0.0000873907
        0.0002487395   0.0000437169   0.0000707657   0.0000092226  -0.0000009051
        0.0001716697  -0.0002310933  -0.0000899939   0.0002147427  -0.0001134234
        0.0108013997   0.0234044245   0.0297537793  -0.0127915232  -0.0247511424
       -0.0344592514   0.0009327452   0.0024544152   0.0051721145   0.0017020435
       -0.0004112989   0.0017156070  -0.0001911343   0.0001502040  -0.0006386481
       -0.0009488864  -0.0004410746  -0.0009775847   0.0001383669   0.0000678426
        0.0001117463   0.0000628282  -0.0002279977  -0.0000888235  -0.0000376029
        0.0000297585  -0.0000126278   0.0000000291   0.0000171253  -0.0000032290
       -0.0000260525  -0.0000086186   0.0000497717  -0.0001081187  -0.0000197245
       -0.0000160523   0.0000158321  -0.0006317289  -0.0000158412  -0.0000279349
       -0.0000366134   0.0001894538   0.0004765721   0.0001646699  -0.0006564029
        0.0000440081   0.0000997358  -0.0000268611   0.0000288469   0.0000154486
       -0.0000193659  -0.0000030904   0.0000111444  -0.0000316263  -0.0000289578
        0.0000238888  -0.0000422071  -0.0000393706   0.0000895413  -0.0000039513
       -0.0140664254  -0.0117265441  -0.0127915232   0.0507826303   0.0100544868
        0.0153910523  -0.0090918340  -0.0058770064   0.0092581478  -0.0160349704
        0.0057929616  -0.0001069602  -0.0035288187   0.0015779929  -0.0050450202
       -0.0063499759  -0.0000271873  -0.0041854297  -0.0007969409  -0.0001574916
        0.0000938459   0.0003409801  -0.0003840472  -0.0003228245  -0.0002198153
       -0.0001166221  -0.0001809258  -0.0001084186  -0.0000527907  -0.0002680821
       -0.0002160006   0.0001705308   0.0000288694   0.0002574327   0.0002719748
        0.0000423940   0.0001369528   0.0007188925  -0.0005405018   0.0001362550
       -0.0002161457   0.0002403361  -0.0013248789  -0.0002750015  -0.0006934091
        0.0000689511   0.0000228616  -0.0000153655   0.0002509855   0.0000930995
       -0.0001875405   0.0000940601   0.0000199185  -0.0003782009  -0.0000168418
       -0.0000864211  -0.0003758333  -0.0003133271   0.0001965387   0.0000369712
       -0.0126333082  -0.0283141520  -0.0247511424   0.0100544868   0.0573734525
       -0.0041930624  -0.0054512646  -0.0226118216   0.0246080865   0.0053619207
       -0.0082935917   0.0001350129   0.0033295286  -0.0005657518   0.0020953587
       -0.0001205296   0.0023926916   0.0017784657  -0.0002365958  -0.0002140230
       -0.0004593757  -0.0003082174   0.0002602065   0.0000468992  -0.0000913489
        0.0001125411  -0.0001945599   0.0000047572  -0.0000267202  -0.0000097582
        0.0001375878  -0.0003675123   0.0001503163   0.0000829623  -0.0001816098
        0.0002983269   0.0009643730   0.0003323041   0.0009979818   0.0004159694
       -0.0000130965   0.0008257191  -0.0014753630   0.0006309555  -0.0008312826
       -0.0001251843   0.0002301364  -0.0006184005  -0.0001794686   0.0001912100
       -0.0004695332  -0.0000481244  -0.0001310877  -0.0000385280   0.0001005983
       -0.0003705666   0.0003807796   0.0002172207  -0.0004335645   0.0002486964
       -0.0134463378  -0.0208860783  -0.0344592514   0.0153910523  -0.0041930624
        0.0889561567   0.0065688283   0.0224659311  -0.0464700587   0.0011485584
       -0.0009499065  -0.0057774008  -0.0041177927   0.0018019376  -0.0003153490
       -0.0021491318   0.0010080019   0.0002146760  -0.0004891555   0.0000052994
       -0.0002928989   0.0001358915   0.0001468070   0.0000035703   0.0000519180
       -0.0000390223   0.0000569623  -0.0000170496  -0.0000301609  -0.0000071946
        0.0000267417   0.0000627489   0.0000005852   0.0003206334   0.0001737544
       -0.0002116238  -0.0017508800   0.0013678965  -0.0010774581  -0.0002516913
       -0.0003227522  -0.0006392542  -0.0014471586  -0.0003604894   0.0000396224
       -0.0000330694  -0.0001405830  -0.0000056222   0.0000252959  -0.0000423349
        0.0000707823   0.0000375329   0.0000019713   0.0000050432   0.0000671460
       -0.0000083275  -0.0000907385  -0.0000713318  -0.0000616306  -0.0000005483
        0.0007368235  -0.0023051554   0.0009327452  -0.0090918340  -0.0054512646
        0.0065688283   0.0092997604   0.0087943847  -0.0104440237  -0.0016448622
       -0.0005443058   0.0007552926  -0.0002609499  -0.0006062122   0.0003504550
        0.0003898761   0.0001633001   0.0003444729   0.0004945608  -0.0000780316
       -0.0000767944  -0.0002522902   0.0000969310   0.0001405320   0.0000404579
        0.0000852226   0.0001426444   0.0001136501  -0.0000331093   0.0000859332
        0.0000110659  -0.0001129504   0.0000049869  -0.0001107667  -0.0000555212
        0.0000892134   0.0001667473  -0.0000834478   0.0004721621   0.0000271616
       -0.0000068019   0.0003012815   0.0000597005   0.0002157209  -0.0000421103
        0.0000064255   0.0000310472   0.0000064939  -0.0000809312  -0.0000560258
        0.0000865910  -0.0000283403  -0.0000261229   0.0001766471   0.0000260955
        0.0000235673   0.0001589439   0.0000976494  -0.0000512249  -0.0000542949
       -0.0024127517  -0.0031567751   0.0024544152  -0.0058770064  -0.0226118216
        0.0224659311   0.0087943847   0.0252459704  -0.0239179383  -0.0009681836
        0.0012352360  -0.0013804405   0.0000602982  -0.0001255816   0.0005823903
        0.0002547300   0.0000244401   0.0003349030   0.0000956963   0.0000969343
       -0.0001344425   0.0000325975  -0.0000943193   0.0001173879   0.0000655405
       -0.0000035196   0.0001420222   0.0000032912   0.0000851569  -0.0000082845
       -0.0000138265   0.0001201582  -0.0001098618  -0.0000915581  -0.0000569277
       -0.0001722043  -0.0001488632  -0.0009535805  -0.0003509301  -0.0003190772
        0.0000356088  -0.0004191533   0.0005588935  -0.0000368463   0.0002026985
        0.0000514254  -0.0001615632   0.0002660010   0.0000107781  -0.0001172564
        0.0002302258  -0.0000251981   0.0000978303   0.0000225280  -0.0000562865
        0.0002277749  -0.0001727998  -0.0000148842   0.0001490812  -0.0001524480
       -0.0000998837  -0.0004828763   0.0051721145   0.0092581478   0.0246080865
       -0.0464700587  -0.0104440237  -0.0239179383   0.0414168898   0.0018101878
       -0.0000520917   0.0022635927  -0.0003899123   0.0001054677  -0.0015520771
       -0.0006078737  -0.0002693898  -0.0008274458   0.0000608145  -0.0000267793
        0.0002083829   0.0000359979  -0.0001276482  -0.0001081379  -0.0000356741
       -0.0000032949   0.0000027512  -0.0000119014   0.0000042567   0.0000497938
       -0.0000121209   0.0000324448   0.0000018449  -0.0000259981  -0.0000017469
       -0.0000260752   0.0005413260  -0.0001610131  -0.0001273274  -0.0000435664
       -0.0000590000   0.0002881923  -0.0000423780   0.0002102408  -0.0001985772
       -0.0000149998   0.0000369135  -0.0000249487   0.0000222661   0.0000242079
       -0.0000082945   0.0000262012   0.0000084556  -0.0000107718   0.0000092537
        0.0000006490  -0.0000286255  -0.0000358628   0.0000710561  -0.0000212223
        0.0004826371   0.0030302995   0.0017020435  -0.0160349704   0.0053619207
        0.0011485584  -0.0016448622  -0.0009681836   0.0018101878   0.2106528092
        0.0286008134   0.1100848890  -0.0549455100   0.0321095363  -0.0375184528
       -0.1062609090  -0.0495511030  -0.0520063919  -0.0303552574  -0.0101380885
       -0.0239098369  -0.0057160896   0.0024391650   0.0016132286  -0.0002177205
       -0.0019346373   0.0010542594   0.0002635629   0.0001124894  -0.0002257835
        0.0005359792  -0.0016263811  -0.0001883013   0.0011449296  -0.0020964029
       -0.0015005298   0.0100577031  -0.0030807120   0.0168316687  -0.0078765649
       -0.0005085851  -0.0170982637   0.0010634912  -0.0035551905  -0.0007496854
        0.0001726825   0.0004952956  -0.0002535224  -0.0005369901  -0.0001231034
       -0.0000376029  -0.0003057648   0.0002953519  -0.0004410060   0.0000167072
        0.0002165369  -0.0001295380  -0.0004958631   0.0009209787  -0.0001859205
        0.0021528628  -0.0009931474  -0.0004112989   0.0057929616  -0.0082935917
       -0.0009499065  -0.0005443058   0.0012352360  -0.0000520917   0.0286008134
        0.1707301053  -0.0119780094   0.0211524993  -0.0596019844   0.0558085701
       -0.0364309898  -0.0830262112  -0.0523943447  -0.0137110719  -0.0033088116
       -0.0014719632  -0.0014452946   0.0017439102   0.0000469205  -0.0005400882
       -0.0003519257   0.0001759141   0.0002519000   0.0000454007  -0.0001550906
       -0.0000123802  -0.0002860088   0.0006287660   0.0016956779  -0.0012512887
       -0.0004473478  -0.0008698768  -0.0015323241   0.0077749100   0.0147005767
       -0.0063761448   0.0291796708  -0.0211938089  -0.0102218781  -0.0259613755
        0.0001191457   0.0007504643  -0.0002556549  -0.0003317049   0.0002754768
       -0.0002284568  -0.0000471643   0.0002195786  -0.0000665628   0.0000972261
       -0.0001436726   0.0003580120   0.0005630220   0.0003868173   0.0003993393
        0.0018511191   0.0004410420   0.0017156070  -0.0001069602   0.0001350129
       -0.0057774008   0.0007552926  -0.0013804405   0.0022635927   0.1100848890
       -0.0119780094   0.3220232801  -0.0258114270   0.0633813303  -0.1877016374
       -0.0579075585  -0.0624903627  -0.0892304885   0.0010259109   0.0018607706
        0.0061898602  -0.0002808279   0.0009847917  -0.0002862260   0.0006585026
        0.0001683024   0.0003120465   0.0002503868   0.0003718942   0.0003886468
       -0.0004461242   0.0000186515  -0.0000118051   0.0012955440  -0.0020280499
        0.0000451902  -0.0140815629   0.0047751669  -0.0300289796  -0.0065831796
        0.0068882050  -0.0065480894  -0.0115809713  -0.0030508702  -0.0144716421
        0.0003382692   0.0005386507   0.0000192091  -0.0000029726   0.0000753410
        0.0000432083   0.0000722278   0.0000919366   0.0001930532   0.0000366344
        0.0000596662   0.0002737569   0.0004328078   0.0011369706   0.0005888179
       -0.0000812695  -0.0005004500  -0.0001911343  -0.0035288187   0.0033295286
       -0.0041177927  -0.0002609499   0.0000602982  -0.0003899123  -0.0549455100
        0.0211524993  -0.0258114270   0.4359194290  -0.0621509716  -0.1688250064
       -0.0692566335  -0.0764463392   0.0393947868  -0.0120827990  -0.0198274081
        0.0191304007  -0.0001457820   0.0007092058   0.0017893366  -0.0014398026
        0.0007330181  -0.0008887485   0.0002947821  -0.0003083597  -0.0001238210
       -0.0004685303   0.0007254548  -0.0007943394  -0.0003996724  -0.0012375449
       -0.0005489544  -0.1832169667   0.0148446528   0.1278604731  -0.1110511022
        0.1156845878   0.0189986469   0.0004438538   0.0043675184  -0.0072680324
        0.0001340404  -0.0002497744   0.0003578480  -0.0001204860  -0.0000454583
        0.0001345687   0.0001626162  -0.0002707348   0.0003876770   0.0000174355
       -0.0000447252   0.0001012373   0.0000261660  -0.0005249976   0.0008041933
       -0.0002213097   0.0002241502   0.0001502040   0.0015779929  -0.0005657518
        0.0018019376  -0.0006062122  -0.0001255816   0.0001054677   0.0321095363
       -0.0596019844   0.0633813303  -0.0621509716   0.5611909616  -0.1036915133
       -0.0853109129  -0.2203307565   0.0521518363  -0.0113774058  -0.0011360338
        0.0025966619   0.0008047907   0.0003312303   0.0010579220  -0.0005847221
        0.0001347154  -0.0000399282   0.0002995329   0.0001842482   0.0000365713
       -0.0008424360  -0.0001863516  -0.0002471974   0.0026044634  -0.0009905584
       -0.0017637035   0.0113990712  -0.0415304967  -0.0090799265   0.1146545155
       -0.2163036714  -0.0225482584  -0.0029099917  -0.0210951332   0.0163316288
        0.0000655339  -0.0002363395   0.0003623016   0.0001142296  -0.0000798867
        0.0001862792   0.0000760684  -0.0000692530   0.0000636533   0.0000333851
        0.0000771469  -0.0002965713   0.0002648421   0.0001093462  -0.0005586954
        0.0000619961  -0.0011291728  -0.0006386481  -0.0050450202   0.0020953587
       -0.0003153490   0.0003504550   0.0005823903  -0.0015520771  -0.0375184528
        0.0558085701  -0.1877016374  -0.1688250064  -0.1036915133   0.4174867811
        0.0541032424   0.0756783424  -0.0385827194   0.0003578530   0.0070519170
       -0.0077002254   0.0002007686  -0.0001463122  -0.0007127983   0.0004626650
       -0.0006876882   0.0003162769   0.0000461455   0.0001363711   0.0000142414
        0.0000381540  -0.0002430156   0.0005647026   0.0004942372   0.0007593469
       -0.0000273905   0.1373580076  -0.0098030265  -0.1471481697   0.0182760842
       -0.0178531975  -0.0386512825  -0.0007221927  -0.0082602520   0.0059561498
       -0.0001217314  -0.0001212966  -0.0001283569   0.0000088470  -0.0000840479
        0.0000316534  -0.0000897443   0.0000957314  -0.0001856399  -0.0000611077
        0.0000506314  -0.0001584586   0.0006248001  -0.0002391368  -0.0008670524
       -0.0014010294  -0.0003535131  -0.0009488864  -0.0063499759  -0.0001205296
       -0.0021491318   0.0003898761   0.0002547300  -0.0006078737  -0.1062609090
       -0.0364309898  -0.0579075585  -0.0692566335  -0.0853109129   0.0541032424
        0.4950361151   0.0482137540  -0.1061887991  -0.1859783462  -0.0007228134
        0.0580245596  -0.0284516045  -0.0128057769   0.0031051358   0.0012856554
       -0.0032208378  -0.0014548333  -0.0016384452   0.0001471861   0.0006185756
        0.0026186882   0.0011034645   0.0025174568  -0.0199753206   0.0100543357
        0.0134879010  -0.0118744945  -0.0159661605  -0.0035099570   0.0084169718
        0.0118342853   0.0025633894  -0.0764104711   0.0828861412   0.0388272036
        0.0004040256   0.0014138922   0.0003135557  -0.0004628546   0.0001535836
        0.0002862702   0.0001413579   0.0001910307  -0.0001604232  -0.0002390639
       -0.0002339210   0.0001752298   0.0000064581  -0.0010869482  -0.0010950568
       -0.0000834589  -0.0012265856  -0.0004410746  -0.0000271873   0.0023926916
        0.0010080019   0.0001633001   0.0000244401  -0.0002693898  -0.0495511030
       -0.0830262112  -0.0624903627  -0.0764463392  -0.2203307565   0.0756783424
        0.0482137540   0.6119168534   0.0813088056   0.0103752670  -0.0623267159
       -0.0057222254  -0.0220135001  -0.0046177779   0.0042754920  -0.0028810986
       -0.0002083123  -0.0045828026  -0.0007780818  -0.0004472933   0.0001524382
        0.0009976797   0.0002203653  -0.0065560390   0.0173158424   0.0027373219
       -0.0058080888   0.0003257869  -0.0009286748   0.0019301259  -0.0142845743
       -0.0218121339  -0.0023607044   0.0888848146  -0.2194001404  -0.0795065158
       -0.0010869127  -0.0009871870   0.0018756083  -0.0008502391  -0.0003087423
        0.0004128861   0.0002998217  -0.0006824756   0.0007963533   0.0010183130
       -0.0000152169  -0.0006713571   0.0004079158  -0.0009734487   0.0009705067
       -0.0007307934  -0.0012048461  -0.0009775847  -0.0041854297   0.0017784657
        0.0002146760   0.0003444729   0.0003349030  -0.0008274458  -0.0520063919
       -0.0523943447  -0.0892304885   0.0393947868   0.0521518363  -0.0385827194
       -0.1061887991   0.0813088056   0.2816855362   0.0570120510  -0.0048450946
       -0.0767991700  -0.0046927500  -0.0004085997   0.0043358480  -0.0008395788
       -0.0040986170   0.0039261528   0.0002421907  -0.0001278936  -0.0004716836
        0.0017027270  -0.0059882516   0.0014356583   0.0212317675  -0.0016620584
       -0.0101319066   0.0120660411   0.0152540314  -0.0000626731  -0.0029292170
        0.0007539443  -0.0022017836   0.0418704583  -0.0832874920  -0.0685478036
       -0.0018493783   0.0008050482  -0.0011796615  -0.0005414205  -0.0000612571
       -0.0000913157  -0.0004803235   0.0007057209  -0.0010188011   0.0009631466
       -0.0001552316  -0.0003526663  -0.0003835597   0.0011409310  -0.0011221680
        0.0005931657  -0.0003791748   0.0001383669  -0.0007969409  -0.0002365958
       -0.0004891555   0.0004945608   0.0000956963   0.0000608145  -0.0303552574
       -0.0137110719   0.0010259109  -0.0120827990  -0.0113774058   0.0003578530
       -0.1859783462   0.0103752670   0.0570120510   0.5722841681   0.0874909584
       -0.0988305010  -0.1664243164  -0.1282756353  -0.0576366328  -0.0476761106
       -0.0177085181   0.0043620057   0.0024955699  -0.0071601782  -0.0086515445
       -0.0161825287   0.0213467429   0.0228771437  -0.1097550391   0.0653723862
        0.0748145137  -0.0001451037   0.0006586996  -0.0000168075   0.0007679221
        0.0003483863  -0.0001652361  -0.0101968635   0.0019336698   0.0075940881
        0.0054970776   0.0059005421   0.0027888778  -0.0046636633  -0.0014617365
        0.0034272501   0.0008442467   0.0000245086  -0.0004397822  -0.0046265365
       -0.0012375437   0.0036860949   0.0059067942  -0.0119989969  -0.0119153108
        0.0005389168  -0.0001946130   0.0000678426  -0.0001574916  -0.0002140230
        0.0000052994  -0.0000780316   0.0000969343  -0.0000267793  -0.0101380885
       -0.0033088116   0.0018607706  -0.0198274081  -0.0011360338   0.0070519170
       -0.0007228134  -0.0623267159  -0.0048450946   0.0874909584   0.4788152826
        0.2284435616  -0.0749252371  -0.1942323358  -0.0838818787  -0.0613551308
        0.0143734698   0.0341571415  -0.0072662175  -0.0456483402  -0.0282501287
        0.0664445999   0.0219722402  -0.0070597345   0.0124213753  -0.1789433207
       -0.1063181679  -0.0018449421  -0.0021852987  -0.0008564378  -0.0002604572
        0.0004990806   0.0007417218   0.0188721041  -0.0008880415  -0.0089040130
       -0.0108197136  -0.0166436379  -0.0101388618  -0.0011322922   0.0037829607
       -0.0031645262  -0.0001256905  -0.0003824796  -0.0005181754  -0.0017578755
        0.0037298198  -0.0027817823   0.0046434354  -0.0171661364  -0.0155826744
        0.0002126385   0.0000705463   0.0001117463   0.0000938459  -0.0004593757
       -0.0002928989  -0.0000767944  -0.0001344425   0.0002083829  -0.0239098369
       -0.0014719632   0.0061898602   0.0191304007   0.0025966619  -0.0077002254
        0.0580245596  -0.0057222254  -0.0767991700  -0.0988305010   0.2284435616
        0.3554561043  -0.0154598261  -0.0645498934  -0.0921215869  -0.0304410509
        0.0175592757   0.0249665097  -0.0090095315  -0.0279091934  -0.0248243718
        0.0575116357   0.0086802314  -0.0142218509   0.0326798752  -0.1252769469
       -0.1614991207   0.0018004140   0.0023604340   0.0009119767  -0.0007938662
       -0.0011341047  -0.0001948153   0.0100808094  -0.0010348818  -0.0045176603
       -0.0099052427  -0.0157135158  -0.0077038043   0.0037288058  -0.0028935827
        0.0044989207  -0.0003277924  -0.0003978507  -0.0001079627   0.0035264877
       -0.0030684159   0.0045256095   0.0019649698  -0.0099443188  -0.0068856434
        0.0000472405   0.0001679679   0.0000628282   0.0003409801  -0.0003082174
        0.0001358915  -0.0002522902   0.0000325975   0.0000359979  -0.0057160896
       -0.0014452946  -0.0002808279  -0.0001457820   0.0008047907   0.0002007686
       -0.0284516045  -0.0220135001  -0.0046927500  -0.1664243164  -0.0749252371
       -0.0154598261   0.6081004528   0.0768632488  -0.1169168315  -0.2967145651
       -0.0457236415   0.0531915953  -0.0151611317   0.0668283917   0.0579517880
       -0.0534399900  -0.0261383494  -0.0026408731   0.0495187863  -0.0268307439
       -0.0382462050   0.0001094061  -0.0003255577  -0.0003100794  -0.0001883630
       -0.0000834108   0.0000253473   0.0006260964  -0.0014294022  -0.0010199421
       -0.0730219513   0.0569878519   0.0570172131  -0.0200284971  -0.0032286497
        0.0051337793   0.0007697193   0.0004021764   0.0029670901  -0.0004412687
       -0.0004235225  -0.0003320433   0.0004731680   0.0007885020   0.0031770790
        0.0000036263  -0.0003720144  -0.0002279977  -0.0003840472   0.0002602065
        0.0001468070   0.0000969310  -0.0000943193  -0.0001276482   0.0024391650
        0.0017439102   0.0009847917   0.0007092058   0.0003312303  -0.0001463122
       -0.0128057769  -0.0046177779  -0.0004085997  -0.1282756353  -0.1942323358
       -0.0645498934   0.0768632488   0.4662231682   0.2395233210   0.0130383344
       -0.0799883739  -0.0297335337   0.0220332539   0.0219467518   0.0082143128
       -0.0255889586  -0.0128162197   0.0037456983   0.0140864367  -0.0410902586
       -0.0379558950   0.0001809323   0.0000395511   0.0000238131  -0.0000336568
       -0.0000666147   0.0000569298   0.0015468213   0.0007550774  -0.0000559583
        0.0564756520  -0.1567518611  -0.1135885727  -0.0210229994  -0.0019498962
        0.0056185990   0.0007145463   0.0002833460  -0.0061385974  -0.0004197634
        0.0002687740   0.0005132566   0.0003426839   0.0001276564  -0.0058945209
       -0.0000613900  -0.0001486656  -0.0000888235  -0.0003228245   0.0000468992
        0.0000035703   0.0001405320   0.0001173879  -0.0001081379   0.0016132286
        0.0000469205  -0.0002862260   0.0017893366   0.0010579220  -0.0007127983
        0.0031051358   0.0042754920   0.0043358480  -0.0576366328  -0.0838818787
       -0.0921215869  -0.1169168315   0.2395233210   0.3446652235   0.0990665017
       -0.0079947691  -0.0904434690   0.0230833266  -0.0079224831  -0.0132561313
       -0.0027960320   0.0035710171  -0.0017002723  -0.0060929029  -0.0233690389
       -0.0148029327   0.0001653724   0.0001539298   0.0000082351   0.0000025320
       -0.0001422678  -0.0001877610   0.0011580866   0.0011173209   0.0000492874
        0.0567611034  -0.1139140564  -0.1426381099  -0.0088558049  -0.0008655415
        0.0031971932   0.0031815995  -0.0061125350   0.0020415084  -0.0002330950
        0.0005254488   0.0003158533   0.0028487584  -0.0060844230   0.0017295296
        0.0000957194  -0.0000157958  -0.0000376029  -0.0002198153  -0.0000913489
        0.0000519180   0.0000404579   0.0000655405  -0.0000356741  -0.0002177205
       -0.0005400882   0.0006585026  -0.0014398026  -0.0005847221   0.0004626650
        0.0012856554  -0.0028810986  -0.0008395788  -0.0476761106  -0.0613551308
       -0.0304410509  -0.2967145651   0.0130383344   0.0990665017   0.6066193744
        0.0970523163  -0.0998847948  -0.1186625675   0.0137918783   0.0364452393
        0.0526980105   0.0161047692  -0.0064585476  -0.0353926736   0.0203181755
        0.0267178724  -0.0002706761  -0.0000648071  -0.0000542100   0.0000745559
        0.0002337201  -0.0000658111   0.0002221688   0.0000529883  -0.0001033528
       -0.0113454225   0.0011133603   0.0052044069  -0.1360407679  -0.1110401223
       -0.0500640087  -0.0121523203   0.0187386679   0.0192624913  -0.0009111915
       -0.0044324738  -0.0002763142   0.0000076912   0.0004958369   0.0003913486
        0.0001152895  -0.0000435591   0.0000297585  -0.0001166221   0.0001125411
       -0.0000390223   0.0000852226  -0.0000035196  -0.0000032949  -0.0019346373
       -0.0003519257   0.0001683024   0.0007330181   0.0001347154  -0.0006876882
       -0.0032208378  -0.0002083123  -0.0040986170  -0.0177085181   0.0143734698
        0.0175592757  -0.0457236415  -0.0799883739  -0.0079947691   0.0970523163
        0.4717140047   0.2392777709   0.0735462466  -0.1832495331  -0.1318137333
       -0.0286214107  -0.0428292980  -0.0240273817   0.0206558277  -0.0088378981
       -0.0103303250   0.0001305929   0.0001799979   0.0000500072  -0.0000544261
       -0.0000555244   0.0000016501  -0.0001712828  -0.0000124424   0.0000198489
        0.0189471882  -0.0000287598  -0.0073508341  -0.1109090634  -0.1713833799
       -0.0656745498   0.0007637963   0.0003046215  -0.0004120024  -0.0040577127
       -0.0001821557  -0.0048450132   0.0004886546   0.0003553319   0.0001706172
        0.0000794743   0.0001272455  -0.0000126278  -0.0001809258  -0.0001945599
        0.0000569623   0.0001426444   0.0001420222   0.0000027512   0.0010542594
        0.0001759141   0.0003120465  -0.0008887485  -0.0000399282   0.0003162769
       -0.0014548333  -0.0045828026   0.0039261528   0.0043620057   0.0341571415
        0.0249665097   0.0531915953  -0.0297335337  -0.0904434690  -0.0998847948
        0.2392777709   0.3427270684   0.0829651169  -0.1098657892  -0.1655080808
       -0.0410738719  -0.0403373212  -0.0150829616   0.0269856978  -0.0101230450
       -0.0230044638  -0.0000454413  -0.0001782549  -0.0000923790  -0.0000592812
       -0.0000611021   0.0000475401  -0.0000314766  -0.0003797036  -0.0002903302
        0.0191353538  -0.0010451201  -0.0069462234  -0.0498805242  -0.0657696284
       -0.0681742825   0.0052616782  -0.0071047964  -0.0067269963   0.0000057397
       -0.0047137549   0.0041394915   0.0003163322   0.0002492461  -0.0002129850
        0.0000376213   0.0000128957   0.0000000291  -0.0001084186   0.0000047572
       -0.0000170496   0.0001136501   0.0000032912  -0.0000119014   0.0002635629
        0.0002519000   0.0002503868   0.0002947821   0.0002995329   0.0000461455
       -0.0016384452  -0.0007780818   0.0002421907   0.0024955699  -0.0072662175
       -0.0090095315  -0.0151611317   0.0220332539   0.0230833266  -0.1186625675
        0.0735462466   0.0829651169   0.6233988850   0.0833815728  -0.1180494563
       -0.1755515481  -0.1338443192  -0.0594433317  -0.0473550774  -0.0176363978
        0.0039165824  -0.0000751723  -0.0000057603  -0.0000210813  -0.0000150384
        0.0000554791  -0.0001009534   0.0001451388   0.0000042229  -0.0001098533
       -0.0047084032  -0.0011607404   0.0036473745   0.0052983484  -0.0124105661
       -0.0113294161  -0.2697506929  -0.0110381754   0.0773187272   0.0055131323
        0.0061619526   0.0031360826  -0.0045341954  -0.0016148463   0.0034866123
        0.0000465731   0.0000569607   0.0000171253  -0.0000527907  -0.0000267202
       -0.0000301609  -0.0000331093   0.0000851569   0.0000042567   0.0001124894
        0.0000454007   0.0003718942  -0.0003083597   0.0001842482   0.0001363711
        0.0001471861  -0.0004472933  -0.0001278936  -0.0071601782  -0.0456483402
       -0.0279091934   0.0668283917   0.0219467518  -0.0079224831   0.0137918783
       -0.1832495331  -0.1098657892   0.0833815728   0.4514226249   0.2299156817
       -0.0742829693  -0.1924470578  -0.0860807822  -0.0623058715   0.0148907033
        0.0334204762  -0.0001931340  -0.0000122832   0.0000027798   0.0000678292
        0.0001624526  -0.0000611793  -0.0000188364   0.0002277722  -0.0000098896
       -0.0015891222   0.0036155003  -0.0028969824   0.0055157434  -0.0165056140
       -0.0155796325  -0.0110462281  -0.0414707499  -0.0012139498  -0.0117644115
       -0.0164702246  -0.0091988407  -0.0011366530   0.0036402447  -0.0029718082
        0.0001204662  -0.0000068519  -0.0000032290  -0.0002680821  -0.0000097582
       -0.0000071946   0.0000859332  -0.0000082845   0.0000497938  -0.0002257835
       -0.0001550906   0.0003886468  -0.0001238210   0.0000365713   0.0000142414
        0.0006185756   0.0001524382  -0.0004716836  -0.0086515445  -0.0282501287
       -0.0248243718   0.0579517880   0.0082143128  -0.0132561313   0.0364452393
       -0.1318137333  -0.1655080808  -0.1180494563   0.2299156817   0.3432654441
       -0.0126270025  -0.0638591903  -0.0955268890  -0.0310795212   0.0172759414
        0.0260057631  -0.0000983944   0.0000093895   0.0000459640   0.0000848441
        0.0001291637  -0.0000171305  -0.0001134992   0.0001393068   0.0000572973
        0.0033355219  -0.0029244599   0.0045118616   0.0026310160  -0.0088981797
       -0.0072887317   0.0772774047  -0.0011380164  -0.0641792129  -0.0110484803
       -0.0158831984  -0.0076698820   0.0037347960  -0.0029259135   0.0044135252
        0.0000649194  -0.0000695398  -0.0000260525  -0.0002160006   0.0001375878
        0.0000267417   0.0000110659  -0.0000138265  -0.0000121209   0.0005359792
       -0.0000123802  -0.0004461242  -0.0004685303  -0.0008424360   0.0000381540
        0.0026186882   0.0009976797   0.0017027270  -0.0161825287   0.0664445999
        0.0575116357  -0.0534399900  -0.0255889586  -0.0027960320   0.0526980105
       -0.0286214107  -0.0410738719  -0.1755515481  -0.0742829693  -0.0126270025
        0.5994366395   0.0772155063  -0.1157128437  -0.2975344468  -0.0469585007
        0.0561056329   0.0001715354  -0.0000040716   0.0000066850  -0.0002557480
       -0.0001543000   0.0000073877  -0.0001060409  -0.0003034056   0.0002546150
       -0.0003247375  -0.0004118906  -0.0001988154   0.0009714294   0.0006880205
        0.0031672035  -0.0203599853  -0.0204737341  -0.0084530964  -0.0721923849
        0.0553652690   0.0573434229  -0.0198763264  -0.0031112395   0.0051817539
       -0.0000142439   0.0001425242  -0.0000086186   0.0001705308  -0.0003675123
        0.0000627489  -0.0001129504   0.0001201582   0.0000324448  -0.0016263811
       -0.0002860088   0.0000186515   0.0007254548  -0.0001863516  -0.0002430156
        0.0011034645   0.0002203653  -0.0059882516   0.0213467429   0.0219722402
        0.0086802314  -0.0261383494  -0.0128162197   0.0035710171   0.0161047692
       -0.0428292980  -0.0403373212  -0.1338443192  -0.1924470578  -0.0638591903
        0.0772155063   0.4639103427   0.2436762276   0.0123538429  -0.0792898294
       -0.0291731339   0.0001410959   0.0002314182   0.0000677512  -0.0000182751
       -0.0000747378  -0.0002098252   0.0006594933  -0.0001160852  -0.0001605640
       -0.0003518983   0.0002487432   0.0004257118   0.0003965535   0.0002294809
       -0.0060751272  -0.0025252416  -0.0013719337  -0.0006728645   0.0552862621
       -0.1553179706  -0.1156174913  -0.0208720572  -0.0019722681   0.0058106191
        0.0000969730  -0.0000656089   0.0000497717   0.0000288694   0.0001503163
        0.0000005852   0.0000049869  -0.0001098618   0.0000018449  -0.0001883013
        0.0006287660  -0.0000118051  -0.0007943394  -0.0002471974   0.0005647026
        0.0025174568  -0.0065560390   0.0014356583   0.0228771437  -0.0070597345
       -0.0142218509  -0.0026408731   0.0037456983  -0.0017002723  -0.0064585476
       -0.0240273817  -0.0150829616  -0.0594433317  -0.0860807822  -0.0955268890
       -0.1157128437   0.2436762276   0.3549375997   0.1019045093  -0.0075209505
       -0.0909799868  -0.0001326145  -0.0002218268  -0.0000324100  -0.0000110084
        0.0001254928  -0.0000563950   0.0011778360  -0.0000559925  -0.0005556803
       -0.0002193297   0.0004729997   0.0002435515   0.0028284058  -0.0062776191
        0.0020438143   0.0056709932   0.0059244356   0.0031683474   0.0573351713
       -0.1155408126  -0.1475548871  -0.0088411560  -0.0009601296   0.0032772624
       -0.0002109159   0.0000915923  -0.0001081187   0.0002574327   0.0000829623
        0.0003206334  -0.0001107667  -0.0000915581  -0.0000259981   0.0011449296
        0.0016956779   0.0012955440  -0.0003996724   0.0026044634   0.0004942372
       -0.0199753206   0.0173158424   0.0212317675  -0.1097550391   0.0124213753
        0.0326798752   0.0495187863   0.0140864367  -0.0060929029  -0.0353926736
        0.0206558277   0.0269856978  -0.0473550774  -0.0623058715  -0.0310795212
       -0.2975344468   0.0123538429   0.1019045093   0.6139544049   0.0983690872
       -0.1054966436  -0.0001793398  -0.0005396465  -0.0002110826   0.0002079229
        0.0002394889   0.0002678560  -0.0043871503  -0.0001882547   0.0021604398
       -0.0011670160  -0.0042778203  -0.0001178010  -0.0000485706   0.0006564268
        0.0003971591  -0.0010610941  -0.0040826137   0.0000876416  -0.0117189337
        0.0011161591   0.0054486577  -0.1357874594  -0.1102034182  -0.0501419506
       -0.0002241496   0.0001630144  -0.0000197245   0.0002719748  -0.0001816098
        0.0001737544  -0.0000555212  -0.0000569277  -0.0000017469  -0.0020964029
       -0.0012512887  -0.0020280499  -0.0012375449  -0.0009905584   0.0007593469
        0.0100543357   0.0027373219  -0.0016620584   0.0653723862  -0.1789433207
       -0.1252769469  -0.0268307439  -0.0410902586  -0.0233690389   0.0203181755
       -0.0088378981  -0.0101230450  -0.0176363978   0.0148907033   0.0172759414
       -0.0469585007  -0.0792898294  -0.0075209505   0.0983690872   0.4611415462
        0.2345137945  -0.0000225020  -0.0000776004  -0.0001826698  -0.0001391564
       -0.0000648466   0.0003996985  -0.0003276209   0.0000178796  -0.0001133717
       -0.0038205195  -0.0003527432  -0.0047029668   0.0006016575   0.0003268131
        0.0002146756  -0.0043098164  -0.0000603600  -0.0045979268   0.0188807283
       -0.0001053273  -0.0075068893  -0.1102094690  -0.1679747096  -0.0662318258
       -0.0000034099  -0.0001284443  -0.0000160523   0.0000423940   0.0002983269
       -0.0002116238   0.0000892134  -0.0001722043  -0.0000260752  -0.0015005298
       -0.0004473478   0.0000451902  -0.0005489544  -0.0017637035  -0.0000273905
        0.0134879010  -0.0058080888  -0.0101319066   0.0748145137  -0.1063181679
       -0.1614991207  -0.0382462050  -0.0379558950  -0.0148029327   0.0267178724
       -0.0103303250  -0.0230044638   0.0039165824   0.0334204762   0.0260057631
        0.0561056329  -0.0291731339  -0.0909799868  -0.1054966436   0.2345137945
        0.3420180135   0.0002470213  -0.0000585401   0.0000585569  -0.0002438516
       -0.0005251416   0.0003502290   0.0010662560  -0.0002163405   0.0005315027
        0.0001300965  -0.0043945494   0.0039306254   0.0004116885   0.0001524843
       -0.0001563972  -0.0001853490  -0.0046716623   0.0041079196   0.0193569674
       -0.0009598190  -0.0073070740  -0.0501611961  -0.0654617185  -0.0688847768
       -0.0004565628  -0.0003691045   0.0000158321   0.0001369528   0.0009643730
       -0.0017508800   0.0001667473  -0.0001488632   0.0005413260   0.0100577031
       -0.0008698768  -0.0140815629  -0.1832169667   0.0113990712   0.1373580076
       -0.0118744945   0.0003257869   0.0120660411  -0.0001451037  -0.0018449421
        0.0018004140   0.0001094061   0.0001809323   0.0001653724  -0.0002706761
        0.0001305929  -0.0000454413  -0.0000751723  -0.0001931340  -0.0000983944
        0.0001715354   0.0001410959  -0.0001326145  -0.0001793398  -0.0000225020
        0.0002470213   0.1956510429  -0.0121979186  -0.1443307401  -0.0103876625
        0.0021882496   0.0090739929   0.0003487520   0.0005925753  -0.0007042966
       -0.0000341264  -0.0000536959   0.0000495398  -0.0000177787   0.0000248772
        0.0000021577   0.0000238569  -0.0000290447   0.0000237734   0.0000232768
       -0.0000449942  -0.0000125450  -0.0000313897  -0.0001734784  -0.0001870034
       -0.0002873971   0.0004225633  -0.0006317289   0.0007188925   0.0003323041
        0.0013678965  -0.0000834478  -0.0009535805  -0.0001610131  -0.0030807120
       -0.0015323241   0.0047751669   0.0148446528  -0.0415304967  -0.0098030265
       -0.0159661605  -0.0009286748   0.0152540314   0.0006586996  -0.0021852987
        0.0023604340  -0.0003255577   0.0000395511   0.0001539298  -0.0000648071
        0.0001799979  -0.0001782549  -0.0000057603  -0.0000122832   0.0000093895
       -0.0000040716   0.0002314182  -0.0002218268  -0.0005396465  -0.0000776004
       -0.0000585401  -0.0121979186   0.0477436032   0.0012823297   0.0173212899
       -0.0018477381  -0.0145946652  -0.0010636495   0.0001173380   0.0000557972
        0.0000334192  -0.0000168235   0.0001064898  -0.0000329227   0.0000181706
       -0.0000018028   0.0000246374  -0.0000072272   0.0000525527   0.0000016671
        0.0000144850   0.0000196352   0.0000487930  -0.0000073840   0.0002132057
       -0.0000234575  -0.0004480042  -0.0000158412  -0.0005405018   0.0009979818
       -0.0010774581   0.0004721621  -0.0003509301  -0.0001273274   0.0168316687
        0.0077749100  -0.0300289796   0.1278604731  -0.0090799265  -0.1471481697
       -0.0035099570   0.0019301259  -0.0000626731  -0.0000168075  -0.0008564378
        0.0009119767  -0.0003100794   0.0000238131   0.0000082351  -0.0000542100
        0.0000500072  -0.0000923790  -0.0000210813   0.0000027798   0.0000459640
        0.0000066850   0.0000677512  -0.0000324100  -0.0002110826  -0.0001826698
        0.0000585569  -0.1443307401   0.0012823297   0.1778521921   0.0038353206
       -0.0015310234  -0.0003726455   0.0000727880   0.0002444997  -0.0000765088
        0.0000120735   0.0000279343  -0.0000042120  -0.0000414873   0.0000146916
       -0.0000278807   0.0000058364  -0.0000180016   0.0000241413  -0.0000099669
       -0.0000305842   0.0000594616  -0.0000276360   0.0000807535   0.0001059573
        0.0000814373   0.0000136366  -0.0000279349   0.0001362550   0.0004159694
       -0.0002516913   0.0000271616  -0.0003190772  -0.0000435664  -0.0078765649
        0.0147005767  -0.0065831796  -0.1110511022   0.1146545155   0.0182760842
        0.0084169718  -0.0142845743  -0.0029292170   0.0007679221  -0.0002604572
       -0.0007938662  -0.0001883630  -0.0000336568   0.0000025320   0.0000745559
       -0.0000544261  -0.0000592812  -0.0000150384   0.0000678292   0.0000848441
       -0.0002557480  -0.0000182751  -0.0000110084   0.0002079229  -0.0001391564
       -0.0002438516  -0.0103876625   0.0173212899   0.0038353206   0.1201667890
       -0.1298001945  -0.0139433300  -0.0003157192  -0.0023931991   0.0022828723
        0.0000237982   0.0000763635   0.0000281337   0.0000026600   0.0000267697
       -0.0000138643   0.0000187133   0.0000038660   0.0000154050   0.0000011792
        0.0000035437   0.0000212016   0.0001648320   0.0000186565   0.0003543974
        0.0002797207  -0.0000946197  -0.0000366134  -0.0002161457  -0.0000130965
       -0.0003227522  -0.0000068019   0.0000356088  -0.0000590000  -0.0005085851
       -0.0063761448   0.0068882050   0.1156845878  -0.2163036714  -0.0178531975
        0.0118342853  -0.0218121339   0.0007539443   0.0003483863   0.0004990806
       -0.0011341047  -0.0000834108  -0.0000666147  -0.0001422678   0.0002337201
       -0.0000555244  -0.0000611021   0.0000554791   0.0001624526   0.0001291637
       -0.0001543000  -0.0000747378   0.0001254928   0.0002394889  -0.0000648466
       -0.0005251416   0.0021882496  -0.0018477381  -0.0015310234  -0.1298001945
        0.2470073679   0.0100919459  -0.0002425581  -0.0014813200   0.0031836744
        0.0000886881   0.0000926184   0.0000572329   0.0000369097   0.0000072725
       -0.0000039393   0.0000332431   0.0000210645  -0.0000025614   0.0000667900
       -0.0000038508  -0.0000100562  -0.0000775526   0.0003688335   0.0004521006
        0.0000682136  -0.0001822767   0.0001894538   0.0002403361   0.0008257191
       -0.0006392542   0.0003012815  -0.0004191533   0.0002881923  -0.0170982637
        0.0291796708  -0.0065480894   0.0189986469  -0.0225482584  -0.0386512825
        0.0025633894  -0.0023607044  -0.0022017836  -0.0001652361   0.0007417218
       -0.0001948153   0.0000253473   0.0000569298  -0.0001877610  -0.0000658111
        0.0000016501   0.0000475401  -0.0001009534  -0.0000611793  -0.0000171305
        0.0000073877  -0.0002098252  -0.0000563950   0.0002678560   0.0003996985
        0.0003502290   0.0090739929  -0.0145946652  -0.0003726455  -0.0139433300
        0.0100919459   0.0482315177  -0.0003180634  -0.0008959806   0.0007959642
        0.0000014399  -0.0000071752  -0.0000806161  -0.0000297128  -0.0000042038
       -0.0000617333  -0.0000578178  -0.0000194731  -0.0000425030  -0.0000028877
       -0.0000382684   0.0000316428   0.0002341846   0.0000438278  -0.0008805305
       -0.0005929923   0.0003742834   0.0004765721  -0.0013248789  -0.0014753630
       -0.0014471586   0.0000597005   0.0005588935  -0.0000423780   0.0010634912
       -0.0211938089  -0.0115809713   0.0004438538  -0.0029099917  -0.0007221927
       -0.0764104711   0.0888848146   0.0418704583  -0.0101968635   0.0188721041
        0.0100808094   0.0006260964   0.0015468213   0.0011580866   0.0002221688
       -0.0001712828  -0.0000314766   0.0001451388  -0.0000188364  -0.0001134992
       -0.0001060409   0.0006594933   0.0011778360  -0.0043871503  -0.0003276209
        0.0010662560   0.0003487520  -0.0010636495   0.0000727880  -0.0003157192
       -0.0002425581  -0.0003180634   0.0914935324  -0.0822295264  -0.0406919136
       -0.0007857705  -0.0008907738  -0.0005424859   0.0000998456  -0.0000093998
       -0.0000172919   0.0000498526  -0.0000372834  -0.0001222483  -0.0003404782
       -0.0000652953   0.0000655064  -0.0000920672  -0.0002610202  -0.0003386332
        0.0006439096  -0.0010322031   0.0001646699  -0.0002750015   0.0006309555
       -0.0003604894   0.0002157209  -0.0000368463   0.0002102408  -0.0035551905
       -0.0102218781  -0.0030508702   0.0043675184  -0.0210951332  -0.0082602520
        0.0828861412  -0.2194001404  -0.0832874920   0.0019336698  -0.0008880415
       -0.0010348818  -0.0014294022   0.0007550774   0.0011173209   0.0000529883
       -0.0000124424  -0.0003797036   0.0000042229   0.0002277722   0.0001393068
       -0.0003034056  -0.0001160852  -0.0000559925  -0.0001882547   0.0000178796
       -0.0002163405   0.0005925753   0.0001173380   0.0002444997  -0.0023931991
       -0.0014813200  -0.0008959806  -0.0822295264   0.2523900748   0.0952495206
       -0.0001187143   0.0000568383   0.0000623033  -0.0001291357   0.0000026182
        0.0000003715  -0.0000041108  -0.0000179223   0.0000556135  -0.0000119547
       -0.0000155364   0.0001104629  -0.0000588510   0.0001189949   0.0001876928
        0.0004175587   0.0003468997  -0.0006564029  -0.0006934091  -0.0008312826
        0.0000396224  -0.0000421103   0.0002026985  -0.0001985772  -0.0007496854
       -0.0259613755  -0.0144716421  -0.0072680324   0.0163316288   0.0059561498
        0.0388272036  -0.0795065158  -0.0685478036   0.0075940881  -0.0089040130
       -0.0045176603  -0.0010199421  -0.0000559583   0.0000492874  -0.0001033528
        0.0000198489  -0.0002903302  -0.0001098533  -0.0000098896   0.0000572973
        0.0002546150  -0.0001605640  -0.0005556803   0.0021604398  -0.0001133717
        0.0005315027  -0.0007042966   0.0000557972  -0.0000765088   0.0022828723
        0.0031836744   0.0007959642  -0.0406919136   0.0952495206   0.0814340186
       -0.0000741050  -0.0000374008   0.0003572085  -0.0000588273  -0.0000333162
        0.0000660251   0.0000102589  -0.0000332684   0.0000701061   0.0001009333
        0.0000872585  -0.0001487406  -0.0001324418   0.0001696293   0.0001061637
        0.0000666019   0.0000618825   0.0000440081   0.0000689511  -0.0001251843
       -0.0000330694   0.0000064255   0.0000514254  -0.0000149998   0.0001726825
        0.0001191457   0.0003382692   0.0001340404   0.0000655339  -0.0001217314
        0.0004040256  -0.0010869127  -0.0018493783   0.0054970776  -0.0108197136
       -0.0099052427  -0.0730219513   0.0564756520   0.0567611034  -0.0113454225
        0.0189471882   0.0191353538  -0.0047084032  -0.0015891222   0.0033355219
       -0.0003247375  -0.0003518983  -0.0002193297  -0.0011670160  -0.0038205195
        0.0001300965  -0.0000341264   0.0000334192   0.0000120735   0.0000237982
        0.0000886881   0.0000014399  -0.0007857705  -0.0001187143  -0.0000741050
        0.0850384115  -0.0597120809  -0.0673451325   0.0004287675   0.0011716813
       -0.0001968194  -0.0005821693   0.0010275359   0.0009654850  -0.0000891454
        0.0003037403  -0.0003735924   0.0002179604  -0.0007217466  -0.0005899506
        0.0001139830  -0.0001473024   0.0000997358   0.0000228616   0.0002301364
       -0.0001405830   0.0000310472  -0.0001615632   0.0000369135   0.0004952956
        0.0007504643   0.0005386507  -0.0002497744  -0.0002363395  -0.0001212966
        0.0014138922  -0.0009871870   0.0008050482   0.0059005421  -0.0166436379
       -0.0157135158   0.0569878519  -0.1567518611  -0.1139140564   0.0011133603
       -0.0000287598  -0.0010451201  -0.0011607404   0.0036155003  -0.0029244599
       -0.0004118906   0.0002487432   0.0004729997  -0.0042778203  -0.0003527432
       -0.0043945494  -0.0000536959  -0.0000168235   0.0000279343   0.0000763635
        0.0000926184  -0.0000071752  -0.0008907738   0.0000568383  -0.0000374008
       -0.0597120809   0.1719091423   0.1344285855  -0.0000334826  -0.0002313732
        0.0018164240  -0.0000820140  -0.0000461092   0.0000306122   0.0002716360
       -0.0005161354   0.0008680557   0.0004454394  -0.0007836078  -0.0008268026
        0.0001432219   0.0003792216  -0.0000268611  -0.0000153655  -0.0006184005
       -0.0000056222   0.0000064939   0.0002660010  -0.0000249487  -0.0002535224
       -0.0002556549   0.0000192091   0.0003578480   0.0003623016  -0.0001283569
        0.0003135557   0.0018756083  -0.0011796615   0.0027888778  -0.0101388618
       -0.0077038043   0.0570172131  -0.1135885727  -0.1426381099   0.0052044069
       -0.0073508341  -0.0069462234   0.0036473745  -0.0028969824   0.0045118616
       -0.0001988154   0.0004257118   0.0002435515  -0.0001178010  -0.0047029668
        0.0039306254   0.0000495398   0.0001064898  -0.0000042120   0.0000281337
        0.0000572329  -0.0000806161  -0.0005424859   0.0000623033   0.0003572085
       -0.0673451325   0.1344285855   0.1524274308  -0.0011124714   0.0014336499
       -0.0011097316   0.0001339776  -0.0003696953  -0.0003355310  -0.0003962728
        0.0008810671  -0.0009432127   0.0002912239  -0.0003562045  -0.0003629952
       -0.0001004325   0.0001380826   0.0000288469   0.0002509855  -0.0001794686
        0.0000252959  -0.0000809312   0.0000107781   0.0000222661  -0.0005369901
       -0.0003317049  -0.0000029726  -0.0001204860   0.0001142296   0.0000088470
       -0.0004628546  -0.0008502391  -0.0005414205  -0.0046636633  -0.0011322922
        0.0037288058  -0.0200284971  -0.0210229994  -0.0088558049  -0.1360407679
       -0.1109090634  -0.0498805242   0.0052983484   0.0055157434   0.0026310160
        0.0009714294   0.0003965535   0.0028284058  -0.0000485706   0.0006016575
        0.0004116885  -0.0000177787  -0.0000329227  -0.0000414873   0.0000026600
        0.0000369097  -0.0000297128   0.0000998456  -0.0001291357  -0.0000588273
        0.0004287675  -0.0000334826  -0.0011124714   0.1542160651   0.1258395155
        0.0511928853   0.0006694500   0.0012121708  -0.0002140129   0.0002176837
        0.0004078127   0.0002116259  -0.0000542630   0.0003478555  -0.0003524491
       -0.0000127127  -0.0000873907   0.0000154486   0.0000930995   0.0001912100
       -0.0000423349  -0.0000560258  -0.0001172564   0.0000242079  -0.0001231034
        0.0002754768   0.0000753410  -0.0000454583  -0.0000798867  -0.0000840479
        0.0001535836  -0.0003087423  -0.0000612571  -0.0014617365   0.0037829607
       -0.0028935827  -0.0032286497  -0.0019498962  -0.0008655415  -0.1110401223
       -0.1713833799  -0.0657696284  -0.0124105661  -0.0165056140  -0.0088981797
        0.0006880205   0.0002294809  -0.0062776191   0.0006564268   0.0003268131
        0.0001524843   0.0000248772   0.0000181706   0.0000146916   0.0000267697
        0.0000072725  -0.0000042038  -0.0000093998   0.0000026182  -0.0000333162
        0.0011716813  -0.0002313732   0.0014336499   0.1258395155   0.1876291788
        0.0810845735   0.0000777254  -0.0003980934   0.0016312260  -0.0006782285
       -0.0008612054  -0.0003655728   0.0003343036  -0.0005403434   0.0008636612
        0.0001125412   0.0002487395  -0.0000193659  -0.0001875405  -0.0004695332
        0.0000707823   0.0000865910   0.0002302258  -0.0000082945  -0.0000376029
       -0.0002284568   0.0000432083   0.0001345687   0.0001862792   0.0000316534
        0.0002862702   0.0004128861  -0.0000913157   0.0034272501  -0.0031645262
        0.0044989207   0.0051337793   0.0056185990   0.0031971932  -0.0500640087
       -0.0656745498  -0.0681742825  -0.0113294161  -0.0155796325  -0.0072887317
        0.0031672035  -0.0060751272   0.0020438143   0.0003971591   0.0002146756
       -0.0001563972   0.0000021577  -0.0000018028  -0.0000278807  -0.0000138643
       -0.0000039393  -0.0000617333  -0.0000172919   0.0000003715   0.0000660251
       -0.0001968194   0.0018164240  -0.0011097316   0.0511928853   0.0810845735
        0.0695582774  -0.0010931159   0.0012257399  -0.0011481802  -0.0006275047
       -0.0007268176  -0.0004478500  -0.0003732416   0.0008858713  -0.0009761115
       -0.0000355747   0.0000437169  -0.0000030904   0.0000940601  -0.0000481244
        0.0000375329  -0.0000283403  -0.0000251981   0.0000262012  -0.0003057648
       -0.0000471643   0.0000722278   0.0001626162   0.0000760684  -0.0000897443
        0.0001413579   0.0002998217  -0.0004803235   0.0008442467  -0.0001256905
       -0.0003277924   0.0007697193   0.0007145463   0.0031815995  -0.0121523203
        0.0007637963   0.0052616782  -0.2697506929  -0.0110462281   0.0772774047
       -0.0203599853  -0.0025252416   0.0056709932  -0.0010610941  -0.0043098164
       -0.0001853490   0.0000238569   0.0000246374   0.0000058364   0.0000187133
        0.0000332431  -0.0000578178   0.0000498526  -0.0000041108   0.0000102589
       -0.0005821693  -0.0000820140   0.0001339776   0.0006694500   0.0000777254
       -0.0010931159   0.3018350408   0.0152008466  -0.0894440763   0.0005995770
        0.0009976654  -0.0003450154  -0.0009325490  -0.0000184792   0.0003486148
        0.0000307240   0.0000707657   0.0000111444   0.0000199185  -0.0001310877
        0.0000019713  -0.0000261229   0.0000978303   0.0000084556   0.0002953519
        0.0002195786   0.0000919366  -0.0002707348  -0.0000692530   0.0000957314
        0.0001910307  -0.0006824756   0.0007057209   0.0000245086  -0.0003824796
       -0.0003978507   0.0004021764   0.0002833460  -0.0061125350   0.0187386679
        0.0003046215  -0.0071047964  -0.0110381754  -0.0414707499  -0.0011380164
       -0.0204737341  -0.0013719337   0.0059244356  -0.0040826137  -0.0000603600
       -0.0046716623  -0.0000290447  -0.0000072272  -0.0000180016   0.0000038660
        0.0000210645  -0.0000194731  -0.0000372834  -0.0000179223  -0.0000332684
        0.0010275359  -0.0000461092  -0.0003696953   0.0012121708  -0.0003980934
        0.0012257399   0.0152008466   0.0441935135   0.0097783682  -0.0001364919
       -0.0004233723   0.0017016270  -0.0010525965  -0.0001296562   0.0003201683
        0.0001875054   0.0000092226  -0.0000316263  -0.0003782009  -0.0000385280
        0.0000050432   0.0001766471   0.0000225280  -0.0000107718  -0.0004410060
       -0.0000665628   0.0001930532   0.0003876770   0.0000636533  -0.0001856399
       -0.0001604232   0.0007963533  -0.0010188011  -0.0004397822  -0.0005181754
       -0.0001079627   0.0029670901  -0.0061385974   0.0020415084   0.0192624913
       -0.0004120024  -0.0067269963   0.0773187272  -0.0012139498  -0.0641792129
       -0.0084530964  -0.0006728645   0.0031683474   0.0000876416  -0.0045979268
        0.0041079196   0.0000237734   0.0000525527   0.0000241413   0.0000154050
       -0.0000025614  -0.0000425030  -0.0001222483   0.0000556135   0.0000701061
        0.0009654850   0.0000306122  -0.0003355310  -0.0002140129   0.0016312260
       -0.0011481802  -0.0894440763   0.0097783682   0.0650923380  -0.0012311713
        0.0012947088  -0.0010346770  -0.0005084257  -0.0000736702   0.0001194451
       -0.0000051972  -0.0000009051  -0.0000289578  -0.0000168418   0.0001005983
        0.0000671460   0.0000260955  -0.0000562865   0.0000092537   0.0000167072
        0.0000972261   0.0000366344   0.0000174355   0.0000333851  -0.0000611077
       -0.0002390639   0.0010183130   0.0009631466  -0.0046265365  -0.0017578755
        0.0035264877  -0.0004412687  -0.0004197634  -0.0002330950  -0.0009111915
       -0.0040577127   0.0000057397   0.0055131323  -0.0117644115  -0.0110484803
       -0.0721923849   0.0552862621   0.0573351713  -0.0117189337   0.0188807283
        0.0193569674   0.0000232768   0.0000016671  -0.0000099669   0.0000011792
        0.0000667900  -0.0000028877  -0.0003404782  -0.0000119547   0.0001009333
       -0.0000891454   0.0002716360  -0.0003962728   0.0002176837  -0.0006782285
       -0.0006275047   0.0005995770  -0.0001364919  -0.0012311713   0.0836910177
       -0.0580717324  -0.0675445097   0.0004749369   0.0011987559  -0.0002175261
        0.0000620215   0.0001716697   0.0000238888  -0.0000864211  -0.0003705666
       -0.0000083275   0.0000235673   0.0002277749   0.0000006490   0.0002165369
       -0.0001436726   0.0000596662  -0.0000447252   0.0000771469   0.0000506314
       -0.0002339210  -0.0000152169  -0.0001552316  -0.0012375437   0.0037298198
       -0.0030684159  -0.0004235225   0.0002687740   0.0005254488  -0.0044324738
       -0.0001821557  -0.0047137549   0.0061619526  -0.0164702246  -0.0158831984
        0.0553652690  -0.1553179706  -0.1155408126   0.0011161591  -0.0001053273
       -0.0009598190  -0.0000449942   0.0000144850  -0.0000305842   0.0000035437
       -0.0000038508  -0.0000382684  -0.0000652953  -0.0000155364   0.0000872585
        0.0003037403  -0.0005161354   0.0008810671   0.0004078127  -0.0008612054
       -0.0007268176   0.0009976654  -0.0004233723   0.0012947088  -0.0580717324
        0.1701993657   0.1363256804  -0.0000176394  -0.0002638015   0.0018762310
        0.0001737371  -0.0002310933  -0.0000422071  -0.0003758333   0.0003807796
       -0.0000907385   0.0001589439  -0.0001727998  -0.0000286255  -0.0001295380
        0.0003580120   0.0002737569   0.0001012373  -0.0002965713  -0.0001584586
        0.0001752298  -0.0006713571  -0.0003526663   0.0036860949  -0.0027817823
        0.0045256095  -0.0003320433   0.0005132566   0.0003158533  -0.0002763142
       -0.0048450132   0.0041394915   0.0031360826  -0.0091988407  -0.0076698820
        0.0573434229  -0.1156174913  -0.1475548871   0.0054486577  -0.0075068893
       -0.0073070740  -0.0000125450   0.0000196352   0.0000594616   0.0000212016
       -0.0000100562   0.0000316428   0.0000655064   0.0001104629  -0.0001487406
       -0.0003735924   0.0008680557  -0.0009432127   0.0002116259  -0.0003655728
       -0.0004478500  -0.0003450154   0.0017016270  -0.0010346770  -0.0675445097
        0.1363256804   0.1575024143  -0.0011323488   0.0014199580  -0.0010692105
        0.0000761479  -0.0000899939  -0.0000393706  -0.0003133271   0.0002172207
       -0.0000713318   0.0000976494  -0.0000148842  -0.0000358628  -0.0004958631
        0.0005630220   0.0004328078   0.0000261660   0.0002648421   0.0006248001
        0.0000064581   0.0004079158  -0.0003835597   0.0059067942   0.0046434354
        0.0019649698   0.0004731680   0.0003426839   0.0028487584   0.0000076912
        0.0004886546   0.0003163322  -0.0045341954  -0.0011366530   0.0037347960
       -0.0198763264  -0.0208720572  -0.0088411560  -0.1357874594  -0.1102094690
       -0.0501611961  -0.0000313897   0.0000487930  -0.0000276360   0.0001648320
       -0.0000775526   0.0002341846  -0.0000920672  -0.0000588510  -0.0001324418
        0.0002179604   0.0004454394   0.0002912239  -0.0000542630   0.0003343036
       -0.0003732416  -0.0009325490  -0.0010525965  -0.0005084257   0.0004749369
       -0.0000176394  -0.0011323488   0.1546656362   0.1257733865   0.0512586981
        0.0000258854   0.0002147427   0.0000895413   0.0001965387  -0.0004335645
       -0.0000616306  -0.0000512249   0.0001490812   0.0000710561   0.0009209787
        0.0003868173   0.0011369706  -0.0005249976   0.0001093462  -0.0002391368
       -0.0010869482  -0.0009734487   0.0011409310  -0.0119989969  -0.0171661364
       -0.0099443188   0.0007885020   0.0001276564  -0.0060844230   0.0004958369
        0.0003553319   0.0002492461  -0.0016148463   0.0036402447  -0.0029259135
       -0.0031112395  -0.0019722681  -0.0009601296  -0.1102034182  -0.1679747096
       -0.0654617185  -0.0001734784  -0.0000073840   0.0000807535   0.0000186565
        0.0003688335   0.0000438278  -0.0002610202   0.0001189949   0.0001696293
       -0.0007217466  -0.0007836078  -0.0003562045   0.0003478555  -0.0005403434
        0.0008858713  -0.0000184792  -0.0001296562  -0.0000736702   0.0011987559
       -0.0002638015   0.0014199580   0.1257733865   0.1847738714   0.0808193604
        0.0000384275  -0.0001134234  -0.0000039513   0.0000369712   0.0002486964
       -0.0000005483  -0.0000542949  -0.0001524480  -0.0000212223  -0.0001859205
        0.0003993393   0.0005888179   0.0008041933  -0.0005586954  -0.0008670524
       -0.0010950568   0.0009705067  -0.0011221680  -0.0119153108  -0.0155826744
       -0.0068856434   0.0031770790  -0.0058945209   0.0017295296   0.0003913486
        0.0001706172  -0.0002129850   0.0034866123  -0.0029718082   0.0044135252
        0.0051817539   0.0058106191   0.0032772624  -0.0501419506  -0.0662318258
       -0.0688847768  -0.0001870034   0.0002132057   0.0001059573   0.0003543974
        0.0004521006  -0.0008805305  -0.0003386332   0.0001876928   0.0001061637
       -0.0005899506  -0.0008268026  -0.0003629952  -0.0003524491   0.0008636612
       -0.0009761115   0.0003486148   0.0003201683   0.0001194451  -0.0002175261
        0.0018762310  -0.0010692105   0.0512586981   0.0808193604   0.0709464939
