$hessian                                                                        
        0.0078760310   0.0013044256   0.0058826450  -0.0101582743   0.0015523778
       -0.0066546799   0.0011054310  -0.0005685845   0.0002195856   0.0029052054
        0.0012701769  -0.0022879924   0.0017896468  -0.0009011590   0.0001846216
       -0.0028806603  -0.0032145709   0.0039282877  -0.0004238767   0.0005612878
       -0.0002511306   0.0000434642   0.0000234710  -0.0009256294  -0.0001359299
       -0.0001208493   0.0000300096  -0.0000944997  -0.0000006416  -0.0002246505
       -0.0000179644   0.0000392975  -0.0000947324   0.0000186345  -0.0000008795
       -0.0000106276   0.0000520326  -0.0000138024   0.0000644988   0.0000489316
       -0.0000414623  -0.0000459681  -0.0000227029  -0.0000447318  -0.0000310028
       -0.0000732111  -0.0000644934   0.0001233877   0.0000072944   0.0000814439
        0.0000421045   0.0000026823  -0.0000199528  -0.0000157540  -0.0000665244
        0.0000213526  -0.0000023324  -0.0000519506   0.0000303422  -0.0000292751
       -0.0000052855   0.0000373838  -0.0000463116   0.0000815261   0.0000695685
        0.0001449463
        0.0013044256   0.0077409540  -0.0228033053   0.0043949482  -0.0144053882
        0.0274202483  -0.0008944894   0.0072810699  -0.0012905833  -0.0039263267
        0.0001537604  -0.0021032914   0.0012367683  -0.0004052016  -0.0028204678
       -0.0011987301  -0.0004025401   0.0018995247  -0.0003304320  -0.0000242447
        0.0001632250  -0.0003827064   0.0001423225  -0.0004245474  -0.0001333861
       -0.0002100513   0.0000084982  -0.0000843635  -0.0001447912  -0.0001431310
       -0.0000252986   0.0000565695  -0.0000361322   0.0000115795   0.0000310073
        0.0000263263   0.0000223924   0.0000317406   0.0000811772  -0.0000610417
        0.0001036302   0.0001552904   0.0000846076   0.0002017176  -0.0001548542
       -0.0000281657   0.0001439106   0.0000124560   0.0000966762  -0.0001156331
       -0.0000474131   0.0000116741  -0.0001355635  -0.0000197969  -0.0000416861
       -0.0000589757   0.0000321916  -0.0000357290  -0.0000041447   0.0000333044
       -0.0000439269   0.0000703550  -0.0000145148   0.0000232102  -0.0000505037
        0.0000257952
        0.0058826450  -0.0228033053   0.1013641593  -0.0170553001   0.0204418849
       -0.1265307076   0.0027909169  -0.0160370359   0.0073740872   0.0170838495
        0.0071740465   0.0054442627  -0.0094149882   0.0099256719   0.0135395478
       -0.0021902167  -0.0001090235  -0.0011681366   0.0013934666   0.0006145387
        0.0000375280   0.0010323731   0.0006057143   0.0001965943   0.0002524418
        0.0003178804   0.0000020186  -0.0000366583   0.0001998882   0.0002451618
        0.0000019864  -0.0000960135   0.0001974060  -0.0000747671   0.0000727246
       -0.0000533089  -0.0000120464  -0.0001116628  -0.0001100832   0.0001853455
       -0.0001283119  -0.0006246880  -0.0000482327  -0.0000128810  -0.0001888984
        0.0003349164   0.0000474557  -0.0003647937  -0.0002607664  -0.0001740395
        0.0002904179  -0.0000864201   0.0000080432   0.0000906238   0.0000269498
       -0.0000602479  -0.0000066182   0.0000542448   0.0000138611   0.0000372740
        0.0000888596  -0.0000143822   0.0000898626   0.0000514007   0.0001251942
        0.0001382907
       -0.0101582743   0.0043949482  -0.0170553001   0.1834124583  -0.0166520541
       -0.0115640220  -0.0089452617   0.0022890493  -0.0002968306  -0.1004499893
       -0.0369431614  -0.0204398647  -0.0562366400   0.0483385169   0.0491895333
       -0.0032256479   0.0047399453  -0.0046392353  -0.0006720976  -0.0029647208
        0.0030880886  -0.0043237774  -0.0036970486   0.0020901997  -0.0002581028
        0.0007140402   0.0000404393   0.0004948673   0.0000329700   0.0006698666
       -0.0001380190  -0.0000015872   0.0003101335  -0.0001022173   0.0001023161
       -0.0001034688  -0.0001032758   0.0001491583  -0.0005257607   0.0005243088
       -0.0001043720  -0.0003631087   0.0000326874  -0.0002597849  -0.0002489663
        0.0007414748   0.0009236675  -0.0003759289  -0.0011371336  -0.0008373361
        0.0008669233  -0.0001414937  -0.0000003106   0.0001693509   0.0002731148
       -0.0001060755  -0.0002498500   0.0003411694  -0.0000639741  -0.0000815200
        0.0003125492  -0.0000498248   0.0001403595  -0.0002406996  -0.0000043615
       -0.0006210386
        0.0015523778  -0.0144053882   0.0204418849  -0.0166520541   0.2216517450
       -0.0017534432   0.0157994825  -0.1292482897   0.0269756227  -0.0348682429
       -0.0257120032  -0.0079293894   0.0369783817  -0.0460209826  -0.0374154362
        0.0016693900  -0.0040458312  -0.0005566389  -0.0030831491   0.0002726761
       -0.0005100795  -0.0009936710  -0.0000721440   0.0002901660  -0.0001596768
        0.0002458763   0.0000242183   0.0003390462  -0.0003783941   0.0003115442
        0.0000025436  -0.0001453826   0.0000813266   0.0000995777  -0.0000393400
        0.0000412013   0.0000233091  -0.0000167606  -0.0000543247   0.0003500300
       -0.0003418437  -0.0002122746  -0.0006851260  -0.0023601748  -0.0000995863
        0.0002619528  -0.0002127169  -0.0000424618  -0.0008497313   0.0004242916
        0.0003606680  -0.0000934345   0.0000188337  -0.0000098084   0.0001592436
       -0.0001580507  -0.0000247157   0.0001269829   0.0000109602   0.0000756662
        0.0001783517   0.0001362462   0.0001373241  -0.0001555838   0.0003966733
       -0.0001314636
       -0.0066546799   0.0274202483  -0.1265307076  -0.0115640220  -0.0017534432
        0.2146573577  -0.0031131279   0.0251272220  -0.0147943228  -0.0222502184
       -0.0091774293  -0.0163200128   0.0420413656  -0.0422975115  -0.0519800725
        0.0001617148   0.0022402880  -0.0074362713  -0.0007720118  -0.0019242593
        0.0011852317   0.0011870915  -0.0008816095   0.0043658064   0.0006376553
        0.0001505976  -0.0008598029   0.0002700734  -0.0003004729   0.0006977077
        0.0000842795  -0.0001749365  -0.0000034735   0.0000483094   0.0000034111
       -0.0000736886  -0.0001143442   0.0001021481  -0.0001766151  -0.0003287586
        0.0003266035   0.0005189363  -0.0001411262   0.0003489431   0.0005404174
       -0.0002405802   0.0000526382  -0.0005781024   0.0008796475   0.0006874160
       -0.0019737455   0.0001066597   0.0000120706  -0.0005204027   0.0001017301
       -0.0001060535  -0.0000771191   0.0000240835   0.0000149841  -0.0000476339
       -0.0000919399   0.0001346017  -0.0000910875  -0.0002718014  -0.0000054566
       -0.0005023991
        0.0011054310  -0.0008944894   0.0027909169  -0.0089452617   0.0157994825
       -0.0031131279   0.0085264971  -0.0107711742   0.0050407793   0.0006225770
       -0.0028194953   0.0002610652   0.0034202164  -0.0023902991  -0.0027211292
       -0.0032956963   0.0010982980  -0.0013833157  -0.0004220055   0.0000901305
       -0.0004433481   0.0002108864   0.0002681298  -0.0006203964   0.0002189912
       -0.0001859851   0.0000934208  -0.0001289861  -0.0000512940  -0.0002041471
        0.0000021143  -0.0000386921  -0.0000324447  -0.0000085578  -0.0000844828
        0.0000499579   0.0000162620  -0.0000861920   0.0001130507  -0.0001216552
        0.0000328468   0.0001503837  -0.0011314438   0.0002937693  -0.0002073447
       -0.0001794990   0.0001038518   0.0000705960   0.0003003828  -0.0000804131
       -0.0000335080   0.0000432549  -0.0000355447  -0.0000117534  -0.0000745747
       -0.0000347149   0.0000630151  -0.0000986883  -0.0000812563   0.0000346117
       -0.0001059257  -0.0000607299  -0.0000163929   0.0000456811  -0.0000717457
        0.0001191109
       -0.0005685845   0.0072810699  -0.0160370359   0.0022890493  -0.1292482897
        0.0251272220  -0.0107711742   0.1001513879  -0.0220770735   0.0169555866
        0.0086122434   0.0036935980  -0.0089396976   0.0129659180   0.0089715140
        0.0004732056   0.0004846477   0.0000629403   0.0005399480  -0.0009026669
        0.0007392196   0.0001896146  -0.0008506505   0.0009855742   0.0005488278
        0.0002849411  -0.0001610477  -0.0000738698   0.0002319580   0.0003210349
        0.0000450920  -0.0000660202   0.0001300020  -0.0001061614   0.0000781254
       -0.0000904646  -0.0000527376  -0.0000684407  -0.0001460771  -0.0000758608
        0.0000408433  -0.0002281932  -0.0005440426   0.0010436078  -0.0002603891
        0.0000096400   0.0002116239  -0.0003902593   0.0000862135  -0.0000690297
       -0.0004505817   0.0000015584   0.0000201307  -0.0000590760   0.0000157241
        0.0000124333  -0.0000406620   0.0000368301   0.0000004439  -0.0000359062
       -0.0000063348  -0.0000921582  -0.0000024684  -0.0000528266  -0.0001221184
       -0.0000518703
        0.0002195856  -0.0012905833   0.0073740872  -0.0002968306   0.0269756227
       -0.0147943228   0.0050407793  -0.0220770735   0.0061879896  -0.0032431640
       -0.0021554722   0.0007549469   0.0007990948  -0.0019844413   0.0001170599
       -0.0014459398   0.0002617096   0.0008996552  -0.0001577294   0.0002183344
       -0.0002235785  -0.0002171442   0.0002144358  -0.0007361913  -0.0002097233
       -0.0000708116   0.0002032370  -0.0000922962   0.0000996013  -0.0003056080
       -0.0000080530   0.0001322348  -0.0000452374   0.0000350798  -0.0000325329
        0.0000185124  -0.0000034783  -0.0000594648   0.0000270543   0.0000420894
       -0.0001188194  -0.0000385496  -0.0002373922  -0.0001761006  -0.0002056515
        0.0000248116  -0.0000574943   0.0003663424  -0.0002413032   0.0001113497
        0.0003630921   0.0000141919   0.0001408164   0.0000809348  -0.0000051048
        0.0001645545  -0.0000220516  -0.0000234039  -0.0000138280  -0.0000544797
       -0.0000218419  -0.0001499957  -0.0000441848   0.0000277723  -0.0001320415
        0.0000769432
        0.0029052054  -0.0039263267   0.0170838495  -0.1004499893  -0.0348682429
       -0.0222502184   0.0006225770   0.0169555866  -0.0032431640   0.0868652851
        0.0330371268   0.0191973476   0.0110263249  -0.0108318879  -0.0105268963
       -0.0010083244  -0.0001820231  -0.0003365122  -0.0000863313  -0.0004377774
        0.0001415227   0.0000589221  -0.0001609010   0.0002026912  -0.0000128420
        0.0000134002  -0.0000449331  -0.0000087728  -0.0000800872  -0.0001175102
       -0.0000516486   0.0000274672  -0.0001135633   0.0000166985  -0.0000324806
        0.0000454975  -0.0000045467   0.0000092810   0.0000988000  -0.0000431633
       -0.0000320844   0.0000536080   0.0000542498   0.0002520539   0.0000043150
        0.0000089080   0.0000818071  -0.0000050229   0.0001412789   0.0001272384
       -0.0002655177   0.0000298096   0.0000116350  -0.0000921355  -0.0000419204
        0.0000191156   0.0000212901  -0.0000638375  -0.0000067653   0.0000041203
       -0.0000358103   0.0000126049  -0.0000173790   0.0000779273   0.0000112599
        0.0001598108
        0.0012701769   0.0001537604   0.0071740465  -0.0369431614  -0.0257120032
       -0.0091774293  -0.0028194953   0.0086122434  -0.0021554722   0.0330371268
        0.0188336605   0.0078420534   0.0058204862  -0.0018557888  -0.0035778831
       -0.0002368473  -0.0003280320  -0.0001231758  -0.0002281468   0.0000340375
        0.0000959400  -0.0000211839   0.0000123164  -0.0000099564  -0.0000640222
       -0.0000146428  -0.0000299642  -0.0000386487  -0.0000500905  -0.0000530822
       -0.0000157159   0.0000736582  -0.0000601981   0.0000352825   0.0000343609
        0.0000300128  -0.0000059907   0.0000344846   0.0000502950  -0.0000266644
       -0.0000198391  -0.0000048589   0.0001310042   0.0001502439   0.0000437492
        0.0000168155   0.0000883867   0.0000225074   0.0001077474  -0.0000587434
       -0.0001144260   0.0000110967  -0.0000416385  -0.0000262355  -0.0000109769
        0.0000303182   0.0000180094  -0.0000155460   0.0000375495   0.0000035671
       -0.0000158552   0.0000200662  -0.0000131779   0.0000125185  -0.0000343083
        0.0000656787
       -0.0022879924  -0.0021032914   0.0054442627  -0.0204398647  -0.0079293894
       -0.0163200128   0.0002610652   0.0036935980   0.0007549469   0.0191973476
        0.0078420534   0.0101193207   0.0036224713  -0.0013417888  -0.0000362528
       -0.0002837006  -0.0002599714  -0.0005772261  -0.0000294472  -0.0001194331
        0.0003631519   0.0000811193   0.0001928626   0.0003351381  -0.0000458473
       -0.0000051630  -0.0000144655  -0.0000396025   0.0000139758  -0.0001142292
        0.0000275389   0.0000403768   0.0000249417   0.0000242507   0.0000162876
        0.0000566689  -0.0000487847  -0.0000439643   0.0000188417   0.0000071540
       -0.0000219284  -0.0000788233   0.0000421340   0.0000494461  -0.0001123498
        0.0000567243   0.0000064139   0.0000633308  -0.0001325578  -0.0000352747
       -0.0000551243   0.0000106389   0.0000288050   0.0000181268   0.0000044673
        0.0000396629   0.0000216646  -0.0000138949  -0.0000009100   0.0000212601
       -0.0000199029  -0.0000315810   0.0000144439   0.0000066832  -0.0000307865
        0.0000523850
        0.0017896468   0.0012367683  -0.0094149882  -0.0562366400   0.0369783817
        0.0420413656   0.0034202164  -0.0089396976   0.0007990948   0.0110263249
        0.0058204862   0.0036224713   0.0411496507  -0.0328241387  -0.0349835599
       -0.0019183917  -0.0031104625  -0.0012723063   0.0001090493   0.0003832456
       -0.0003084536   0.0006338591   0.0001078961   0.0001351185   0.0003460595
        0.0000073252  -0.0000726502   0.0000459712  -0.0000147368   0.0001627515
        0.0001126180  -0.0000512445  -0.0000008809   0.0000286749   0.0000156173
        0.0000160634   0.0000212041  -0.0000379878   0.0000978257  -0.0000648235
        0.0000410593   0.0000469122  -0.0001736605  -0.0000688690   0.0000279561
       -0.0001060528  -0.0002290397  -0.0002521559  -0.0001391904   0.0002752416
       -0.0006678728   0.0000611771   0.0001378422  -0.0001633298   0.0000129182
        0.0000698075   0.0000664201  -0.0000375696   0.0000872525   0.0000500743
       -0.0000605736   0.0000507289   0.0000039437  -0.0000204682   0.0000645243
        0.0000662003
       -0.0009011590  -0.0004052016   0.0099256719   0.0483385169  -0.0460209826
       -0.0422975115  -0.0023902991   0.0129659180  -0.0019844413  -0.0108318879
       -0.0018557888  -0.0013417888  -0.0328241387   0.0377500936   0.0380347015
       -0.0003826154  -0.0018440902  -0.0013612449  -0.0009592793  -0.0002584237
       -0.0009764153   0.0003471077  -0.0002897707  -0.0006047887   0.0000209475
       -0.0001669191  -0.0000307810  -0.0000717866   0.0000639055  -0.0002299985
       -0.0000060396   0.0001724427  -0.0000886725   0.0000133621   0.0000389605
       -0.0000096918   0.0000161379   0.0000285173   0.0000428461  -0.0000774093
        0.0000434177   0.0001638144   0.0000475181   0.0001949143   0.0001837627
       -0.0002516416  -0.0002472886   0.0004332526  -0.0000153344  -0.0001552433
        0.0001452299   0.0000436398   0.0000479804   0.0000476286  -0.0000450377
        0.0001674821   0.0000047231  -0.0000349137   0.0000430633  -0.0000476145
       -0.0000685459  -0.0000757016  -0.0000628596   0.0000328582  -0.0001972852
        0.0000541778
        0.0001846216  -0.0028204678   0.0135395478   0.0491895333  -0.0374154362
       -0.0519800725  -0.0027211292   0.0089715140   0.0001170599  -0.0105268963
       -0.0035778831  -0.0000362528  -0.0349835599   0.0380347015   0.0396094672
       -0.0001022236  -0.0034454459  -0.0005561193  -0.0008619566   0.0003980423
       -0.0008178344   0.0002880704   0.0004914320  -0.0011633215  -0.0002352793
       -0.0001102670   0.0000893026  -0.0000841745  -0.0000154686  -0.0004199703
       -0.0000361330   0.0000690146  -0.0000049954   0.0000394405   0.0000008129
        0.0001070013   0.0000278003   0.0000103594   0.0001407987   0.0000567669
       -0.0000064142   0.0000466748   0.0001150419   0.0000409002  -0.0002802208
       -0.0002138653  -0.0001276189   0.0003954632  -0.0000949237  -0.0003682752
        0.0005693117  -0.0000016068  -0.0001628580   0.0001981310  -0.0000266745
       -0.0000423794   0.0000980029  -0.0000250981  -0.0000070044   0.0001165089
       -0.0000305389   0.0000588965   0.0000750135   0.0000427849   0.0000238452
        0.0001565036
       -0.0028806603  -0.0011987301  -0.0021902167  -0.0032256479   0.0016693900
        0.0001617148  -0.0032956963   0.0004732056  -0.0014459398  -0.0010083244
       -0.0002368473  -0.0002837006  -0.0019183917  -0.0003826154  -0.0001022236
        0.2038531904   0.0883683281  -0.0757379746  -0.0621029402  -0.0554470040
       -0.0131078303  -0.1017654477  -0.0184901121   0.0613032514  -0.0326182688
       -0.0125074661   0.0201203765  -0.0044619665  -0.0001806987  -0.0028983492
        0.0001328297   0.0021945152   0.0004292249   0.0002671871  -0.0004147582
        0.0002573206   0.0006044900   0.0008387703   0.0014287770   0.0013798198
       -0.0003157421   0.0027460130   0.0126214158   0.0133954931  -0.0033862005
       -0.0097072692  -0.0170295055   0.0077710176   0.0052916223   0.0017270021
        0.0052522834   0.0001881999  -0.0006171923  -0.0001394947  -0.0003484529
        0.0000705457   0.0002280000  -0.0003774133  -0.0006194601   0.0001065447
       -0.0000602946  -0.0003643930  -0.0000097925  -0.0005679810  -0.0009327252
       -0.0005028014
       -0.0032145709  -0.0004025401  -0.0001090235   0.0047399453  -0.0040458312
        0.0022402880   0.0010982980   0.0004846477   0.0002617096  -0.0001820231
       -0.0003280320  -0.0002599714  -0.0031104625  -0.0018440902  -0.0034454459
        0.0883683281   0.2898288901  -0.0470771506  -0.0437416726  -0.1974913430
        0.0102821882  -0.0294261507  -0.0408797404   0.0371325871   0.0083504348
        0.0059109957  -0.0070977465   0.0008012557  -0.0003747360  -0.0000003335
        0.0005266785  -0.0004235859  -0.0005713267   0.0000986779   0.0000650139
       -0.0005507677  -0.0006278049  -0.0004465936   0.0000871661   0.0006326259
        0.0008050673   0.0009440690  -0.0119700188  -0.0297632732   0.0098701590
       -0.0129267147  -0.0195365944  -0.0004308646   0.0001578631  -0.0017802808
       -0.0000524484   0.0002634079   0.0002563294  -0.0001202243   0.0001739615
        0.0002830889  -0.0000867135   0.0000966153   0.0001669452  -0.0001793842
       -0.0000535314  -0.0002337740  -0.0001725049  -0.0000551427  -0.0002505633
       -0.0006642612
        0.0039282877   0.0018995247  -0.0011681366  -0.0046392353  -0.0005566389
       -0.0074362713  -0.0013833157   0.0000629403   0.0008996552  -0.0003365122
       -0.0001231758  -0.0005772261  -0.0012723063  -0.0013612449  -0.0005561193
       -0.0757379746  -0.0470771506   0.1876588875  -0.0069382678   0.0202810476
       -0.0369149021   0.0542897960   0.0267064169  -0.1250878560   0.0141880596
       -0.0035977287  -0.0017150463   0.0012599220   0.0011273255   0.0015803894
        0.0000803966  -0.0005985516   0.0000942067  -0.0003237033   0.0001549646
        0.0001400672   0.0004652450  -0.0008284179  -0.0002239947  -0.0024931192
       -0.0007271152  -0.0019251843   0.0069771994   0.0046225210  -0.0016485003
       -0.0115156122  -0.0210055329   0.0078231421   0.0237961537   0.0199717101
       -0.0226425224  -0.0001785053   0.0008979307   0.0006518240   0.0001709290
        0.0003495725  -0.0000011152   0.0000431490   0.0001362707   0.0000228633
       -0.0000791997  -0.0004177551   0.0000576579  -0.0003013863   0.0000830873
        0.0009681814
       -0.0004238767  -0.0003304320   0.0013934666  -0.0006720976  -0.0030831491
       -0.0007720118  -0.0004220055   0.0005399480  -0.0001577294  -0.0000863313
       -0.0002281468  -0.0000294472   0.0001090493  -0.0009592793  -0.0008619566
       -0.0621029402  -0.0437416726  -0.0069382678   0.4230218420  -0.1155785519
        0.1383953185  -0.0588439698   0.0630959886   0.0428420812  -0.0075675946
        0.0242793700   0.0098629375  -0.0009470744   0.0016743659  -0.0013704223
       -0.0015077150  -0.0006518051   0.0002955371   0.0002600477   0.0001054179
        0.0002946518  -0.0003556346  -0.0008299010   0.0000264496  -0.0002780148
        0.0002561845   0.0008267822  -0.1699257565   0.1128359082  -0.0640706581
       -0.1189631224  -0.0302578664  -0.1177336724  -0.0011998445  -0.0096102962
       -0.0018945261   0.0001116035   0.0003607080  -0.0000322934  -0.0001692286
        0.0002045216  -0.0000321627   0.0002012777   0.0004723761  -0.0000046495
        0.0000525187   0.0001621251  -0.0000133256  -0.0002911325   0.0012841864
       -0.0000261016
        0.0005612878  -0.0000242447   0.0006145387  -0.0029647208   0.0002726761
       -0.0019242593   0.0000901305  -0.0009026669   0.0002183344  -0.0004377774
        0.0000340375  -0.0001194331   0.0003832456  -0.0002584237   0.0003980423
       -0.0554470040  -0.1974913430   0.0202810476  -0.1155785519   0.5297538766
        0.1161752230   0.0783975251  -0.1311941422  -0.1283832619   0.0046199417
       -0.0119532425  -0.0034594436   0.0003233645  -0.0011630485   0.0008659659
        0.0008992100   0.0006657498   0.0001455947  -0.0000984381   0.0000322201
        0.0000257161   0.0005507218   0.0005088637  -0.0004322166  -0.0007562701
       -0.0000546424  -0.0010871477   0.1197039312  -0.1344493183   0.0485577796
       -0.0303452276  -0.0512387709  -0.0515184795  -0.0000397421  -0.0017267219
       -0.0010675164  -0.0001746452  -0.0002090967   0.0002165938   0.0000028785
       -0.0000192267   0.0000451348  -0.0001417643  -0.0002156294   0.0000133398
       -0.0000771516   0.0000124237   0.0000201116   0.0005290564  -0.0003793299
        0.0004143359
       -0.0002511306   0.0001632250   0.0000375280   0.0030880886  -0.0005100795
        0.0011852317  -0.0004433481   0.0007392196  -0.0002235785   0.0001415227
        0.0000959400   0.0003631519  -0.0003084536  -0.0009764153  -0.0008178344
       -0.0131078303   0.0102821882  -0.0369149021   0.1383953185   0.1161752230
        0.4520614024   0.0452693413  -0.1033687312  -0.1405137479   0.0097545706
        0.0007854312   0.0007040798  -0.0007217027  -0.0006002814   0.0004890570
        0.0002927142  -0.0002858880  -0.0000090931  -0.0002676223   0.0001274838
        0.0002588444   0.0005747113  -0.0000466211  -0.0001323879  -0.0020629837
        0.0013021263  -0.0010713814  -0.0643455514   0.0488433832  -0.0655825753
       -0.1159169749  -0.0477840345  -0.1959494875   0.0009857126  -0.0254997116
       -0.0136188148  -0.0000754475  -0.0004922293  -0.0000277501  -0.0000757156
       -0.0002986635   0.0000834273  -0.0000355562  -0.0000241224   0.0001082704
       -0.0000206418   0.0003846122  -0.0000113756  -0.0008690211   0.0009879454
       -0.0004180645
        0.0000434642  -0.0003827064   0.0010323731  -0.0043237774  -0.0009936710
        0.0011870915   0.0002108864   0.0001896146  -0.0002171442   0.0000589221
       -0.0000211839   0.0000811193   0.0006338591   0.0003471077   0.0002880704
       -0.1017654477  -0.0294261507   0.0542897960  -0.0588439698   0.0783975251
        0.0452693413   0.4655866798  -0.1365241493   0.0143239018  -0.1744872155
        0.0616178826  -0.0191422959  -0.0242555390   0.0122752224   0.0107135809
        0.0020470682   0.0011854263   0.0033933304  -0.0014813867   0.0006314032
       -0.0002525074   0.0031018463   0.0017658160  -0.0031860394  -0.0216886948
        0.0088404431  -0.0149814688  -0.0116265270   0.0045182305   0.0154361356
        0.0088141254  -0.0037760457  -0.0127101377  -0.0814494371   0.0025215683
       -0.0949419614   0.0002242550  -0.0008599541  -0.0014917832  -0.0004601558
        0.0002601432  -0.0003141232  -0.0000451232  -0.0004032529  -0.0001495663
       -0.0002585302   0.0003870708   0.0000342130  -0.0000353022  -0.0005503400
        0.0013380741
        0.0000234710   0.0001423225   0.0006057143  -0.0036970486  -0.0000721440
       -0.0008816095   0.0002681298  -0.0008506505   0.0002144358  -0.0001609010
        0.0000123164   0.0001928626   0.0001078961  -0.0002897707   0.0004914320
       -0.0184901121  -0.0408797404   0.0267064169   0.0630959886  -0.1311941422
       -0.1033687312  -0.1365241493   0.3021954577   0.0889314135   0.0573541406
       -0.0804069958   0.0065079449   0.0121343906  -0.0030792170  -0.0040049493
        0.0020964079   0.0062547568  -0.0012795364   0.0005108485  -0.0005526344
        0.0001530161   0.0018559273   0.0063698800   0.0016671300   0.0099305573
       -0.0051714451   0.0061612722   0.0105601175  -0.0084153655  -0.0140608438
        0.0018075050  -0.0047098166  -0.0075854687   0.0017191285  -0.0336658317
       -0.0006960410  -0.0013676874  -0.0021514512   0.0005202680   0.0001755397
       -0.0004463252   0.0001481900  -0.0007598761  -0.0014864863   0.0000703649
        0.0002993353   0.0001713510   0.0000511911  -0.0009396092  -0.0017740679
       -0.0005444725
       -0.0009256294  -0.0004245474   0.0001965943   0.0020901997   0.0002901660
        0.0043658064  -0.0006203964   0.0009855742  -0.0007361913   0.0002026912
       -0.0000099564   0.0003351381   0.0001351185  -0.0006047887  -0.0011633215
        0.0613032514   0.0371325871  -0.1250878560   0.0428420812  -0.1283832619
       -0.1405137479   0.0143239018   0.0889314135   0.5987748514  -0.0306242073
        0.0098091962  -0.0671729374   0.0221404434  -0.0107511971  -0.0026299981
        0.0023672532  -0.0005248717  -0.0035268279   0.0006071197  -0.0002749466
       -0.0005506970  -0.0025505497   0.0019984282  -0.0046993307  -0.0233528441
        0.0117499070  -0.0018383304  -0.0053639965   0.0012569533   0.0057699511
        0.0124953899  -0.0062236425  -0.0179999290  -0.0967401040  -0.0035678836
       -0.2430818637   0.0020539696  -0.0012156091   0.0001436601   0.0010270781
       -0.0006161257  -0.0000978129   0.0000043388  -0.0001232894  -0.0000413757
       -0.0012557392   0.0007416050  -0.0003502530  -0.0001593701  -0.0001757102
       -0.0000955289
       -0.0001359299  -0.0001333861   0.0002524418  -0.0002581028  -0.0001596768
        0.0006376553   0.0002189912   0.0005488278  -0.0002097233  -0.0000128420
       -0.0000640222  -0.0000458473   0.0003460595   0.0000209475  -0.0002352793
       -0.0326182688   0.0083504348   0.0141880596  -0.0075675946   0.0046199417
        0.0097545706  -0.1744872155   0.0573541406  -0.0306242073   0.5292869037
       -0.1750094134  -0.0138907341  -0.1413300547   0.0379181191   0.1269565155
       -0.0373235118   0.0168775647   0.0168792719   0.0026672893  -0.0041415966
        0.0053264509  -0.0225756517   0.0111741249  -0.0261057716  -0.1116710978
        0.0318413603  -0.1010770842   0.0002859295  -0.0005421788  -0.0008806219
        0.0005298955  -0.0003395041   0.0000151208  -0.0105752186   0.0064014045
       -0.0051682211   0.0051816226  -0.0017726157  -0.0084955230  -0.0033809529
        0.0051389555  -0.0003125097   0.0008187217  -0.0004325697   0.0001115983
       -0.0033367474   0.0052495212  -0.0005169522   0.0059377755  -0.0029003791
        0.0134407903
       -0.0001208493  -0.0002100513   0.0003178804   0.0007140402   0.0002458763
        0.0001505976  -0.0001859851   0.0002849411  -0.0000708116   0.0000134002
       -0.0000146428  -0.0000051630   0.0000073252  -0.0001669191  -0.0001102670
       -0.0125074661   0.0059109957  -0.0035977287   0.0242793700  -0.0119532425
        0.0007854312   0.0616178826  -0.0804069958   0.0098091962  -0.1750094134
        0.2176801844  -0.0079878921   0.0395043325  -0.0645792254  -0.0527295530
        0.0150233100  -0.0067358787  -0.0082448594  -0.0041976289  -0.0043096515
       -0.0009479895   0.0125918205  -0.0059351752   0.0114743455   0.0290159904
       -0.0653923613   0.0525392278   0.0024564283  -0.0004688558  -0.0031344010
       -0.0006661252   0.0002114179   0.0012082752   0.0012443443  -0.0000628315
        0.0005584403  -0.0020702059   0.0018029793   0.0043394267   0.0051552684
        0.0057579610   0.0003067982  -0.0003018165   0.0003556489  -0.0000315049
        0.0053218037   0.0057949382   0.0004901123  -0.0018858260   0.0021908880
       -0.0051195611
        0.0000300096   0.0000084982   0.0000020186   0.0000404393   0.0000242183
       -0.0008598029   0.0000934208  -0.0001610477   0.0002032370  -0.0000449331
       -0.0000299642  -0.0000144655  -0.0000726502  -0.0000307810   0.0000893026
        0.0201203765  -0.0070977465  -0.0017150463   0.0098629375  -0.0034594436
        0.0007040798  -0.0191422959   0.0065079449  -0.0671729374  -0.0138907341
       -0.0079878921   0.6555883619   0.0620449314  -0.0242110719  -0.2477941811
        0.0699633760  -0.0327245698   0.0352084668   0.0055173578  -0.0007265795
       -0.0659654708  -0.0799519737   0.0353914818   0.0197202814  -0.0376766838
        0.0250227128  -0.2700802160   0.0009615590  -0.0001483826  -0.0010751020
        0.0002878557  -0.0003698780   0.0001876256  -0.0218944547   0.0097446815
       -0.0061199985   0.0113817042  -0.0042183306  -0.0266364636  -0.0007316085
        0.0006045647   0.0012511933   0.0001746873   0.0000290899  -0.0007542089
       -0.0001134440   0.0002275812   0.0012707991  -0.0069598769   0.0036049140
       -0.0260374732
       -0.0000944997  -0.0000843635  -0.0000366583   0.0004948673   0.0003390462
        0.0002700734  -0.0001289861  -0.0000738698  -0.0000922962  -0.0000087728
       -0.0000386487  -0.0000396025   0.0000459712  -0.0000717866  -0.0000841745
       -0.0044619665   0.0008012557   0.0012599220  -0.0009470744   0.0003233645
       -0.0007217027  -0.0242555390   0.0121343906   0.0221404434  -0.1413300547
        0.0395043325   0.0620449314   0.5583672089  -0.1969051464   0.0044860669
       -0.2725835669   0.1001529713   0.0217251505  -0.0211117058   0.0122857717
       -0.0810129664  -0.0453885330   0.0174217682   0.0247397686   0.0463939823
       -0.0209945577   0.0337172973  -0.0000491232  -0.0000713514   0.0004734254
       -0.0001657775   0.0000508913   0.0000609159   0.0005704901  -0.0002615526
        0.0017200356  -0.0807035987   0.0216687482  -0.0873715452  -0.0163520825
        0.0076444684   0.0011082344   0.0011698101   0.0031445383  -0.0022892462
       -0.0003326652   0.0000546373   0.0005673668   0.0008716160   0.0029750924
       -0.0026654395
       -0.0000006416  -0.0001447912   0.0001998882   0.0000329700  -0.0003783941
       -0.0003004729  -0.0000512940   0.0002319580   0.0000996013  -0.0000800872
       -0.0000500905   0.0000139758  -0.0000147368   0.0000639055  -0.0000154686
       -0.0001806987  -0.0003747360   0.0011273255   0.0016743659  -0.0011630485
       -0.0006002814   0.0122752224  -0.0030792170  -0.0107511971   0.0379181191
       -0.0645792254  -0.0242110719  -0.1969051464   0.2066372504  -0.0128763451
        0.1015929425  -0.0942794495  -0.0088555752   0.0107655436  -0.0047122200
        0.0359961284   0.0170995914  -0.0129399873  -0.0108185422  -0.0194606174
        0.0102769452  -0.0131557015   0.0001225667  -0.0000574331  -0.0002473720
        0.0000502933  -0.0000669618   0.0001081668  -0.0001871019  -0.0002401225
       -0.0006289503   0.0219434152  -0.0449236587   0.0427071152   0.0071123291
       -0.0026506726  -0.0004686034   0.0031754381   0.0065068315   0.0014131128
        0.0000754646  -0.0001308383  -0.0002830192   0.0030420620   0.0060539558
        0.0015472866
       -0.0002246505  -0.0001431310   0.0002451618   0.0006698666   0.0003115442
        0.0006977077  -0.0002041471   0.0003210349  -0.0003056080  -0.0001175102
       -0.0000530822  -0.0001142292   0.0001627515  -0.0002299985  -0.0004199703
       -0.0028983492  -0.0000003335   0.0015803894  -0.0013704223   0.0008659659
        0.0004890570   0.0107135809  -0.0040049493  -0.0026299981   0.1269565155
       -0.0527295530  -0.2477941811   0.0044860669  -0.0128763451   0.6517768656
       -0.0490622374   0.0234434068  -0.0976312903  -0.0272040668   0.0117845114
        0.0192974207   0.0246825462  -0.0110623982  -0.0093682084  -0.0158519259
        0.0088312288  -0.0634412919  -0.0002868988   0.0000560063   0.0001164186
       -0.0000342324   0.0000118216  -0.0002818696  -0.0021092221   0.0010455976
        0.0012730488  -0.0866929862   0.0421119569  -0.2454383874   0.0225394282
       -0.0101889564   0.0001984742  -0.0025533386   0.0014986717  -0.0044789285
        0.0005452357  -0.0002805701   0.0007102796  -0.0021460039   0.0012875709
       -0.0044808605
       -0.0000179644  -0.0000252986   0.0000019864  -0.0001380190   0.0000025436
        0.0000842795   0.0000021143   0.0000450920  -0.0000080530  -0.0000516486
       -0.0000157159   0.0000275389   0.0001126180  -0.0000060396  -0.0000361330
        0.0001328297   0.0005266785   0.0000803966  -0.0015077150   0.0008992100
        0.0002927142   0.0020470682   0.0020964079   0.0023672532  -0.0373235118
        0.0150233100   0.0699633760  -0.2725835669   0.1015929425  -0.0490622374
        0.5529471112  -0.1955026416  -0.0192281658  -0.1217553040   0.0346746701
       -0.0418944897   0.0495178932  -0.0214614500  -0.0171468876  -0.0364363462
        0.0148706025  -0.0292732068  -0.0002800356   0.0000051166   0.0001574453
        0.0000401071  -0.0001215169  -0.0001499986   0.0002383915  -0.0001453964
        0.0000741266  -0.0120916231   0.0059451083  -0.0031475488  -0.1104999932
        0.0315915953   0.1083130310  -0.0126212437   0.0067719000  -0.0242212523
        0.0003944277   0.0032272853   0.0033293626  -0.0001255895   0.0000055964
       -0.0005235373
        0.0000392975   0.0000565695  -0.0000960135  -0.0000015872  -0.0001453826
       -0.0001749365  -0.0000386921  -0.0000660202   0.0001322348   0.0000274672
        0.0000736582   0.0000403768  -0.0000512445   0.0001724427   0.0000690146
        0.0021945152  -0.0004235859  -0.0005985516  -0.0006518051   0.0006657498
       -0.0002858880   0.0011854263   0.0062547568  -0.0005248717   0.0168775647
       -0.0067358787  -0.0327245698   0.1001529713  -0.0942794495   0.0234434068
       -0.1955026416   0.2088172535  -0.0060006355   0.0365275497  -0.0667434474
        0.0260568125  -0.0227868071   0.0115089864   0.0096958004   0.0147689165
       -0.0122549917   0.0134737301  -0.0001011632   0.0000569315   0.0002148686
       -0.0000176894   0.0000746015   0.0000070716  -0.0000181548  -0.0000109325
        0.0002226883   0.0063731023  -0.0022564396   0.0015895930   0.0316071160
       -0.0485006659  -0.0448172776   0.0061594057  -0.0024222811   0.0112042578
        0.0032664647   0.0063602805  -0.0011341726  -0.0000100120  -0.0002021554
        0.0002070614
       -0.0000947324  -0.0000361322   0.0001974060   0.0003101335   0.0000813266
       -0.0000034735  -0.0000324447   0.0001300020  -0.0000452374  -0.0001135633
       -0.0000601981   0.0000249417  -0.0000008809  -0.0000886725  -0.0000049954
        0.0004292249  -0.0005713267   0.0000942067   0.0002955371   0.0001455947
       -0.0000090931   0.0033933304  -0.0012795364  -0.0035268279   0.0168792719
       -0.0082448594   0.0352084668   0.0217251505  -0.0088555752  -0.0976312903
       -0.0192281658  -0.0060006355   0.6586556737  -0.1135377707   0.0588270815
       -0.2807729570   0.0359735890  -0.0143490711  -0.0658954094  -0.0290911895
        0.0134586885  -0.0181871506  -0.0000410387   0.0000478051  -0.0000021460
        0.0000128838  -0.0000420558   0.0000434704   0.0000521274   0.0000016320
       -0.0003363859  -0.0247171197   0.0112420883  -0.0039732771   0.1080769595
       -0.0449812889  -0.2171507394  -0.0027651810   0.0013177830  -0.0033330012
        0.0029962246  -0.0010156228  -0.0038261551  -0.0005223458   0.0002729728
        0.0004739741
        0.0000186345   0.0000115795  -0.0000747671  -0.0001022173   0.0000995777
        0.0000483094  -0.0000085578  -0.0001061614   0.0000350798   0.0000166985
        0.0000352825   0.0000242507   0.0000286749   0.0000133621   0.0000394405
        0.0002671871   0.0000986779  -0.0003237033   0.0002600477  -0.0000984381
       -0.0002676223  -0.0014813867   0.0005108485   0.0006071197   0.0026672893
       -0.0041976289   0.0055173578  -0.0211117058   0.0107655436  -0.0272040668
       -0.1217553040   0.0365275497  -0.1135377707   0.5723120933  -0.2052720119
       -0.0003903333  -0.1489399452   0.0406558340   0.1310600762  -0.0367378880
        0.0166231862   0.0177340700  -0.0000352317  -0.0000408190   0.0000045958
        0.0000032465  -0.0001226184  -0.0000862902   0.0002811125  -0.0000850033
        0.0001363054  -0.0035999395   0.0052430428  -0.0006579046   0.0054174719
       -0.0024474132   0.0135151376  -0.2495919888   0.0983509159  -0.0174840326
        0.0054624781  -0.0018618432  -0.0084981208  -0.0033707696   0.0052965369
       -0.0001971311
       -0.0000008795   0.0000310073   0.0000727246   0.0001023161  -0.0000393400
        0.0000034111  -0.0000844828   0.0000781254  -0.0000325329  -0.0000324806
        0.0000343609   0.0000162876   0.0000156173   0.0000389605   0.0000008129
       -0.0004147582   0.0000650139   0.0001549646   0.0001054179   0.0000322201
        0.0001274838   0.0006314032  -0.0005526344  -0.0002749466  -0.0041415966
       -0.0043096515  -0.0007265795   0.0122857717  -0.0047122200   0.0117845114
        0.0346746701  -0.0667434474   0.0588270815  -0.2052720119   0.2143502265
       -0.0161480037   0.0429705363  -0.0676063340  -0.0529312398   0.0150188636
       -0.0052648896  -0.0091792414   0.0000208137   0.0000297234  -0.0000539473
        0.0000139517   0.0000414998   0.0000001641  -0.0001371916   0.0000765342
       -0.0000679055   0.0052030571   0.0056128833   0.0003906601  -0.0019066181
        0.0017883293  -0.0054433966   0.0982578322  -0.0804447725   0.0083408133
       -0.0025717574   0.0018495359   0.0047826487   0.0052615258   0.0056448688
        0.0003562296
       -0.0000106276   0.0000263263  -0.0000533089  -0.0001034688   0.0000412013
       -0.0000736886   0.0000499579  -0.0000904646   0.0000185124   0.0000454975
        0.0000300128   0.0000566689   0.0000160634  -0.0000096918   0.0001070013
        0.0002573206  -0.0005507677   0.0001400672   0.0002946518   0.0000257161
        0.0002588444  -0.0002525074   0.0001530161  -0.0005506970   0.0053264509
       -0.0009479895  -0.0659654708  -0.0810129664   0.0359961284   0.0192974207
       -0.0418944897   0.0260568125  -0.2807729570  -0.0003903333  -0.0161480037
        0.6325356792   0.0594340174  -0.0200399909  -0.2463655806   0.0711501706
       -0.0332749974   0.0357247875   0.0001973051  -0.0000227175  -0.0000011916
       -0.0000509067   0.0001284582   0.0002072641   0.0000998674   0.0000836306
        0.0002056353  -0.0001294921   0.0002558848   0.0012008276  -0.0078561677
        0.0045196395  -0.0256117986  -0.0174586064   0.0083328787  -0.0459805638
        0.0129186847  -0.0050502660  -0.0255444897  -0.0006304211   0.0004851838
        0.0011670382
        0.0000520326   0.0000223924  -0.0000120464  -0.0001032758   0.0000233091
       -0.0001143442   0.0000162620  -0.0000527376  -0.0000034783  -0.0000045467
       -0.0000059907  -0.0000487847   0.0000212041   0.0000161379   0.0000278003
        0.0006044900  -0.0006278049   0.0004652450  -0.0003556346   0.0005507218
        0.0005747113   0.0031018463   0.0018559273  -0.0025505497  -0.0225756517
        0.0125918205  -0.0799519737  -0.0453885330   0.0170995914   0.0246825462
        0.0495178932  -0.0227868071   0.0359735890  -0.1489399452   0.0429705363
        0.0594340174   0.5534130571  -0.1974701344   0.0065019419  -0.2778895694
        0.1043794170   0.0204050029   0.0001646193  -0.0000225059  -0.0000050758
       -0.0002639301   0.0000215319   0.0001732642  -0.0001758944   0.0002761834
        0.0000899226  -0.0002728106   0.0000074885   0.0004450736   0.0013683972
        0.0031277335  -0.0025860151  -0.0166208852   0.0071646195   0.0219466506
       -0.0794595674   0.0230499553  -0.0864946998  -0.0162095578   0.0078086148
        0.0010472027
       -0.0000138024   0.0000317406  -0.0001116628   0.0001491583  -0.0000167606
        0.0001021481  -0.0000861920  -0.0000684407  -0.0000594648   0.0000092810
        0.0000344846  -0.0000439643  -0.0000379878   0.0000285173   0.0000103594
        0.0008387703  -0.0004465936  -0.0008284179  -0.0008299010   0.0005088637
       -0.0000466211   0.0017658160   0.0063698800   0.0019984282   0.0111741249
       -0.0059351752   0.0353914818   0.0174217682  -0.0129399873  -0.0110623982
       -0.0214614500   0.0115089864  -0.0143490711   0.0406558340  -0.0676063340
       -0.0200399909  -0.1974701344   0.2107252567  -0.0211673580   0.1066039589
       -0.0961122435  -0.0075588132  -0.0001857014   0.0001060627   0.0002895379
       -0.0000007449   0.0000003692  -0.0001761888   0.0004546043  -0.0002973357
        0.0001817954   0.0000126185  -0.0001661603  -0.0002175815   0.0030715323
        0.0065170485   0.0015133316   0.0079166785  -0.0024638735  -0.0100280986
        0.0230143271  -0.0474009548   0.0466053441   0.0069974418  -0.0023773506
       -0.0004027951
        0.0000644988   0.0000811772  -0.0001100832  -0.0005257607  -0.0000543247
       -0.0001766151   0.0001130507  -0.0001460771   0.0000270543   0.0000988000
        0.0000502950   0.0000188417   0.0000978257   0.0000428461   0.0001407987
        0.0014287770   0.0000871661  -0.0002239947   0.0000264496  -0.0004322166
       -0.0001323879  -0.0031860394   0.0016671300  -0.0046993307  -0.0261057716
        0.0114743455   0.0197202814   0.0247397686  -0.0108185422  -0.0093682084
       -0.0171468876   0.0096958004  -0.0658954094   0.1310600762  -0.0529312398
       -0.2463655806   0.0065019419  -0.0211673580   0.6563739206  -0.0506553334
        0.0245385393  -0.0970702249   0.0000221123  -0.0000145549   0.0001269402
       -0.0000027851   0.0002482245  -0.0001508983  -0.0013019389   0.0004546488
       -0.0003649732   0.0004514988  -0.0001809675   0.0006457762  -0.0022207169
        0.0013501332  -0.0046835571   0.0004727319  -0.0001507369   0.0008790990
       -0.0862820022   0.0466032783  -0.2490660917   0.0223497043  -0.0103975668
        0.0003746431
        0.0000489316  -0.0000610417   0.0001853455   0.0005243088   0.0003500300
       -0.0003287586  -0.0001216552  -0.0000758608   0.0000420894  -0.0000431633
       -0.0000266644   0.0000071540  -0.0000648235  -0.0000774093   0.0000567669
        0.0013798198   0.0006326259  -0.0024931192  -0.0002780148  -0.0007562701
       -0.0020629837  -0.0216886948   0.0099305573  -0.0233528441  -0.1116710978
        0.0290159904  -0.0376766838   0.0463939823  -0.0194606174  -0.0158519259
       -0.0364363462   0.0147689165  -0.0290911895  -0.0367378880   0.0150188636
        0.0711501706  -0.2778895694   0.1066039589  -0.0506553334   0.5639560087
       -0.2012542906  -0.0193607578  -0.0001670966   0.0000943225   0.0004280380
       -0.0000218872   0.0002399550  -0.0003531999  -0.0045682334   0.0025371126
       -0.0011062712   0.0001556793   0.0032023478   0.0033111027  -0.0001618417
       -0.0000656610  -0.0006719226   0.0002017027   0.0033618267   0.0030497782
       -0.0124741533   0.0060240776  -0.0032211959  -0.1103359682   0.0299972307
        0.1079957403
       -0.0000414623   0.0001036302  -0.0001283119  -0.0001043720  -0.0003418437
        0.0003266035   0.0000328468   0.0000408433  -0.0001188194  -0.0000320844
       -0.0000198391  -0.0000219284   0.0000410593   0.0000434177  -0.0000064142
       -0.0003157421   0.0008050673  -0.0007271152   0.0002561845  -0.0000546424
        0.0013021263   0.0088404431  -0.0051714451   0.0117499070   0.0318413603
       -0.0653923613   0.0250227128  -0.0209945577   0.0102769452   0.0088312288
        0.0148706025  -0.0122549917   0.0134586885   0.0166231862  -0.0052648896
       -0.0332749974   0.1043794170  -0.0961122435   0.0245385393  -0.2012542906
        0.2100973523  -0.0092517717   0.0002347337   0.0001393615   0.0000370495
        0.0000176662   0.0000278581   0.0004464505   0.0022345721   0.0002258554
        0.0001575073   0.0031392675   0.0059903483  -0.0012898616  -0.0000095600
       -0.0001578472   0.0002871816   0.0033063643   0.0062231116  -0.0010057383
        0.0067348308  -0.0025523114   0.0015959959   0.0301995349  -0.0466513760
       -0.0419290329
       -0.0000459681   0.0001552904  -0.0006246880  -0.0003631087  -0.0002122746
        0.0005189363   0.0001503837  -0.0002281932  -0.0000385496   0.0000536080
       -0.0000048589  -0.0000788233   0.0000469122   0.0001638144   0.0000466748
        0.0027460130   0.0009440690  -0.0019251843   0.0008267822  -0.0010871477
       -0.0010713814  -0.0149814688   0.0061612722  -0.0018383304  -0.1010770842
        0.0525392278  -0.2700802160   0.0337172973  -0.0131557015  -0.0634412919
       -0.0292732068   0.0134737301  -0.0181871506   0.0177340700  -0.0091792414
        0.0357247875   0.0204050029  -0.0075588132  -0.0970702249  -0.0193607578
       -0.0092517717   0.6447815438  -0.0000534020   0.0000025198  -0.0002460469
        0.0004760887  -0.0009631697   0.0000698029   0.0001548587  -0.0002951782
        0.0001745131   0.0027310845  -0.0008712713  -0.0037381800  -0.0006665887
        0.0002422684   0.0004554421   0.0032736534  -0.0011144065  -0.0035828755
       -0.0244925552   0.0112978556  -0.0040234622   0.1079983857  -0.0410580197
       -0.2158252957
       -0.0000227029   0.0000846076  -0.0000482327   0.0000326874  -0.0006851260
       -0.0001411262  -0.0011314438  -0.0005440426  -0.0002373922   0.0000542498
        0.0001310042   0.0000421340  -0.0001736605   0.0000475181   0.0001150419
        0.0126214158  -0.0119700188   0.0069771994  -0.1699257565   0.1197039312
       -0.0643455514  -0.0116265270   0.0105601175  -0.0053639965   0.0002859295
        0.0024564283   0.0009615590  -0.0000491232   0.0001225667  -0.0002868988
       -0.0002800356  -0.0001011632  -0.0000410387  -0.0000352317   0.0000208137
        0.0001973051   0.0001646193  -0.0001857014   0.0000221123  -0.0001670966
        0.0002347337  -0.0000534020   0.1812235799  -0.1277729716   0.0680906320
       -0.0111657799   0.0089295030  -0.0058170326   0.0001914122  -0.0010004974
       -0.0003755194   0.0000021988   0.0000579460   0.0000251227  -0.0000352411
       -0.0000074240  -0.0000075072   0.0000085374   0.0000276033   0.0000098115
        0.0000188162   0.0000040172   0.0000229938   0.0000091527  -0.0001138457
        0.0002537861
       -0.0000447318   0.0002017176  -0.0000128810  -0.0002597849  -0.0023601748
        0.0003489431   0.0002937693   0.0010436078  -0.0001761006   0.0002520539
        0.0001502439   0.0000494461  -0.0000688690   0.0001949143   0.0000409002
        0.0133954931  -0.0297632732   0.0046225210   0.1128359082  -0.1344493183
        0.0488433832   0.0045182305  -0.0084153655   0.0012569533  -0.0005421788
       -0.0004688558  -0.0001483826  -0.0000713514  -0.0000574331   0.0000560063
        0.0000051166   0.0000569315   0.0000478051  -0.0000408190   0.0000297234
       -0.0000227175  -0.0000225059   0.0001060627  -0.0000145549   0.0000943225
        0.0001393615   0.0000025198  -0.1277729716   0.1684620557  -0.0533552724
       -0.0028985412   0.0051793974  -0.0014482108   0.0003989971   0.0000078521
       -0.0000849661  -0.0000140945  -0.0000432634   0.0000049536  -0.0000060351
        0.0000029953   0.0000070408  -0.0000005357   0.0000039225   0.0000127098
       -0.0000087910   0.0000412540   0.0000044957  -0.0000426812  -0.0000623559
       -0.0000345921
       -0.0000310028  -0.0001548542  -0.0001888984  -0.0002489663  -0.0000995863
        0.0005404174  -0.0002073447  -0.0002603891  -0.0002056515   0.0000043150
        0.0000437492  -0.0001123498   0.0000279561   0.0001837627  -0.0002802208
       -0.0033862005   0.0098701590  -0.0016485003  -0.0640706581   0.0485577796
       -0.0655825753   0.0154361356  -0.0140608438   0.0057699511  -0.0008806219
       -0.0031344010  -0.0010751020   0.0004734254  -0.0002473720   0.0001164186
        0.0001574453   0.0002148686  -0.0000021460   0.0000045958  -0.0000539473
       -0.0000011916  -0.0000050758   0.0002895379   0.0001269402   0.0004280380
        0.0000370495  -0.0002460469   0.0680906320  -0.0533552724   0.0694865124
       -0.0164341728   0.0121749500  -0.0072455298   0.0007192453   0.0002602660
        0.0001838964  -0.0000519109  -0.0000826445   0.0000756670   0.0000485986
       -0.0000166400   0.0000280153  -0.0000423795  -0.0000405192   0.0000385499
        0.0000055110   0.0000041675   0.0000266139  -0.0000375649  -0.0001298203
        0.0001952303
       -0.0000732111  -0.0000281657   0.0003349164   0.0007414748   0.0002619528
       -0.0002405802  -0.0001794990   0.0000096400   0.0000248116   0.0000089080
        0.0000168155   0.0000567243  -0.0001060528  -0.0002516416  -0.0002138653
       -0.0097072692  -0.0129267147  -0.0115156122  -0.1189631224  -0.0303452276
       -0.1159169749   0.0088141254   0.0018075050   0.0124953899   0.0005298955
       -0.0006661252   0.0002878557  -0.0001657775   0.0000502933  -0.0000342324
        0.0000401071  -0.0000176894   0.0000128838   0.0000032465   0.0000139517
       -0.0000509067  -0.0002639301  -0.0000007449  -0.0000027851  -0.0000218872
        0.0000176662   0.0004760887  -0.0111657799  -0.0028985412  -0.0164341728
        0.1301663356   0.0413095813   0.1296869605   0.0001925409   0.0029917319
        0.0015157428   0.0000337115  -0.0000133093  -0.0000820223  -0.0000001327
       -0.0000128359  -0.0000063255   0.0000195175   0.0000110523  -0.0000186613
       -0.0000278408   0.0000066793  -0.0000307273   0.0001246399   0.0006641262
       -0.0003445079
       -0.0000644934   0.0001439106   0.0000474557   0.0009236675  -0.0002127169
        0.0000526382   0.0001038518   0.0002116239  -0.0000574943   0.0000818071
        0.0000883867   0.0000064139  -0.0002290397  -0.0002472886  -0.0001276189
       -0.0170295055  -0.0195365944  -0.0210055329  -0.0302578664  -0.0512387709
       -0.0477840345  -0.0037760457  -0.0047098166  -0.0062236425  -0.0003395041
        0.0002114179  -0.0003698780   0.0000508913  -0.0000669618   0.0000118216
       -0.0001215169   0.0000746015  -0.0000420558  -0.0001226184   0.0000414998
        0.0001284582   0.0000215319   0.0000003692   0.0002482245   0.0002399550
        0.0000278581  -0.0009631697   0.0089295030   0.0051793974   0.0121749500
        0.0413095813   0.0718732896   0.0623844333  -0.0002347989  -0.0006539974
        0.0004326511  -0.0000244950   0.0000153873   0.0001274071  -0.0000311814
        0.0000318555   0.0000273735  -0.0000708461  -0.0000024451   0.0000363551
       -0.0000333174  -0.0000106005  -0.0000001839   0.0006744401  -0.0012204053
        0.0008954283
        0.0001233877   0.0000124560  -0.0003647937  -0.0003759289  -0.0000424618
       -0.0005781024   0.0000705960  -0.0003902593   0.0003663424  -0.0000050229
        0.0000225074   0.0000633308  -0.0002521559   0.0004332526   0.0003954632
        0.0077710176  -0.0004308646   0.0078231421  -0.1177336724  -0.0515184795
       -0.1959494875  -0.0127101377  -0.0075854687  -0.0179999290   0.0000151208
        0.0012082752   0.0001876256   0.0000609159   0.0001081668  -0.0002818696
       -0.0001499986   0.0000070716   0.0000434704  -0.0000862902   0.0000001641
        0.0002072641   0.0001732642  -0.0001761888  -0.0001508983  -0.0003531999
        0.0004464505   0.0000698029  -0.0058170326  -0.0014482108  -0.0072455298
        0.1296869605   0.0623844333   0.2132206117  -0.0001397938  -0.0034737082
       -0.0003730775  -0.0000736401   0.0000141200   0.0001218035  -0.0000502180
        0.0000129188   0.0000012961  -0.0000033773   0.0000287970   0.0000058171
       -0.0000732989   0.0000462634  -0.0000031090  -0.0000774954   0.0003407651
        0.0004408268
        0.0000072944   0.0000966762  -0.0002607664  -0.0011371336  -0.0008497313
        0.0008796475   0.0003003828   0.0000862135  -0.0002413032   0.0001412789
        0.0001077474  -0.0001325578  -0.0001391904  -0.0000153344  -0.0000949237
        0.0052916223   0.0001578631   0.0237961537  -0.0011998445  -0.0000397421
        0.0009857126  -0.0814494371   0.0017191285  -0.0967401040  -0.0105752186
        0.0012443443  -0.0218944547   0.0005704901  -0.0001871019  -0.0021092221
        0.0002383915  -0.0000181548   0.0000521274   0.0002811125  -0.0001371916
        0.0000998674  -0.0001758944   0.0004546043  -0.0013019389  -0.0045682334
        0.0022345721   0.0001548587   0.0001914122   0.0003989971   0.0007192453
        0.0001925409  -0.0002347989  -0.0001397938   0.0929837553  -0.0051736026
        0.0944378141  -0.0006377052   0.0001910395   0.0012269951   0.0000840798
       -0.0000285693   0.0000515294   0.0000324111  -0.0000445421   0.0001018903
       -0.0003849887   0.0001543444   0.0000014257  -0.0000471259  -0.0001167616
        0.0004077975
        0.0000814439  -0.0001156331  -0.0001740395  -0.0008373361   0.0004242916
        0.0006874160  -0.0000804131  -0.0000690297   0.0001113497   0.0001272384
       -0.0000587434  -0.0000352747   0.0002752416  -0.0001552433  -0.0003682752
        0.0017270021  -0.0017802808   0.0199717101  -0.0096102962  -0.0017267219
       -0.0254997116   0.0025215683  -0.0336658317  -0.0035678836   0.0064014045
       -0.0000628315   0.0097446815  -0.0002615526  -0.0002401225   0.0010455976
       -0.0001453964  -0.0000109325   0.0000016320  -0.0000850033   0.0000765342
        0.0000836306   0.0002761834  -0.0002973357   0.0004546488   0.0025371126
        0.0002258554  -0.0002951782  -0.0010004974   0.0000078521   0.0002602660
        0.0029917319  -0.0006539974  -0.0034737082  -0.0051736026   0.0381233146
        0.0015543266   0.0002058889   0.0001322449  -0.0003747955  -0.0000116402
        0.0000343294  -0.0000131596   0.0000029206   0.0000429174  -0.0000238227
        0.0001153246  -0.0001876474   0.0000208581  -0.0000573230  -0.0000429885
       -0.0001102682
        0.0000421045  -0.0000474131   0.0002904179   0.0008669233   0.0003606680
       -0.0019737455  -0.0000335080  -0.0004505817   0.0003630921  -0.0002655177
       -0.0001144260  -0.0000551243  -0.0006678728   0.0001452299   0.0005693117
        0.0052522834  -0.0000524484  -0.0226425224  -0.0018945261  -0.0010675164
       -0.0136188148  -0.0949419614  -0.0006960410  -0.2430818637  -0.0051682211
        0.0005584403  -0.0061199985   0.0017200356  -0.0006289503   0.0012730488
        0.0000741266   0.0002226883  -0.0003363859   0.0001363054  -0.0000679055
        0.0002056353   0.0000899226   0.0001817954  -0.0003649732  -0.0011062712
        0.0001575073   0.0001745131  -0.0003755194  -0.0000849661   0.0001838964
        0.0015157428   0.0004326511  -0.0003730775   0.0944378141   0.0015543266
        0.2849788716   0.0001650860  -0.0002596773   0.0001952374   0.0001190640
       -0.0000760222   0.0000309282  -0.0000237398  -0.0000571888   0.0000315510
       -0.0000742319   0.0000384148   0.0000222856   0.0001319611  -0.0000485849
        0.0002477167
        0.0000026823   0.0000116741  -0.0000864201  -0.0001414937  -0.0000934345
        0.0001066597   0.0000432549   0.0000015584   0.0000141919   0.0000298096
        0.0000110967   0.0000106389   0.0000611771   0.0000436398  -0.0000016068
        0.0001881999   0.0002634079  -0.0001785053   0.0001116035  -0.0001746452
       -0.0000754475   0.0002242550  -0.0013676874   0.0020539696   0.0051816226
       -0.0020702059   0.0113817042  -0.0807035987   0.0219434152  -0.0866929862
       -0.0120916231   0.0063731023  -0.0247171197  -0.0035999395   0.0052030571
       -0.0001294921  -0.0002728106   0.0000126185   0.0004514988   0.0001556793
        0.0031392675   0.0027310845   0.0000021988  -0.0000140945  -0.0000519109
        0.0000337115  -0.0000244950  -0.0000736401  -0.0006377052   0.0002058889
        0.0001650860   0.0919432429  -0.0318324164   0.0964260891   0.0001295385
       -0.0012239233  -0.0007640667  -0.0006121295   0.0002840511  -0.0012984831
       -0.0002592405  -0.0006572182  -0.0000166079   0.0002115650  -0.0000346570
        0.0007453637
       -0.0000199528  -0.0001355635   0.0000080432  -0.0000003106   0.0000188337
        0.0000120706  -0.0000355447   0.0000201307   0.0001408164   0.0000116350
       -0.0000416385   0.0000288050   0.0001378422   0.0000479804  -0.0001628580
       -0.0006171923   0.0002563294   0.0008979307   0.0003607080  -0.0002090967
       -0.0004922293  -0.0008599541  -0.0021514512  -0.0012156091  -0.0017726157
        0.0018029793  -0.0042183306   0.0216687482  -0.0449236587   0.0421119569
        0.0059451083  -0.0022564396   0.0112420883   0.0052430428   0.0056128833
        0.0002558848   0.0000074885  -0.0001661603  -0.0001809675   0.0032023478
        0.0059903483  -0.0008712713   0.0000579460  -0.0000432634  -0.0000826445
       -0.0000133093   0.0000153873   0.0000141200   0.0001910395   0.0001322449
       -0.0002596773  -0.0318324164   0.0394905126  -0.0476997345  -0.0012387601
       -0.0020941961   0.0002583104   0.0002529153  -0.0001756761   0.0005943550
       -0.0006668752  -0.0013844193  -0.0000489715  -0.0000218905   0.0001939334
       -0.0003320876
       -0.0000157540  -0.0000197969   0.0000906238   0.0001693509  -0.0000098084
       -0.0005204027  -0.0000117534  -0.0000590760   0.0000809348  -0.0000921355
       -0.0000262355   0.0000181268  -0.0001633298   0.0000476286   0.0001981310
       -0.0001394947  -0.0001202243   0.0006518240  -0.0000322934   0.0002165938
       -0.0000277501  -0.0014917832   0.0005202680   0.0001436601  -0.0084955230
        0.0043394267  -0.0266364636  -0.0873715452   0.0427071152  -0.2454383874
       -0.0031475488   0.0015895930  -0.0039732771  -0.0006579046   0.0003906601
        0.0012008276   0.0004450736  -0.0002175815   0.0006457762   0.0033111027
       -0.0012898616  -0.0037381800   0.0000251227   0.0000049536   0.0000756670
       -0.0000820223   0.0001274071   0.0001218035   0.0012269951  -0.0003747955
        0.0001952374   0.0964260891  -0.0476997345   0.2771518505   0.0006679060
       -0.0003762039   0.0010032480   0.0000177442  -0.0000240262  -0.0001939021
        0.0000243737  -0.0000417477   0.0001571983  -0.0006126701   0.0003154461
       -0.0012065460
       -0.0000665244  -0.0000416861   0.0000269498   0.0002731148   0.0001592436
        0.0001017301  -0.0000745747   0.0000157241  -0.0000051048  -0.0000419204
       -0.0000109769   0.0000044673   0.0000129182  -0.0000450377  -0.0000266745
       -0.0003484529   0.0001739615   0.0001709290  -0.0001692286   0.0000028785
       -0.0000757156  -0.0004601558   0.0001755397   0.0010270781  -0.0033809529
        0.0051552684  -0.0007316085  -0.0163520825   0.0071123291   0.0225394282
       -0.1104999932   0.0316071160   0.1080769595   0.0054174719  -0.0019066181
       -0.0078561677   0.0013683972   0.0030715323  -0.0022207169  -0.0001618417
       -0.0000095600  -0.0006665887  -0.0000352411  -0.0000060351   0.0000485986
       -0.0000001327  -0.0000311814  -0.0000502180   0.0000840798  -0.0000116402
        0.0001190640   0.0001295385  -0.0012387601   0.0006679060   0.1240118406
       -0.0420933580  -0.1196896260   0.0003115028  -0.0012747486  -0.0008503899
        0.0002164615  -0.0001156000  -0.0005293447  -0.0002342244  -0.0006883910
       -0.0000809552
        0.0000213526  -0.0000589757  -0.0000602479  -0.0001060755  -0.0001580507
       -0.0001060535  -0.0000347149   0.0000124333   0.0001645545   0.0000191156
        0.0000303182   0.0000396629   0.0000698075   0.0001674821  -0.0000423794
        0.0000705457   0.0002830889   0.0003495725   0.0002045216  -0.0000192267
       -0.0002986635   0.0002601432  -0.0004463252  -0.0006161257   0.0051389555
        0.0057579610   0.0006045647   0.0076444684  -0.0026506726  -0.0101889564
        0.0315915953  -0.0485006659  -0.0449812889  -0.0024474132   0.0017883293
        0.0045196395   0.0031277335   0.0065170485   0.0013501332  -0.0000656610
       -0.0001578472   0.0002422684  -0.0000074240   0.0000029953  -0.0000166400
       -0.0000128359   0.0000318555   0.0000129188  -0.0000285693   0.0000343294
       -0.0000760222  -0.0012239233  -0.0020941961  -0.0003762039  -0.0420933580
        0.0427938803   0.0489529930  -0.0012981227  -0.0019350514   0.0003111950
       -0.0001511146   0.0000002555   0.0002743011  -0.0006790265  -0.0013989659
       -0.0000592222
       -0.0000023324   0.0000321916  -0.0000066182  -0.0002498500  -0.0000247157
       -0.0000771191   0.0000630151  -0.0000406620  -0.0000220516   0.0000212901
        0.0000180094   0.0000216646   0.0000664201   0.0000047231   0.0000980029
        0.0002280000  -0.0000867135  -0.0000011152  -0.0000321627   0.0000451348
        0.0000834273  -0.0003141232   0.0001481900  -0.0000978129  -0.0003125097
        0.0003067982   0.0012511933   0.0011082344  -0.0004686034   0.0001984742
        0.1083130310  -0.0448172776  -0.2171507394   0.0135151376  -0.0054433966
       -0.0256117986  -0.0025860151   0.0015133316  -0.0046835571  -0.0006719226
        0.0002871816   0.0004554421  -0.0000075072   0.0000070408   0.0000280153
       -0.0000063255   0.0000273735   0.0000012961   0.0000515294  -0.0000131596
        0.0000309282  -0.0007640667   0.0002583104   0.0010032480  -0.1196896260
        0.0489529930   0.2448477491   0.0005509771  -0.0003461861   0.0007020388
        0.0007666307  -0.0003154560  -0.0012223270  -0.0000478243  -0.0000451075
        0.0001516592
       -0.0000519506  -0.0000357290   0.0000542448   0.0003411694   0.0001269829
        0.0000240835  -0.0000986883   0.0000368301  -0.0000234039  -0.0000638375
       -0.0000155460  -0.0000138949  -0.0000375696  -0.0000349137  -0.0000250981
       -0.0003774133   0.0000966153   0.0000431490   0.0002012777  -0.0001417643
       -0.0000355562  -0.0000451232  -0.0007598761   0.0000043388   0.0008187217
       -0.0003018165   0.0001746873   0.0011698101   0.0031754381  -0.0025533386
       -0.0126212437   0.0061594057  -0.0027651810  -0.2495919888   0.0982578322
       -0.0174586064  -0.0166208852   0.0079166785   0.0004727319   0.0002017027
        0.0033063643   0.0032736534   0.0000085374  -0.0000005357  -0.0000423795
        0.0000195175  -0.0000708461  -0.0000033773   0.0000324111   0.0000029206
       -0.0000237398  -0.0006121295   0.0002529153   0.0000177442   0.0003115028
       -0.0012981227   0.0005509771   0.2774929719  -0.1157813807   0.0190615546
        0.0002829410  -0.0012279895  -0.0006107146  -0.0007597335   0.0003365373
       -0.0001218745
        0.0000303422  -0.0000041447   0.0000138611  -0.0000639741   0.0000109602
        0.0000149841  -0.0000812563   0.0000004439  -0.0000138280  -0.0000067653
        0.0000375495  -0.0000009100   0.0000872525   0.0000430633  -0.0000070044
       -0.0006194601   0.0001669452   0.0001362707   0.0004723761  -0.0002156294
       -0.0000241224  -0.0004032529  -0.0014864863  -0.0001232894  -0.0004325697
        0.0003556489   0.0000290899   0.0031445383   0.0065068315   0.0014986717
        0.0067719000  -0.0024222811   0.0013177830   0.0983509159  -0.0804447725
        0.0083328787   0.0071646195  -0.0024638735  -0.0001507369   0.0033618267
        0.0062231116  -0.0011144065   0.0000276033   0.0000039225  -0.0000405192
        0.0000110523  -0.0000024451   0.0000287970  -0.0000445421   0.0000429174
       -0.0000571888   0.0002840511  -0.0001756761  -0.0000240262  -0.0012747486
       -0.0019350514  -0.0003461861  -0.1157813807   0.0778939735  -0.0096910218
       -0.0012767876  -0.0019074761   0.0001704861   0.0002782595  -0.0002275314
        0.0000504173
       -0.0000292751   0.0000333044   0.0000372740  -0.0000815200   0.0000756662
       -0.0000476339   0.0000346117  -0.0000359062  -0.0000544797   0.0000041203
        0.0000035671   0.0000212601   0.0000500743  -0.0000476145   0.0001165089
        0.0001065447  -0.0001793842   0.0000228633  -0.0000046495   0.0000133398
        0.0001082704  -0.0001495663   0.0000703649  -0.0000413757   0.0001115983
       -0.0000315049  -0.0007542089  -0.0022892462   0.0014131128  -0.0044789285
       -0.0242212523   0.0112042578  -0.0033330012  -0.0174840326   0.0083408133
       -0.0459805638   0.0219466506  -0.0100280986   0.0008790990   0.0030497782
       -0.0010057383  -0.0035828755   0.0000098115   0.0000127098   0.0000385499
       -0.0000186613   0.0000363551   0.0000058171   0.0001018903  -0.0000238227
        0.0000315510  -0.0012984831   0.0005943550  -0.0001939021  -0.0008503899
        0.0003111950   0.0007020388   0.0190615546  -0.0096910218   0.0557643362
        0.0007983956  -0.0004981680   0.0007315467   0.0011520462  -0.0005677822
        0.0000078539
       -0.0000052855  -0.0000439269   0.0000888596   0.0003125492   0.0001783517
       -0.0000919399  -0.0001059257  -0.0000063348  -0.0000218419  -0.0000358103
       -0.0000158552  -0.0000199029  -0.0000605736  -0.0000685459  -0.0000305389
       -0.0000602946  -0.0000535314  -0.0000791997   0.0000525187  -0.0000771516
       -0.0000206418  -0.0002585302   0.0002993353  -0.0012557392  -0.0033367474
        0.0053218037  -0.0001134440  -0.0003326652   0.0000754646   0.0005452357
        0.0003944277   0.0032664647   0.0029962246   0.0054624781  -0.0025717574
        0.0129186847  -0.0794595674   0.0230143271  -0.0862820022  -0.0124741533
        0.0067348308  -0.0244925552   0.0000188162  -0.0000087910   0.0000055110
       -0.0000278408  -0.0000333174  -0.0000732989  -0.0003849887   0.0001153246
       -0.0000742319  -0.0002592405  -0.0006668752   0.0000243737   0.0002164615
       -0.0001511146   0.0007666307   0.0002829410  -0.0012767876   0.0007983956
        0.0899466021  -0.0328165952   0.0952319506   0.0001148286  -0.0012153183
       -0.0008205294
        0.0000373838   0.0000703550  -0.0000143822  -0.0000498248   0.0001362462
        0.0001346017  -0.0000607299  -0.0000921582  -0.0001499957   0.0000126049
        0.0000200662  -0.0000315810   0.0000507289  -0.0000757016   0.0000588965
       -0.0003643930  -0.0002337740  -0.0004177551   0.0001621251   0.0000124237
        0.0003846122   0.0003870708   0.0001713510   0.0007416050   0.0052495212
        0.0057949382   0.0002275812   0.0000546373  -0.0001308383  -0.0002805701
        0.0032272853   0.0063602805  -0.0010156228  -0.0018618432   0.0018495359
       -0.0050502660   0.0230499553  -0.0474009548   0.0466032783   0.0060240776
       -0.0025523114   0.0112978556   0.0000040172   0.0000412540   0.0000041675
        0.0000066793  -0.0000106005   0.0000462634   0.0001543444  -0.0001876474
        0.0000384148  -0.0006572182  -0.0013844193  -0.0000417477  -0.0001156000
        0.0000002555  -0.0003154560  -0.0012279895  -0.0019074761  -0.0004981680
       -0.0328165952   0.0416290492  -0.0519944993  -0.0012662371  -0.0021098739
        0.0002727676
       -0.0000463116  -0.0000145148   0.0000898626   0.0001403595   0.0001373241
       -0.0000910875  -0.0000163929  -0.0000024684  -0.0000441848  -0.0000173790
       -0.0000131779   0.0000144439   0.0000039437  -0.0000628596   0.0000750135
       -0.0000097925  -0.0001725049   0.0000576579  -0.0000133256   0.0000201116
       -0.0000113756   0.0000342130   0.0000511911  -0.0003502530  -0.0005169522
        0.0004901123   0.0012707991   0.0005673668  -0.0002830192   0.0007102796
        0.0033293626  -0.0011341726  -0.0038261551  -0.0084981208   0.0047826487
       -0.0255444897  -0.0864946998   0.0466053441  -0.2490660917  -0.0032211959
        0.0015959959  -0.0040234622   0.0000229938   0.0000044957   0.0000266139
       -0.0000307273  -0.0000001839  -0.0000031090   0.0000014257   0.0000208581
        0.0000222856  -0.0000166079  -0.0000489715   0.0001571983  -0.0005293447
        0.0002743011  -0.0012223270  -0.0006107146   0.0001704861   0.0007315467
        0.0952319506  -0.0519944993   0.2800209255   0.0006899493  -0.0004264970
        0.0010059092
        0.0000815261   0.0000232102   0.0000514007  -0.0002406996  -0.0001555838
       -0.0002718014   0.0000456811  -0.0000528266   0.0000277723   0.0000779273
        0.0000125185   0.0000066832  -0.0000204682   0.0000328582   0.0000427849
       -0.0005679810  -0.0000551427  -0.0003013863  -0.0002911325   0.0005290564
       -0.0008690211  -0.0000353022  -0.0009396092  -0.0001593701   0.0059377755
       -0.0018858260  -0.0069598769   0.0008716160   0.0030420620  -0.0021460039
       -0.0001255895  -0.0000100120  -0.0005223458  -0.0033707696   0.0052615258
       -0.0006304211  -0.0162095578   0.0069974418   0.0223497043  -0.1103359682
        0.0301995349   0.1079983857   0.0000091527  -0.0000426812  -0.0000375649
        0.0001246399   0.0006744401  -0.0000774954  -0.0000471259  -0.0000573230
        0.0001319611   0.0002115650  -0.0000218905  -0.0006126701  -0.0002342244
       -0.0006790265  -0.0000478243  -0.0007597335   0.0002782595   0.0011520462
        0.0001148286  -0.0012662371   0.0006899493   0.1247638400  -0.0418847487
       -0.1198149063
        0.0000695685  -0.0000505037   0.0001251942  -0.0000043615   0.0003966733
       -0.0000054566  -0.0000717457  -0.0001221184  -0.0001320415   0.0000112599
       -0.0000343083  -0.0000307865   0.0000645243  -0.0001972852   0.0000238452
       -0.0009327252  -0.0002505633   0.0000830873   0.0012841864  -0.0003793299
        0.0009879454  -0.0005503400  -0.0017740679  -0.0001757102  -0.0029003791
        0.0021908880   0.0036049140   0.0029750924   0.0060539558   0.0012875709
        0.0000055964  -0.0002021554   0.0002729728   0.0052965369   0.0056448688
        0.0004851838   0.0078086148  -0.0023773506  -0.0103975668   0.0299972307
       -0.0466513760  -0.0410580197  -0.0001138457  -0.0000623559  -0.0001298203
        0.0006641262  -0.0012204053   0.0003407651  -0.0001167616  -0.0000429885
       -0.0000485849  -0.0000346570   0.0001939334   0.0003154461  -0.0006883910
       -0.0013989659  -0.0000451075   0.0003365373  -0.0002275314  -0.0005677822
       -0.0012153183  -0.0021098739  -0.0004264970  -0.0418847487   0.0426208602
        0.0454904485
        0.0001449463   0.0000257952   0.0001382907  -0.0006210386  -0.0001314636
       -0.0005023991   0.0001191109  -0.0000518703   0.0000769432   0.0001598108
        0.0000656787   0.0000523850   0.0000662003   0.0000541778   0.0001565036
       -0.0005028014  -0.0006642612   0.0009681814  -0.0000261016   0.0004143359
       -0.0004180645   0.0013380741  -0.0005444725  -0.0000955289   0.0134407903
       -0.0051195611  -0.0260374732  -0.0026654395   0.0015472866  -0.0044808605
       -0.0005235373   0.0002070614   0.0004739741  -0.0001971311   0.0003562296
        0.0011670382   0.0010472027  -0.0004027951   0.0003746431   0.1079957403
       -0.0419290329  -0.2158252957   0.0002537861  -0.0000345921   0.0001952303
       -0.0003445079   0.0008954283   0.0004408268   0.0004077975  -0.0001102682
        0.0002477167   0.0007453637  -0.0003320876  -0.0012065460  -0.0000809552
       -0.0000592222   0.0001516592  -0.0001218745   0.0000504173   0.0000078539
       -0.0008205294   0.0002727676   0.0010059092  -0.1198149063   0.0454904485
        0.2431090126
