$hessian                                                                        
        0.0402836012  -0.0172520004  -0.0127279058  -0.0241542631   0.0107031603
        0.0111016232  -0.0038074150   0.0017384088   0.0036525792  -0.0030240601
        0.0016220520   0.0030331932   0.0002407647   0.0001299856  -0.0002888384
       -0.0000210740   0.0001071251  -0.0002845897   0.0002523312  -0.0002894804
       -0.0000021836  -0.0001890058  -0.0001064121   0.0000267170  -0.0002213245
       -0.0000949980   0.0000480708  -0.0002253993   0.0003172510   0.0000433388
        0.0023111378  -0.0024724574   0.0001332054   0.0004715130   0.0118308993
       -0.0087197671  -0.0067677053  -0.0015467861  -0.0016253857  -0.0016123305
       -0.0013931530   0.0045226293  -0.0047552785  -0.0027076263   0.0003883612
        0.0003217387  -0.0001057198  -0.0002064280   0.0002183499   0.0000582588
       -0.0000998512   0.0000886148  -0.0001019830   0.0001522368   0.0003585068
       -0.0004543790   0.0005395557   0.0000828531   0.0000925481   0.0000247810
        0.0001293501   0.0000517250   0.0000695822   0.0001200084  -0.0000444557
        0.0001184504  -0.0001009137  -0.0000819626   0.0001006253
       -0.0172520004   0.0155828731   0.0042466451   0.0097973914  -0.0070698669
       -0.0046898754   0.0021960890  -0.0003628483  -0.0024068637   0.0012809412
       -0.0003280115  -0.0013417818   0.0001002548   0.0005156115   0.0001280136
       -0.0009623797   0.0000469935  -0.0006411356   0.0001446779  -0.0000658657
       -0.0000054422  -0.0000638380  -0.0001121942   0.0000621625  -0.0000081923
       -0.0001655598   0.0000175453   0.0000048653  -0.0002609773   0.0001079584
       -0.0028340015  -0.0012462693  -0.0002442633   0.0115816534   0.0127731547
        0.0078654588  -0.0036899103  -0.0069482991  -0.0025268243  -0.0008142662
       -0.0015133381  -0.0029609363   0.0002878940  -0.0105551222   0.0015701512
        0.0000346692   0.0000322467  -0.0004074343  -0.0001880967   0.0004091673
        0.0003708348  -0.0000584122   0.0000076752  -0.0001215717   0.0002119005
       -0.0000270464   0.0007052677   0.0000432463  -0.0001810072   0.0001877010
        0.0001021733  -0.0001230619   0.0001193549   0.0000262725  -0.0002040962
        0.0000072576   0.0000590683  -0.0002041580  -0.0000422224
       -0.0127279058   0.0042466451   0.0306302708   0.0132060053  -0.0065475087
       -0.0081985965   0.0071092223  -0.0039257497  -0.0072782223   0.0012326609
       -0.0003700479  -0.0008695591  -0.0003355543   0.0001620863  -0.0003402870
        0.0006015556  -0.0002587678  -0.0001142531  -0.0001603636  -0.0000299378
       -0.0000934615  -0.0000057442  -0.0000269507   0.0000188996   0.0000698843
        0.0000165039  -0.0000976930  -0.0000350464  -0.0002057461  -0.0002295921
        0.0026796620  -0.0016671633  -0.0012632597  -0.0092218872   0.0084910052
       -0.0011366560  -0.0025191986   0.0005242528  -0.0055824602   0.0012094020
       -0.0011180348   0.0013887917  -0.0017722755   0.0000205421  -0.0054203877
        0.0002551855   0.0001232850  -0.0003128415   0.0005987452  -0.0000228675
       -0.0007293039  -0.0004022740   0.0003012810  -0.0002997545   0.0003401625
        0.0003351685   0.0000335514  -0.0000075555  -0.0000036632   0.0002244899
       -0.0000543382  -0.0000430463   0.0000556829  -0.0000412484  -0.0000506438
       -0.0001626984  -0.0000190939   0.0000493576  -0.0002226597
       -0.0241542631   0.0097973914   0.0132060053   0.3134114857  -0.0342287765
       -0.1136210384  -0.0402607058   0.0082327824   0.0528213021  -0.1901720708
        0.0161217638   0.0357312656  -0.0331989817  -0.0094843492   0.0118720337
       -0.0010711933   0.0040002648  -0.0023904550  -0.0004312388   0.0002014972
       -0.0013904475   0.0001585887   0.0004996298   0.0002846855  -0.0004262803
       -0.0008143248  -0.0021220236  -0.0004568077  -0.0048081176   0.0030001837
       -0.0017849104   0.0013117760  -0.0002740427   0.0048380576  -0.0061194270
        0.0047857364  -0.0020942754   0.0030599924  -0.0015820503   0.0003187276
        0.0006626261  -0.0026154185  -0.0048364557   0.0030767367  -0.0021560150
        0.0031566263  -0.0000455223  -0.0056024224   0.0020307474  -0.0007694202
       -0.0040756863  -0.0260841209   0.0099918457   0.0110498153   0.0008792718
       -0.0005540688   0.0013860825   0.0000445178  -0.0000467808   0.0001419482
       -0.0001167340   0.0000391491   0.0006365665  -0.0002991129  -0.0002617677
        0.0000354406   0.0005491277   0.0001370994   0.0008785344
        0.0107031603  -0.0070698669  -0.0065475087  -0.0342287765   0.1115999153
        0.0461590525   0.0050871761  -0.0567321257  -0.0286264289   0.0189014697
       -0.0511899355   0.0007954783  -0.0226735670   0.0026528631   0.0127916561
       -0.0001857076  -0.0000036141   0.0014070933   0.0000260803   0.0010186058
       -0.0005707530  -0.0002746043   0.0003396201   0.0001381986  -0.0004893695
       -0.0002767155  -0.0012445279  -0.0010220045  -0.0024034187   0.0002566774
        0.0008196667  -0.0002621821   0.0002759572  -0.0033494527  -0.0014778525
       -0.0016886237   0.0029679525  -0.0012854331   0.0010129951   0.0002194006
        0.0004938166   0.0008793566   0.0006712400   0.0009606974   0.0001157960
        0.0171610233  -0.0025391765  -0.0252650961  -0.0126353224   0.0072984869
        0.0147567481   0.0206770448  -0.0010188826  -0.0157494601  -0.0015954055
       -0.0005081505   0.0004176730  -0.0000858913   0.0002536367   0.0004067935
       -0.0002764640   0.0001056017   0.0005183308  -0.0001920421  -0.0000451571
       -0.0000631321  -0.0002256071   0.0000892671  -0.0001762759
        0.0111016232  -0.0046898754  -0.0081985965  -0.1136210384   0.0461590525
        0.3026750125   0.0369237310  -0.0264248099  -0.2103489369   0.0511173825
       -0.0004738904  -0.0416312020  -0.0022907040  -0.0004515428   0.0017928724
        0.0005096460  -0.0008530510   0.0014320497   0.0003715317  -0.0000610028
       -0.0001903207  -0.0002006477   0.0001402447  -0.0001474436  -0.0004423683
       -0.0000366636   0.0000558913  -0.0001262698   0.0003766326  -0.0002170395
        0.0011616119  -0.0007594217   0.0000039542  -0.0026175087   0.0029334992
       -0.0064470994   0.0015488877  -0.0015930167   0.0021890544  -0.0005792075
       -0.0000834680   0.0025174424   0.0017203414  -0.0014752642   0.0018703291
        0.0087573938  -0.0112606210  -0.0206333814   0.0150269534  -0.0019507865
       -0.0288588635  -0.0076880335  -0.0000608437   0.0048986251  -0.0003639014
        0.0006290582  -0.0008272280   0.0000105270   0.0000045405  -0.0002715589
       -0.0000555801  -0.0000116979  -0.0000634057  -0.0000774919   0.0000011430
        0.0001955067  -0.0001868781  -0.0000582149   0.0002043383
       -0.0038074150   0.0021960890   0.0071092223  -0.0402607058   0.0050871761
        0.0369237310   0.3077500766   0.0399769336   0.1591113748  -0.1463065467
       -0.0120342031  -0.1249928092  -0.0125946252  -0.0109397536  -0.0124634850
       -0.0001673415   0.0019816935   0.0000290753  -0.0004470017  -0.0001184707
        0.0005813527   0.0001938194   0.0002918577  -0.0001085907  -0.0009427416
       -0.0005109885   0.0006604408   0.0009255358  -0.0014136095  -0.0009726722
        0.0001335996   0.0000207739   0.0004087400  -0.0014853181   0.0015205374
       -0.0022040932   0.0000703906  -0.0000611933   0.0002631757  -0.0004157244
        0.0000138672   0.0007614756   0.0000451416  -0.0003055208   0.0003774052
       -0.0511156306  -0.0617642285  -0.0205841265  -0.0441313770   0.0363691716
       -0.0304257895  -0.0077979409  -0.0003317294  -0.0130608111   0.0000898430
        0.0002186738  -0.0005395514   0.0000496615   0.0000727919  -0.0000342374
        0.0001219335  -0.0000393676  -0.0003453342  -0.0000246131  -0.0001526075
       -0.0000894090   0.0001169801  -0.0000778932  -0.0004050839
        0.0017384088  -0.0003628483  -0.0039257497   0.0082327824  -0.0567321257
       -0.0264248099   0.0399769336   0.5678024602  -0.0086881146  -0.0219420677
       -0.0447259335  -0.0118756639  -0.0070201532  -0.0037705664  -0.0221150174
       -0.0008262948  -0.0009980806  -0.0006523057  -0.0000988135   0.0002887878
        0.0008168707  -0.0003638858   0.0001549470  -0.0002659928  -0.0009522747
       -0.0003855579   0.0011080704  -0.0000421123  -0.0017787091  -0.0005272986
       -0.0004405858   0.0001074996  -0.0000637649   0.0025627210   0.0000367137
        0.0000351333  -0.0006217008   0.0001199260   0.0002598216  -0.0006377578
       -0.0002919302   0.0000597025  -0.0001752165  -0.0006281976   0.0003389146
       -0.0630930331  -0.2606496921  -0.0628980606   0.0372071146  -0.1990661122
        0.1139071851   0.0068127207   0.0025242515   0.0226045043  -0.0004848619
       -0.0014506767  -0.0009306301   0.0000257861  -0.0000465844  -0.0002637001
        0.0001223484   0.0000086510  -0.0004474088  -0.0000766204  -0.0001258201
        0.0000175737   0.0000965626  -0.0000304018  -0.0000692590
        0.0036525792  -0.0024068637  -0.0072782223   0.0528213021  -0.0286264289
       -0.2103489369   0.1591113748  -0.0086881146   0.5473635951  -0.1506955833
       -0.0055058061  -0.1367939107  -0.0029002883  -0.0046486849  -0.0023562516
        0.0000216248   0.0016843342  -0.0005563533  -0.0006426135  -0.0000402038
        0.0001950591   0.0000509458   0.0000150070   0.0000742124  -0.0002228024
       -0.0004692266   0.0005691818   0.0006904487  -0.0004997021  -0.0005566883
       -0.0004210586   0.0002505636  -0.0001294474   0.0022054155  -0.0026156541
        0.0052011118  -0.0006932155   0.0002983129  -0.0007938479   0.0006932047
        0.0004505946  -0.0016642761  -0.0007960576   0.0010347071  -0.0010738385
       -0.0250627672  -0.0659991821  -0.0580680909  -0.0345165580   0.1177419569
       -0.1228344457  -0.0038034881  -0.0019114889  -0.0112159503   0.0001810279
       -0.0000376447   0.0003650318   0.0000016721   0.0000245785   0.0000659135
        0.0000717153   0.0000179355  -0.0000609477   0.0000471451  -0.0000032200
        0.0000293870   0.0002059765  -0.0000657696  -0.0001322849
       -0.0030240601   0.0012809412   0.0012326609  -0.1901720708   0.0189014697
        0.0511173825  -0.1463065467  -0.0219420677  -0.1506955833   0.5441958703
       -0.0032907440   0.1623682907  -0.0924913315  -0.0559167970  -0.0140234623
        0.0086674123  -0.0023825358   0.0041863709   0.0013976692   0.0037589979
       -0.0013472332  -0.0011140455  -0.0011449562  -0.0001882831  -0.0038315016
        0.0023307310  -0.0021461505  -0.0284975500  -0.0227938846  -0.0076153864
        0.0007991822  -0.0002774088   0.0000493172  -0.0031178405   0.0023763938
       -0.0020610452   0.0009265681  -0.0009533234   0.0005566304   0.0001827836
       -0.0003184485   0.0009714383   0.0009536038  -0.0007236312   0.0005881484
       -0.0068556522   0.0008834357  -0.0026221271  -0.0062077075   0.0000396885
       -0.0020134752  -0.0742935604   0.0815658621  -0.0386757959  -0.0007642395
        0.0006000271  -0.0001189547   0.0003134244   0.0008034072  -0.0001012122
       -0.0000274408   0.0000341020   0.0001806021  -0.0006500357  -0.0010082206
       -0.0001355361  -0.0000829311  -0.0018230385   0.0004934041
        0.0016220520  -0.0003280115  -0.0003700479   0.0161217638  -0.0511899355
       -0.0004738904  -0.0120342031  -0.0447259335  -0.0055058061  -0.0032907440
        0.5325777584  -0.0559185459  -0.0653483975  -0.1767201725  -0.0110832177
       -0.0120269453  -0.0367417798  -0.0005868633   0.0040289210  -0.0037127674
        0.0016390903  -0.0002225256  -0.0011027788  -0.0000689553   0.0008492504
        0.0024820805   0.0010773497  -0.0103370005  -0.0018349598  -0.0024461695
       -0.0001564750   0.0001326109  -0.0001154202   0.0009857513   0.0008046960
        0.0005140604  -0.0006693244  -0.0000865019  -0.0001665460  -0.0000521646
       -0.0001657635  -0.0002411720  -0.0000040414  -0.0002446823  -0.0000719600
       -0.0245275829  -0.0006212141  -0.0068413672   0.0212528301  -0.0000436107
        0.0048132608   0.0823139485  -0.2189451783   0.0766395713  -0.0006812102
        0.0007106182  -0.0005951300  -0.0006326911  -0.0011167480  -0.0002573476
        0.0002332387   0.0000264081  -0.0003151320   0.0003843703   0.0000085642
        0.0000698189   0.0021911792   0.0008373015   0.0003044199
        0.0030331932  -0.0013417818  -0.0008695591   0.0357312656   0.0007954783
       -0.0416312020  -0.1249928092  -0.0118756639  -0.1367939107   0.1623682907
       -0.0559185459   0.3062253465  -0.0084908261  -0.0057933634  -0.0552520012
        0.0029789124   0.0026644486  -0.0004820740  -0.0017691140   0.0018870276
        0.0066502422  -0.0002190199  -0.0002498423  -0.0003453900  -0.0029086368
        0.0010094165   0.0062389721  -0.0074704274  -0.0066963866   0.0007464034
       -0.0001758695   0.0000810886   0.0002891444   0.0005653308  -0.0010553649
        0.0021548335  -0.0002009227   0.0003326065  -0.0003302449   0.0001157081
        0.0004152894  -0.0006559911  -0.0003437101   0.0004314906  -0.0007190549
       -0.0076056234  -0.0009726096  -0.0061863673  -0.0161386560   0.0014448329
       -0.0081018830  -0.0358170670   0.0757384720  -0.0646067485   0.0006042741
       -0.0001699536  -0.0022653506   0.0000783403   0.0002599124   0.0001854337
        0.0004269477  -0.0000888036  -0.0016448742  -0.0002157204  -0.0003178177
       -0.0001917099   0.0004461397  -0.0005799302  -0.0024140145
        0.0002407647   0.0001002548  -0.0003355543  -0.0331989817  -0.0226735670
       -0.0022907040  -0.0125946252  -0.0070201532  -0.0029002883  -0.0924913315
       -0.0653483975  -0.0084908261   0.6135919443  -0.0126632942   0.1255468313
       -0.1293680291   0.0493985785  -0.0244135318   0.0533648648   0.0168515448
        0.0123016731  -0.0402229633   0.0319334030  -0.0110506599  -0.0413609549
       -0.0753319492  -0.0056252977  -0.2940208637   0.0532363954  -0.0685486082
       -0.0001674247  -0.0000217635   0.0000097129   0.0003450697   0.0006790095
       -0.0000716520  -0.0003774767  -0.0003373033   0.0000808895   0.0000191091
       -0.0001464617  -0.0000647709   0.0000813776  -0.0004094870   0.0000879045
       -0.0007695374  -0.0002662727   0.0001183168   0.0001151069   0.0000203190
       -0.0001761998   0.0054890823   0.0083735301  -0.0003413891  -0.0138752041
        0.0246678945  -0.0059862418  -0.0005142525  -0.0034218436  -0.0018881702
       -0.0001809170   0.0007934785  -0.0000151973  -0.0003360389  -0.0030915043
       -0.0018693550  -0.0137687187   0.0046775891  -0.0040768818
        0.0001299856   0.0005156115   0.0001620863  -0.0094843492   0.0026528631
       -0.0004515428  -0.0109397536  -0.0037705664  -0.0046486849  -0.0559167970
       -0.1767201725  -0.0057933634  -0.0126632942   0.6171235752  -0.0378329434
        0.1151993328  -0.2597371648   0.0440827640  -0.0392790699  -0.0661094040
       -0.0052298012   0.0317435292  -0.0175099372   0.0088826903  -0.0189011635
        0.0330543996  -0.0075276728  -0.0155407113  -0.0926096703   0.0003961544
        0.0000644094  -0.0001444417  -0.0000629099   0.0003745080   0.0006779921
        0.0002416884  -0.0004814999  -0.0003306480   0.0000644579  -0.0000873275
       -0.0001907610  -0.0000909684   0.0000890338  -0.0003567526  -0.0000455205
       -0.0003250098  -0.0001246633   0.0001748903   0.0007973641   0.0006371444
        0.0002974239  -0.0085122921  -0.0229257134  -0.0014528023   0.0041734197
       -0.0021517034   0.0016684172  -0.0032527767  -0.0034493016  -0.0000085373
        0.0008195365   0.0004994083   0.0002343232  -0.0036002621  -0.0035564894
       -0.0000840798   0.0255931880  -0.0054736045   0.0070239309
       -0.0002888384   0.0001280136  -0.0003402870   0.0118720337   0.0127916561
        0.0017928724  -0.0124634850  -0.0221150174  -0.0023562516  -0.0140234623
       -0.0110832177  -0.0552520012   0.1255468313  -0.0378329434   0.1738822557
       -0.0289419789   0.0276037391  -0.0596546138   0.0168615685   0.0089830498
        0.0037102947  -0.0110931621   0.0092209087  -0.0098002752  -0.0092892042
       -0.0219008038  -0.0007534931  -0.0637268788   0.0176836954  -0.0664450756
        0.0000237368  -0.0000468319   0.0000725379  -0.0000084638   0.0001410314
       -0.0004666887   0.0000380293  -0.0000958670   0.0000509856  -0.0001128755
        0.0000950861   0.0000932090   0.0000595286  -0.0000988981   0.0001069024
       -0.0042818125   0.0001190958  -0.0005351524   0.0008766473  -0.0004428667
        0.0001467548   0.0031858219   0.0084613430   0.0010996002  -0.0042755323
        0.0066055748  -0.0002059988  -0.0020372440  -0.0002115106   0.0077603912
       -0.0001693345   0.0001727380   0.0001690391  -0.0019195621   0.0001073853
        0.0076144447  -0.0058323630   0.0017146395  -0.0006894502
       -0.0000210740  -0.0009623797   0.0006015556  -0.0010711933  -0.0001857076
        0.0005096460  -0.0001673415  -0.0008262948   0.0000216248   0.0086674123
       -0.0120269453   0.0029789124  -0.1293680291   0.1151993328  -0.0289419789
        0.6270602470   0.0156687859   0.1282010074  -0.1651319586  -0.1452466200
       -0.0198099971  -0.0417204905  -0.0193995427  -0.0097255437   0.0027000135
       -0.0056536957   0.0024622786  -0.0226451781   0.0283706947  -0.0085351884
        0.0007133728  -0.0000539065  -0.0001823135  -0.0022108543  -0.0008279201
        0.0003929269   0.0014410754  -0.0000499739  -0.0006026707   0.0006138818
        0.0003008559   0.0000433546   0.0003076781   0.0006688900  -0.0000144536
       -0.0004435443   0.0001297153  -0.0001460312   0.0000432171  -0.0006627770
       -0.0006676912  -0.0015633278  -0.0035588647  -0.0005367117  -0.2737219268
        0.0198718023  -0.0604050039   0.0059208416   0.0085248314   0.0006726463
       -0.0051350276   0.0001347011  -0.0032935955   0.0008433573  -0.0001389475
        0.0003372263  -0.0051111510   0.0007239660  -0.0033599994
        0.0001071251   0.0000469935  -0.0002587678   0.0040002648  -0.0000036141
       -0.0008530510   0.0019816935  -0.0009980806   0.0016843342  -0.0023825358
       -0.0367417798   0.0026644486   0.0493985785  -0.2597371648   0.0276037391
        0.0156687859   0.6369599871  -0.0322708979  -0.0708212480  -0.2543059684
       -0.0038024094  -0.0756420840   0.0351573056  -0.0217603662  -0.0062761287
       -0.0645302369   0.0028365556   0.0808249706   0.0175908019   0.0192132975
       -0.0001167774   0.0001196068   0.0000469792   0.0001740146  -0.0000797458
       -0.0001686329  -0.0001138745   0.0000573173  -0.0000166265  -0.0000399061
       -0.0000001056   0.0001025009  -0.0000223356   0.0001165475   0.0001288835
       -0.0002436863  -0.0000279357   0.0000487949   0.0004910316   0.0000148276
        0.0004835260  -0.0021064183  -0.0037200172   0.0000897961   0.0187865505
       -0.0457627356   0.0048194249  -0.0138462700  -0.0255230225  -0.0016370120
        0.0003172530   0.0010241557   0.0005301895  -0.0001241768  -0.0006331993
        0.0000649026  -0.0000148267   0.0009760634   0.0004503910
       -0.0002845897  -0.0006411356  -0.0001142531  -0.0023904550   0.0014070933
        0.0014320497   0.0000290753  -0.0006523057  -0.0005563533   0.0041863709
       -0.0005868633  -0.0004820740  -0.0244135318   0.0440827640  -0.0596546138
        0.1282010074  -0.0322708979   0.1532961009  -0.0254271189  -0.0230601201
       -0.0529963172  -0.0056747758  -0.0073943939   0.0006628215   0.0025063195
        0.0029333798  -0.0048303682  -0.0125183317   0.0060648065  -0.0019895153
        0.0004653338   0.0000177509   0.0000910976  -0.0010717020  -0.0005345193
       -0.0007441556   0.0014445432   0.0000943577   0.0001625378   0.0000056790
        0.0000073619   0.0003844533   0.0001337291   0.0003094991   0.0002630906
       -0.0000097276  -0.0001282330   0.0001937543   0.0001671047  -0.0003119824
       -0.0000722575  -0.0006227113  -0.0001833804   0.0009652211  -0.0608350129
        0.0056103844  -0.0501131951   0.0023003109   0.0040271562   0.0009969071
       -0.0032737748   0.0005476560   0.0068909885   0.0003314814  -0.0000169512
       -0.0002286087  -0.0032492236   0.0006785729   0.0064426897
        0.0002523312   0.0001446779  -0.0001603636  -0.0004312388   0.0000260803
        0.0003715317  -0.0004470017  -0.0000988135  -0.0006426135   0.0013976692
        0.0040289210  -0.0017691140   0.0533648648  -0.0392790699   0.0168615685
       -0.1651319586  -0.0708212480  -0.0254271189   0.6026585448  -0.0013333275
        0.1224068593  -0.2954786337  -0.0231874370  -0.0609347704  -0.0229177889
        0.0853201652  -0.0125639274  -0.0504925701  -0.0264118498  -0.0093114292
       -0.0004116524  -0.0000151622   0.0001146451   0.0007571547   0.0001601232
       -0.0000645210  -0.0005768494   0.0000041002   0.0001406152  -0.0001444290
       -0.0000110497   0.0000309741  -0.0000128262  -0.0001074989   0.0000047382
        0.0000814709   0.0000477214   0.0000425463  -0.0002600154   0.0000585832
        0.0001895339   0.0002959090   0.0009150247  -0.0001947185  -0.0180617008
       -0.0229632464  -0.0034825759  -0.0864216271   0.0928052879  -0.0185598877
       -0.0182025964  -0.0010622444  -0.0048798131   0.0004056150   0.0023018013
       -0.0021816482  -0.0002226709  -0.0005215390   0.0000094893
       -0.0002894804  -0.0000658657  -0.0000299378   0.0002014972   0.0010186058
       -0.0000610028  -0.0001184707   0.0002887878  -0.0000402038   0.0037589979
       -0.0037127674   0.0018870276   0.0168515448  -0.0661094040   0.0089830498
       -0.1452466200  -0.2543059684  -0.0230601201  -0.0013333275   0.6622430284
       -0.0361627576   0.0527252391  -0.0985034269   0.0168340841   0.0293356983
        0.0203556244   0.0062253935  -0.0265009254  -0.0096225012  -0.0063955053
        0.0001616200  -0.0001103481   0.0000001676  -0.0006795730   0.0006260757
       -0.0002430287   0.0004159687  -0.0004651396  -0.0000149676   0.0001562508
       -0.0001993773   0.0001186829   0.0001335591  -0.0002623166   0.0001350429
        0.0001952583   0.0001666865   0.0000494875  -0.0002279585  -0.0001387464
       -0.0001089629  -0.0005793597  -0.0011438731  -0.0001399719  -0.0008885490
        0.0008323615   0.0000730184   0.0933365831  -0.2472113843   0.0366535328
       -0.0237155989   0.0002742843  -0.0061116601   0.0027803907  -0.0045396705
        0.0016489696  -0.0004727448   0.0005853350  -0.0002403381
       -0.0000021836  -0.0000054422  -0.0000934615  -0.0013904475  -0.0005707530
       -0.0001903207   0.0005813527   0.0008168707   0.0001950591  -0.0013472332
        0.0016390903   0.0066502422   0.0123016731  -0.0052298012   0.0037102947
       -0.0198099971  -0.0038024094  -0.0529963172   0.1224068593  -0.0361627576
        0.1545469146  -0.0659230266  -0.0028936347  -0.0668588974  -0.0083410504
        0.0208636067  -0.0021532939  -0.0097688224  -0.0065467401  -0.0074533963
       -0.0000226232   0.0001147851  -0.0000449952   0.0001426674  -0.0001049975
       -0.0002187125  -0.0000161707   0.0001571062  -0.0000620131  -0.0001047051
       -0.0003120111  -0.0000309240  -0.0000166701   0.0000565495   0.0002370519
        0.0002642488  -0.0000301790   0.0000672519  -0.0000369871   0.0002052658
        0.0000018783   0.0000465346  -0.0000826273  -0.0001204953  -0.0049109690
       -0.0059607903   0.0004022564  -0.0187470935   0.0367775342  -0.0427531298
       -0.0031867197  -0.0002359000   0.0000757569  -0.0021642046   0.0015207610
        0.0073218285   0.0000455679  -0.0002135262  -0.0002325777
       -0.0001890058  -0.0000638380  -0.0000057442   0.0001585887  -0.0002746043
       -0.0002006477   0.0001938194  -0.0003638858   0.0000509458  -0.0011140455
       -0.0002225256  -0.0002190199  -0.0402229633   0.0317435292  -0.0110931621
       -0.0417204905  -0.0756420840  -0.0056747758  -0.2954786337   0.0527252391
       -0.0659230266   0.6053520506   0.0233420311   0.1227389673  -0.1313069532
        0.0444760990  -0.0248178273   0.0550433628   0.0184621753   0.0122947923
       -0.0000688317  -0.0000884640   0.0000004362   0.0000665693  -0.0000110581
       -0.0001359258   0.0000091626   0.0001785241   0.0000247138   0.0000222022
        0.0000894531   0.0000723462   0.0000357913  -0.0001355611   0.0000715212
       -0.0001665551  -0.0000710760   0.0000618567   0.0001411105  -0.0000031276
        0.0002178980   0.0000927858   0.0000924671   0.0000865877  -0.0003630612
       -0.0031446843  -0.0021044355  -0.0134906954   0.0031292128  -0.0040364667
       -0.1220377966  -0.1161834960  -0.0137276190  -0.0143181982   0.0257687819
       -0.0058319897  -0.0006382130  -0.0038031079  -0.0018494249
       -0.0001064121  -0.0001121942  -0.0000269507   0.0004996298   0.0003396201
        0.0001402447   0.0002918577   0.0001549470   0.0000150070  -0.0011449562
       -0.0011027788  -0.0002498423   0.0319334030  -0.0175099372   0.0092209087
       -0.0193995427   0.0351573056  -0.0073943939  -0.0231874370  -0.0985034269
       -0.0028936347   0.0233420311   0.6586675220  -0.0338497382   0.1204891475
       -0.2804865784   0.0485947902  -0.0386487916  -0.0665606791  -0.0046698777
        0.0001948042   0.0001360416  -0.0000617619  -0.0000978971  -0.0001681701
       -0.0000244017   0.0000626088   0.0000776943   0.0001926082  -0.0000140402
        0.0000900711   0.0000186628  -0.0001400631   0.0000540368  -0.0000003553
        0.0001078994   0.0000820034   0.0000070999  -0.0000924056   0.0000092664
       -0.0000096632   0.0000491155   0.0003860541  -0.0000710531  -0.0033290159
       -0.0035265885  -0.0001228923   0.0255857522  -0.0037045084   0.0069029388
       -0.1162544225  -0.2166022938  -0.0167697758   0.0030901694  -0.0032309420
        0.0010268092  -0.0032314342  -0.0036464649   0.0000252714
        0.0000267170   0.0000621625   0.0000188996   0.0002846855   0.0001381986
       -0.0001474436  -0.0001085907  -0.0002659928   0.0000742124  -0.0001882831
       -0.0000689553  -0.0003453900  -0.0110506599   0.0088826903  -0.0098002752
       -0.0097255437  -0.0217603662   0.0006628215  -0.0609347704   0.0168340841
       -0.0668588974   0.1227389673  -0.0338497382   0.1548374885  -0.0303594879
        0.0287881025  -0.0591458025   0.0167535662   0.0098981194   0.0046381320
       -0.0000011655   0.0000781799   0.0001287182   0.0000335826  -0.0000776420
       -0.0000474935   0.0000389730   0.0001278210  -0.0001937040  -0.0001612975
       -0.0002396406   0.0000044317  -0.0000071746   0.0000240818   0.0002653006
       -0.0000777368   0.0000280152  -0.0000674554   0.0000309119   0.0000274284
       -0.0000136210   0.0000407764  -0.0000042658   0.0000509907  -0.0019135848
       -0.0000083309   0.0074451711  -0.0053963251   0.0011343678  -0.0005278728
       -0.0138212864  -0.0166788360  -0.0377426681  -0.0041797452   0.0070189978
       -0.0007558763  -0.0020225283  -0.0000884814   0.0075203333
       -0.0002213245  -0.0000081923   0.0000698843  -0.0004262803  -0.0004893695
       -0.0004423683  -0.0009427416  -0.0009522747  -0.0002228024  -0.0038315016
        0.0008492504  -0.0029086368  -0.0413609549  -0.0189011635  -0.0092892042
        0.0027000135  -0.0062761287   0.0025063195  -0.0229177889   0.0293356983
       -0.0083410504  -0.1313069532   0.1204891475  -0.0303594879   0.6327597850
        0.0040980120   0.1321487546  -0.1645576275  -0.1417738494  -0.0189442734
        0.0000655488  -0.0000945819  -0.0001033630  -0.0000144488   0.0001158746
       -0.0000024404  -0.0000545499  -0.0000107911   0.0001184295  -0.0000114634
       -0.0000275689   0.0000355450   0.0000063087  -0.0000932638   0.0000424550
       -0.0001641236  -0.0000191670   0.0000174613   0.0000749502  -0.0000442557
        0.0000579220  -0.0001179167   0.0002789214  -0.0000098800   0.0006837385
       -0.0001162607   0.0002317425  -0.0050208749   0.0006142209  -0.0033474680
        0.0058922220  -0.0144148225   0.0023907623  -0.2775024620   0.0182865775
       -0.0644379632   0.0062684453   0.0091539872   0.0007896619
       -0.0000949980  -0.0001655598   0.0000165039  -0.0008143248  -0.0002767155
       -0.0000366636  -0.0005109885  -0.0003855579  -0.0004692266   0.0023307310
        0.0024820805   0.0010094165  -0.0753319492   0.0330543996  -0.0219008038
       -0.0056536957  -0.0645302369   0.0029333798   0.0853201652   0.0203556244
        0.0208636067   0.0444760990  -0.2804865784   0.0287881025   0.0040980120
        0.6325185812  -0.0383507811  -0.0668592942  -0.2465964628  -0.0020068378
       -0.0000192867   0.0002730302   0.0000434287   0.0000452034  -0.0003523089
       -0.0000175911   0.0001334267  -0.0000095105  -0.0000034167   0.0000269699
        0.0001032509   0.0000110611  -0.0001593327   0.0002157068  -0.0000644536
       -0.0001959289  -0.0001232010   0.0000603892   0.0001723524  -0.0000317943
        0.0001665609   0.0003341760   0.0000513592   0.0000761325  -0.0001245637
       -0.0004890029  -0.0001814490   0.0002784778   0.0011078802   0.0005511974
        0.0083071648  -0.0252741990   0.0041925748   0.0180454585  -0.0457857359
        0.0056616006  -0.0138038743  -0.0256550490  -0.0013427316
        0.0000480708   0.0000175453  -0.0000976930  -0.0021220236  -0.0012445279
        0.0000558913   0.0006604408   0.0011080704   0.0005691818  -0.0021461505
        0.0010773497   0.0062389721  -0.0056252977  -0.0075276728  -0.0007534931
        0.0024622786   0.0028365556  -0.0048303682  -0.0125639274   0.0062253935
       -0.0021532939  -0.0248178273   0.0485947902  -0.0591458025   0.1321487546
       -0.0383507811   0.1570130060  -0.0242192007  -0.0212044157  -0.0532794352
        0.0000574119   0.0000077197   0.0001936924  -0.0000260618   0.0000160726
       -0.0001997759   0.0001030794   0.0000403060  -0.0000998298  -0.0002324964
       -0.0000795030   0.0000569278   0.0000103192  -0.0000108017   0.0001055194
        0.0003437555  -0.0000194970   0.0000614830   0.0000070914   0.0000123594
       -0.0000122072   0.0000601704  -0.0001643269   0.0000280596   0.0002505359
       -0.0000289238  -0.0002038011  -0.0032557385   0.0005886038   0.0068460893
        0.0007368232  -0.0017978848   0.0009968918  -0.0643517170   0.0056332577
       -0.0523598280   0.0024717090   0.0042703108   0.0009698134
       -0.0002253993   0.0000048653  -0.0000350464  -0.0004568077  -0.0010220045
       -0.0001262698   0.0009255358  -0.0000421123   0.0006904487  -0.0284975500
       -0.0103370005  -0.0074704274  -0.2940208637  -0.0155407113  -0.0637268788
       -0.0226451781   0.0808249706  -0.0125183317  -0.0504925701  -0.0265009254
       -0.0097688224   0.0550433628  -0.0386487916   0.0167535662  -0.1645576275
       -0.0668592942  -0.0242192007   0.6072187729   0.0064343990   0.1269016805
       -0.0001181035   0.0000893836   0.0000250648  -0.0000373648   0.0003579163
       -0.0002278709   0.0000276972  -0.0003334445   0.0000867492   0.0000409658
       -0.0000924423   0.0000927373   0.0000398635  -0.0000331887   0.0001112531
        0.0000478040   0.0003187260  -0.0000055274  -0.0002361554   0.0000586321
       -0.0000575621   0.0012025625   0.0018477179   0.0002626638   0.0003469985
        0.0019541247  -0.0017776180  -0.0003661721  -0.0005932378  -0.0000349442
        0.0005026926   0.0024548974  -0.0022241129  -0.0192731050  -0.0234425287
       -0.0033559355  -0.0844693585   0.0891000488  -0.0193756156
        0.0003172510  -0.0002609773  -0.0002057461  -0.0048081176  -0.0024034187
        0.0003766326  -0.0014136095  -0.0017787091  -0.0004997021  -0.0227938846
       -0.0018349598  -0.0066963866   0.0532363954  -0.0926096703   0.0176836954
        0.0283706947   0.0175908019   0.0060648065  -0.0264118498  -0.0096225012
       -0.0065467401   0.0184621753  -0.0665606791   0.0098981194  -0.1417738494
       -0.2465964628  -0.0212044157   0.0064343990   0.6544662866  -0.0393137385
       -0.0001599226   0.0002295379   0.0001147046   0.0003454174  -0.0006514950
        0.0000598413   0.0000308427   0.0000520457  -0.0001803227   0.0000134603
        0.0001672409  -0.0000386667  -0.0002967722   0.0001947359  -0.0000662233
       -0.0005174615   0.0001188105  -0.0000462292   0.0000230823  -0.0002433629
        0.0000087922  -0.0021950354   0.0006101329  -0.0008441281   0.0022118415
       -0.0045001659   0.0016212155  -0.0006521283   0.0006865460  -0.0001787412
        0.0022389043  -0.0045693471   0.0015211297  -0.0007392783   0.0007323708
       -0.0002452012   0.0900774454  -0.2432167596   0.0387173042
        0.0000433388   0.0001079584  -0.0002295921   0.0030001837   0.0002566774
       -0.0002170395  -0.0009726722  -0.0005272986  -0.0005566883  -0.0076153864
       -0.0024461695   0.0007464034  -0.0685486082   0.0003961544  -0.0664450756
       -0.0085351884   0.0192132975  -0.0019895153  -0.0093114292  -0.0063955053
       -0.0074533963   0.0122947923  -0.0046698777   0.0046381320  -0.0189442734
       -0.0020068378  -0.0532794352   0.1269016805  -0.0393137385   0.1538031747
       -0.0000045329  -0.0000563304   0.0001955136  -0.0000307052   0.0002232805
       -0.0003715334   0.0000140385  -0.0001477524  -0.0000045658  -0.0001770788
        0.0000862530   0.0000733466   0.0000819269  -0.0000937891  -0.0000587931
       -0.0000434777  -0.0000017429  -0.0000472357   0.0000340972  -0.0000309893
       -0.0000280961   0.0005426812   0.0002431785  -0.0001434364  -0.0019457659
        0.0013384145   0.0066410971  -0.0000043501  -0.0002239710  -0.0000986968
       -0.0021222270   0.0015493844   0.0073623507  -0.0050935986  -0.0061267189
       -0.0003113856  -0.0195634451   0.0386261226  -0.0422255329
        0.0023111378  -0.0028340015   0.0026796620  -0.0017849104   0.0008196667
        0.0011616119   0.0001335996  -0.0004405858  -0.0004210586   0.0007991822
       -0.0001564750  -0.0001758695  -0.0001674247   0.0000644094   0.0000237368
        0.0007133728  -0.0001167774   0.0004653338  -0.0004116524   0.0001616200
       -0.0000226232  -0.0000688317   0.0001948042  -0.0000011655   0.0000655488
       -0.0000192867   0.0000574119  -0.0001181035  -0.0001599226  -0.0000045329
        0.3361791631  -0.1271737865  -0.0785969297  -0.2808861972   0.0962710001
        0.0630488609  -0.0391516780   0.0107405353   0.0002908940  -0.0108803089
        0.0100594916   0.0096177840  -0.0060681388   0.0118092504   0.0027306588
        0.0000301618  -0.0000526667  -0.0001265636   0.0002965476   0.0000949611
       -0.0003523106  -0.0001471535   0.0001239416  -0.0000899267  -0.0002322469
        0.0002949130  -0.0002932734  -0.0000473301   0.0001061014   0.0000378662
       -0.0002335231  -0.0000378689   0.0000039358  -0.0002237916   0.0000835069
       -0.0000161477  -0.0001074231   0.0001671694  -0.0000173549
       -0.0024724574  -0.0012462693  -0.0016671633   0.0013117760  -0.0002621821
       -0.0007594217   0.0000207739   0.0001074996   0.0002505636  -0.0002774088
        0.0001326109   0.0000810886  -0.0000217635  -0.0001444417  -0.0000468319
       -0.0000539065   0.0001196068   0.0000177509  -0.0000151622  -0.0001103481
        0.0001147851  -0.0000884640   0.0001360416   0.0000781799  -0.0000945819
        0.0002730302   0.0000077197   0.0000893836   0.0002295379  -0.0000563304
       -0.1271737865   0.1268215139   0.0349996259   0.0952776252  -0.1175448521
       -0.0283842552  -0.0123430624   0.0109803502  -0.0021128850   0.0048533746
        0.0098616574   0.0004433156   0.0407916567  -0.0298772308  -0.0031601344
        0.0001017382   0.0001856616  -0.0000299804  -0.0001157843  -0.0001417996
        0.0000865769   0.0002201359   0.0000379781  -0.0000795715   0.0000967702
       -0.0003249728   0.0000476814  -0.0001385049   0.0001316714   0.0001093551
       -0.0001225785   0.0002351194   0.0001159867   0.0000392344   0.0002589936
        0.0000252136   0.0001149924   0.0001408241  -0.0000812691
        0.0001332054  -0.0002442633  -0.0012632597  -0.0002740427   0.0002759572
        0.0000039542   0.0004087400  -0.0000637649  -0.0001294474   0.0000493172
       -0.0001154202   0.0002891444   0.0000097129  -0.0000629099   0.0000725379
       -0.0001823135   0.0000469792   0.0000910976   0.0001146451   0.0000001676
       -0.0000449952   0.0000004362  -0.0000617619   0.0001287182  -0.0001033630
        0.0000434287   0.0001936924   0.0000250648   0.0001147046   0.0001955136
       -0.0785969297   0.0349996259   0.0932627327   0.0590427806  -0.0268903857
       -0.0950952217  -0.0184554480   0.0016078912   0.0099861764   0.0421321404
       -0.0160258334  -0.0205123957  -0.0043245658   0.0066394850   0.0122959024
        0.0000447669  -0.0000187026   0.0001491655  -0.0001678986  -0.0001328432
       -0.0000022173   0.0000360460  -0.0000469248   0.0002427428   0.0001306535
       -0.0001118310  -0.0003093834   0.0000343078  -0.0000264528  -0.0002118216
        0.0000066079   0.0000340886   0.0000422529  -0.0000251050   0.0000352908
        0.0002995667  -0.0000387582   0.0000034748   0.0003155445
        0.0004715130   0.0115816534  -0.0092218872   0.0048380576  -0.0033494527
       -0.0026175087  -0.0014853181   0.0025627210   0.0022054155  -0.0031178405
        0.0009857513   0.0005653308   0.0003450697   0.0003745080  -0.0000084638
       -0.0022108543   0.0001740146  -0.0010717020   0.0007571547  -0.0006795730
        0.0001426674   0.0000665693  -0.0000978971   0.0000335826  -0.0000144488
        0.0000452034  -0.0000260618  -0.0000373648   0.0003454174  -0.0000307052
       -0.2808861972   0.0952776252   0.0590427806   0.6136328806  -0.0453644807
       -0.0342088274  -0.1732268099  -0.0619438962  -0.0661776248  -0.0838424688
       -0.0019784713   0.0493709478  -0.0763481853   0.0037733339  -0.0018806822
        0.0001776286  -0.0000162435   0.0004951770  -0.0009187176  -0.0000472752
        0.0016855866   0.0004653371  -0.0004025034   0.0003678194  -0.0002528860
       -0.0008125808   0.0009758027   0.0000463205  -0.0002458805   0.0000189030
        0.0005682195   0.0001792290   0.0001089433   0.0005181029  -0.0000268817
        0.0001082904   0.0004542379  -0.0003343212   0.0001222160
        0.0118308993   0.0127731547   0.0084910052  -0.0061194270  -0.0014778525
        0.0029334992   0.0015205374   0.0000367137  -0.0026156541   0.0023763938
        0.0008046960  -0.0010553649   0.0006790095   0.0006779921   0.0001410314
       -0.0008279201  -0.0000797458  -0.0005345193   0.0001601232   0.0006260757
       -0.0001049975  -0.0000110581  -0.0001681701  -0.0000776420   0.0001158746
       -0.0003523089   0.0000160726   0.0003579163  -0.0006514950   0.0002232805
        0.0962710001  -0.1175448521  -0.0268903857  -0.0453644807   0.5359161384
       -0.0064982751  -0.0550946224  -0.1121235070  -0.0366803673  -0.0011526587
       -0.0743769210   0.0197774732  -0.0047189508  -0.2439514343   0.0432561826
        0.0002366575  -0.0009525538  -0.0002209695   0.0005945910   0.0012001550
       -0.0003746064  -0.0004947204  -0.0002390006   0.0000413761  -0.0005518693
        0.0014108430   0.0001250207  -0.0001105445  -0.0006215559  -0.0000353516
        0.0001621343  -0.0002601515  -0.0000451038   0.0000149765  -0.0003546159
        0.0000159721   0.0001261386  -0.0002916042   0.0001123234
       -0.0087197671   0.0078654588  -0.0011366560   0.0047857364  -0.0016886237
       -0.0064470994  -0.0022040932   0.0000351333   0.0052011118  -0.0020610452
        0.0005140604   0.0021548335  -0.0000716520   0.0002416884  -0.0004666887
        0.0003929269  -0.0001686329  -0.0007441556  -0.0000645210  -0.0002430287
       -0.0002187125  -0.0001359258  -0.0000244017  -0.0000474935  -0.0000024404
       -0.0000175911  -0.0001997759  -0.0002278709   0.0000598413  -0.0003715334
        0.0630488609  -0.0283842552  -0.0950952217  -0.0342088274  -0.0064982751
        0.6404078577  -0.0662345828  -0.0419553249  -0.1202446658   0.0432861844
        0.0218975745  -0.3359926170   0.0006677125   0.0480265232  -0.0879193979
        0.0000473723  -0.0000029286  -0.0001768388   0.0012802203   0.0000864753
        0.0000947698   0.0000644468   0.0001972656  -0.0005577363   0.0002778486
       -0.0000092547   0.0018298259  -0.0000702957   0.0000700904   0.0004336013
        0.0000136440   0.0000343551   0.0000052277   0.0000955623  -0.0000083664
       -0.0002695054   0.0000405062  -0.0000277832  -0.0002391298
       -0.0067677053  -0.0036899103  -0.0025191986  -0.0020942754   0.0029679525
        0.0015488877   0.0000703906  -0.0006217008  -0.0006932155   0.0009265681
       -0.0006693244  -0.0002009227  -0.0003774767  -0.0004814999   0.0000380293
        0.0014410754  -0.0001138745   0.0014445432  -0.0005768494   0.0004159687
       -0.0000161707   0.0000091626   0.0000626088   0.0000389730  -0.0000545499
        0.0001334267   0.0001030794   0.0000276972   0.0000308427   0.0000140385
       -0.0391516780  -0.0123430624  -0.0184554480  -0.1732268099  -0.0550946224
       -0.0662345828   0.2166460439   0.0931149879   0.0997265966   0.0045387099
       -0.0054514817  -0.0065218423   0.0009184258  -0.0191743442  -0.0061543715
        0.0000358621   0.0002249409  -0.0000953800  -0.0000663197  -0.0003013843
       -0.0006658659  -0.0000958350   0.0003658561  -0.0000913332  -0.0011111123
        0.0000013847  -0.0012829914  -0.0000794924   0.0001573843  -0.0000625349
       -0.0004247211  -0.0000225173   0.0000069247  -0.0003169285   0.0001620991
        0.0000761709  -0.0002701821   0.0003262697  -0.0000033857
       -0.0015467861  -0.0069482991   0.0005242528   0.0030599924  -0.0012854331
       -0.0015930167  -0.0000611933   0.0001199260   0.0002983129  -0.0009533234
       -0.0000865019   0.0003326065  -0.0003373033  -0.0003306480  -0.0000958670
       -0.0000499739   0.0000573173   0.0000943577   0.0000041002  -0.0004651396
        0.0001571062   0.0001785241   0.0000776943   0.0001278210  -0.0000107911
       -0.0000095105   0.0000403060  -0.0003334445   0.0000520457  -0.0001477524
        0.0107405353   0.0109803502   0.0016078912  -0.0619438962  -0.1121235070
       -0.0419553249   0.0931149879   0.1383007898   0.0599804514  -0.0040737014
        0.0094541863  -0.0012185839  -0.0380523729  -0.0370227663  -0.0183555572
       -0.0001246959   0.0003159805  -0.0001234217  -0.0002162795  -0.0002920351
        0.0002290822   0.0000660109   0.0000520468  -0.0001580941   0.0003454516
       -0.0010194999   0.0001488121   0.0002666465   0.0003076199   0.0000626179
        0.0000375093  -0.0000681856   0.0001212925  -0.0000208677  -0.0000443706
        0.0000128919  -0.0000891291  -0.0000220602  -0.0000901847
       -0.0016253857  -0.0025268243  -0.0055824602  -0.0015820503   0.0010129951
        0.0021890544   0.0002631757   0.0002598216  -0.0007938479   0.0005566304
       -0.0001665460  -0.0003302449   0.0000808895   0.0000644579   0.0000509856
       -0.0006026707  -0.0000166265   0.0001625378   0.0001406152  -0.0000149676
       -0.0000620131   0.0000247138   0.0001926082  -0.0001937040   0.0001184295
       -0.0000034167  -0.0000998298   0.0000867492  -0.0001803227  -0.0000045658
        0.0002908940  -0.0021128850   0.0099861764  -0.0661776248  -0.0366803673
       -0.1202446658   0.0997265966   0.0599804514   0.1348934591  -0.0301707065
       -0.0186676903  -0.0333123678  -0.0000300083  -0.0009400394   0.0140801430
       -0.0001834202  -0.0002730394   0.0002634432  -0.0004689003   0.0000701067
        0.0002760408   0.0000217614  -0.0001449529   0.0002025078  -0.0004727068
        0.0000926460  -0.0005862760  -0.0000428639  -0.0000538063  -0.0003965014
        0.0000358378  -0.0000068814  -0.0003157923  -0.0000334526   0.0000508970
       -0.0001795130   0.0000434968   0.0000643817  -0.0000025662
       -0.0016123305  -0.0008142662   0.0012094020   0.0003187276   0.0002194006
       -0.0005792075  -0.0004157244  -0.0006377578   0.0006932047   0.0001827836
       -0.0000521646   0.0001157081   0.0000191091  -0.0000873275  -0.0001128755
        0.0006138818  -0.0000399061   0.0000056790  -0.0001444290   0.0001562508
       -0.0001047051   0.0000222022  -0.0000140402  -0.0001612975  -0.0000114634
        0.0000269699  -0.0002324964   0.0000409658   0.0000134603  -0.0001770788
       -0.0108803089   0.0048533746   0.0421321404  -0.0838424688  -0.0011526587
        0.0432861844   0.0045387099  -0.0040737014  -0.0301707065   0.0789399286
        0.0031897922  -0.0584123449   0.0118343660  -0.0020452056   0.0036162618
       -0.0000665383   0.0001203537  -0.0001620922   0.0006141662  -0.0001402701
       -0.0001868512  -0.0000237056   0.0001458801  -0.0002723764   0.0000977956
        0.0001408009   0.0002547114  -0.0000273557   0.0000566976   0.0000392478
       -0.0001239153  -0.0000109596  -0.0002005726  -0.0000372174   0.0000430114
       -0.0003208492  -0.0000371793   0.0001022660  -0.0002590858
       -0.0013931530  -0.0015133381  -0.0011180348   0.0006626261   0.0004938166
       -0.0000834680   0.0000138672  -0.0002919302   0.0004505946  -0.0003184485
       -0.0001657635   0.0004152894  -0.0001464617  -0.0001907610   0.0000950861
        0.0003008559  -0.0000001056   0.0000073619  -0.0000110497  -0.0001993773
       -0.0003120111   0.0000894531   0.0000900711  -0.0002396406  -0.0000275689
        0.0001032509  -0.0000795030  -0.0000924423   0.0001672409   0.0000862530
        0.0100594916   0.0098616574  -0.0160258334  -0.0019784713  -0.0743769210
        0.0218975745  -0.0054514817   0.0094541863  -0.0186676903   0.0031897922
        0.0678215314  -0.0282107697  -0.0045032830  -0.0108882666   0.0414691645
       -0.0001846300   0.0001499764   0.0004646370  -0.0004329154  -0.0006324405
        0.0001276266   0.0000075004   0.0000756395   0.0004426350   0.0001496103
       -0.0003982028  -0.0001235620   0.0001073355   0.0001212436  -0.0004459811
        0.0000110628   0.0000614570  -0.0004010130   0.0000009250   0.0001499946
       -0.0000286092  -0.0000526145   0.0001070409   0.0002798938
        0.0045226293  -0.0029609363   0.0013887917  -0.0026154185   0.0008793566
        0.0025174424   0.0007614756   0.0000597025  -0.0016642761   0.0009714383
       -0.0002411720  -0.0006559911  -0.0000647709  -0.0000909684   0.0000932090
        0.0000433546   0.0001025009   0.0003844533   0.0000309741   0.0001186829
       -0.0000309240   0.0000723462   0.0000186628   0.0000044317   0.0000355450
        0.0000110611   0.0000569278   0.0000927373  -0.0000386667   0.0000733466
        0.0096177840   0.0004433156  -0.0205123957   0.0493709478   0.0197774732
       -0.3359926170  -0.0065218423  -0.0012185839  -0.0333123678  -0.0584123449
       -0.0282107697   0.4092807015   0.0024448313   0.0115820068  -0.0204833017
        0.0000385262   0.0000194394  -0.0000101089  -0.0003695452  -0.0001209882
       -0.0002066775   0.0000110791  -0.0001002000   0.0001207122  -0.0000374840
       -0.0000211319  -0.0008502754   0.0000544138  -0.0000159541  -0.0002813290
       -0.0000055567  -0.0000162008  -0.0000800757  -0.0000336160   0.0000088961
        0.0000806938  -0.0000075041   0.0000144741   0.0000796303
       -0.0047552785   0.0002878940  -0.0017722755  -0.0048364557   0.0006712400
        0.0017203414   0.0000451416  -0.0001752165  -0.0007960576   0.0009536038
       -0.0000040414  -0.0003437101   0.0000813776   0.0000890338   0.0000595286
        0.0003076781  -0.0000223356   0.0001337291  -0.0000128262   0.0001335591
       -0.0000166701   0.0000357913  -0.0001400631  -0.0000071746   0.0000063087
       -0.0001593327   0.0000103192   0.0000398635  -0.0002967722   0.0000819269
       -0.0060681388   0.0407916567  -0.0043245658  -0.0763481853  -0.0047189508
        0.0006677125   0.0009184258  -0.0380523729  -0.0000300083   0.0118343660
       -0.0045032830   0.0024448313   0.0780636893   0.0063686682   0.0030813870
        0.0000093517  -0.0003968442  -0.0002129540   0.0001631696   0.0003354878
       -0.0004346553  -0.0002955816   0.0000231252   0.0000034849  -0.0000112922
        0.0003073888  -0.0002489582   0.0001146227  -0.0001150696  -0.0000283135
       -0.0000083375  -0.0002003286  -0.0000256604  -0.0001161403  -0.0001866534
        0.0000066744  -0.0001211537  -0.0000367896   0.0000310682
       -0.0027076263  -0.0105551222   0.0000205421   0.0030767367   0.0009606974
       -0.0014752642  -0.0003055208  -0.0006281976   0.0010347071  -0.0007236312
       -0.0002446823   0.0004314906  -0.0004094870  -0.0003567526  -0.0000988981
        0.0006688900   0.0001165475   0.0003094991  -0.0001074989  -0.0002623166
        0.0000565495  -0.0001355611   0.0000540368   0.0000240818  -0.0000932638
        0.0002157068  -0.0000108017  -0.0000331887   0.0001947359  -0.0000937891
        0.0118092504  -0.0298772308   0.0066394850   0.0037733339  -0.2439514343
        0.0480265232  -0.0191743442  -0.0370227663  -0.0009400394  -0.0020452056
       -0.0108882666   0.0115820068   0.0063686682   0.3320641134  -0.0654393002
       -0.0001674261   0.0004229441   0.0001241283  -0.0000825064  -0.0003349015
       -0.0000066427   0.0001687851   0.0000207726  -0.0000649887   0.0003792317
       -0.0004745909  -0.0001398598  -0.0000509462   0.0001885194   0.0000916927
       -0.0001377607   0.0001058862   0.0000500891  -0.0000270359   0.0001377897
       -0.0000250933  -0.0000438933   0.0001145119  -0.0000961180
        0.0003883612   0.0015701512  -0.0054203877  -0.0021560150   0.0001157960
        0.0018703291   0.0003774052   0.0003389146  -0.0010738385   0.0005881484
       -0.0000719600  -0.0007190549   0.0000879045  -0.0000455205   0.0001069024
       -0.0000144536   0.0001288835   0.0002630906   0.0000047382   0.0001350429
        0.0002370519   0.0000715212  -0.0000003553   0.0002653006   0.0000424550
       -0.0000644536   0.0001055194   0.0001112531  -0.0000662233  -0.0000587931
        0.0027306588  -0.0031601344   0.0122959024  -0.0018806822   0.0432561826
       -0.0879193979  -0.0061543715  -0.0183555572   0.0140801430   0.0036162618
        0.0414691645  -0.0204833017   0.0030813870  -0.0654393002   0.0866139553
       -0.0002244295   0.0003053462  -0.0002126977  -0.0004066911   0.0001342500
       -0.0000213536   0.0000639545  -0.0001861084  -0.0001321691  -0.0003275221
        0.0001165495  -0.0002986961  -0.0000166877   0.0000060945   0.0002823508
       -0.0000202604  -0.0000505083   0.0003221765  -0.0000150905  -0.0000707420
        0.0000815815   0.0000521546  -0.0000655123  -0.0001846132
        0.0003217387   0.0000346692   0.0002551855   0.0031566263   0.0171610233
        0.0087573938  -0.0511156306  -0.0630930331  -0.0250627672  -0.0068556522
       -0.0245275829  -0.0076056234  -0.0007695374  -0.0003250098  -0.0042818125
       -0.0004435443  -0.0002436863  -0.0000097276   0.0000814709   0.0001952583
        0.0002642488  -0.0001665551   0.0001078994  -0.0000777368  -0.0001641236
       -0.0001959289   0.0003437555   0.0000478040  -0.0005174615  -0.0000434777
        0.0000301618   0.0001017382   0.0000447669   0.0001776286   0.0002366575
        0.0000473723   0.0000358621  -0.0001246959  -0.0001834202  -0.0000665383
       -0.0001846300   0.0000385262   0.0000093517  -0.0001674261  -0.0002244295
        0.0534232039   0.0668661383   0.0258579620   0.0021634806   0.0048377988
        0.0010775576   0.0000936776  -0.0001514537   0.0009975110   0.0000010923
        0.0000155298  -0.0000845904  -0.0000004901   0.0000178843   0.0000008626
        0.0000219356   0.0000080072  -0.0000487534  -0.0000308022  -0.0000292095
        0.0000276657   0.0000488398  -0.0000224865  -0.0000904694
       -0.0001057198   0.0000322467   0.0001232850  -0.0000455223  -0.0025391765
       -0.0112606210  -0.0617642285  -0.2606496921  -0.0659991821   0.0008834357
       -0.0006212141  -0.0009726096  -0.0002662727  -0.0001246633   0.0001190958
        0.0001297153  -0.0000279357  -0.0001282330   0.0000477214   0.0001666865
       -0.0000301790  -0.0000710760   0.0000820034   0.0000280152  -0.0000191670
       -0.0001232010  -0.0000194970   0.0003187260   0.0001188105  -0.0000017429
       -0.0000526667   0.0001856616  -0.0000187026  -0.0000162435  -0.0009525538
       -0.0000029286   0.0002249409   0.0003159805  -0.0002730394   0.0001203537
        0.0001499764   0.0000194394  -0.0003968442   0.0004229441   0.0003053462
        0.0668661383   0.2834562770   0.0820668082  -0.0058736758  -0.0206767276
       -0.0043096408   0.0003702300   0.0005078304   0.0002463726  -0.0002237404
        0.0002321693   0.0000723824  -0.0000045579   0.0000504617   0.0000366225
       -0.0000378330  -0.0000077663   0.0000508880  -0.0000079415  -0.0000006109
        0.0000010547  -0.0000757722   0.0000024933  -0.0000529341
       -0.0002064280  -0.0004074343  -0.0003128415  -0.0056024224  -0.0252650961
       -0.0206333814  -0.0205841265  -0.0628980606  -0.0580680909  -0.0026221271
       -0.0068413672  -0.0061863673   0.0001183168   0.0001748903  -0.0005351524
       -0.0001460312   0.0000487949   0.0001937543   0.0000425463   0.0000494875
        0.0000672519   0.0000618567   0.0000070999  -0.0000674554   0.0000174613
        0.0000603892   0.0000614830  -0.0000055274  -0.0000462292  -0.0000472357
       -0.0001265636  -0.0000299804   0.0001491655   0.0004951770  -0.0002209695
       -0.0001768388  -0.0000953800  -0.0001234217   0.0002634432  -0.0001620922
        0.0004646370  -0.0000101089  -0.0002129540   0.0001241283  -0.0002126977
        0.0258579620   0.0820668082   0.0795822078   0.0035912690   0.0133548492
        0.0060860949  -0.0005736056  -0.0003912606   0.0001747619   0.0000523645
       -0.0001536746  -0.0002028457   0.0000147556   0.0000056335  -0.0000553882
        0.0000286358   0.0000088135  -0.0000795831   0.0000161650   0.0000171733
        0.0000001658   0.0000407480  -0.0000052107   0.0000096587
        0.0002183499  -0.0001880967   0.0005987452   0.0020307474  -0.0126353224
        0.0150269534  -0.0441313770   0.0372071146  -0.0345165580  -0.0062077075
        0.0212528301  -0.0161386560   0.0001151069   0.0007973641   0.0008766473
        0.0000432171   0.0004910316   0.0001671047  -0.0002600154  -0.0002279585
       -0.0000369871   0.0001411105  -0.0000924056   0.0000309119   0.0000749502
        0.0001723524   0.0000070914  -0.0002361554   0.0000230823   0.0000340972
        0.0002965476  -0.0001157843  -0.0001678986  -0.0009187176   0.0005945910
        0.0012802203  -0.0000663197  -0.0002162795  -0.0004689003   0.0006141662
       -0.0004329154  -0.0003695452   0.0001631696  -0.0000825064  -0.0004066911
        0.0021634806  -0.0058736758   0.0035912690   0.0458939025  -0.0395729289
        0.0350389502  -0.0007007988  -0.0008456934  -0.0045353550   0.0005269656
       -0.0003388644  -0.0001037990   0.0000270365   0.0000475605   0.0000185187
        0.0000276868   0.0000285530   0.0000175367   0.0000360281   0.0000387786
        0.0000211219   0.0001486260  -0.0000308267   0.0000352223
        0.0000582588   0.0004091673  -0.0000228675  -0.0007694202   0.0072984869
       -0.0019507865   0.0363691716  -0.1990661122   0.1177419569   0.0000396885
       -0.0000436107   0.0014448329   0.0000203190   0.0006371444  -0.0004428667
       -0.0006627770   0.0000148276  -0.0003119824   0.0000585832  -0.0001387464
        0.0002052658  -0.0000031276   0.0000092664   0.0000274284  -0.0000442557
       -0.0000317943   0.0000123594   0.0000586321  -0.0002433629  -0.0000309893
        0.0000949611  -0.0001417996  -0.0001328432  -0.0000472752   0.0012001550
        0.0000864753  -0.0003013843  -0.0002920351   0.0000701067  -0.0001402701
       -0.0006324405  -0.0001209882   0.0003354878  -0.0003349015   0.0001342500
        0.0048377988  -0.0206767276   0.0133548492  -0.0395729289   0.2127005014
       -0.1286942761  -0.0003506796   0.0003966955  -0.0003074674  -0.0000542174
       -0.0008948564  -0.0011291096  -0.0000133326  -0.0000579259   0.0000375914
        0.0000527506  -0.0000108254   0.0000164817   0.0000118397  -0.0000449621
        0.0000232580   0.0000221774  -0.0000561438  -0.0000106787
       -0.0000998512   0.0003708348  -0.0007293039  -0.0040756863   0.0147567481
       -0.0288588635  -0.0304257895   0.1139071851  -0.1228344457  -0.0020134752
        0.0048132608  -0.0081018830  -0.0001761998   0.0002974239   0.0001467548
       -0.0006676912   0.0004835260  -0.0000722575   0.0001895339  -0.0001089629
        0.0000018783   0.0002178980  -0.0000096632  -0.0000136210   0.0000579220
        0.0001665609  -0.0000122072  -0.0000575621   0.0000087922  -0.0000280961
       -0.0003523106   0.0000865769  -0.0000022173   0.0016855866  -0.0003746064
        0.0000947698  -0.0006658659   0.0002290822   0.0002760408  -0.0001868512
        0.0001276266  -0.0002066775  -0.0004346553  -0.0000066427  -0.0000213536
        0.0010775576  -0.0043096408   0.0060860949   0.0350389502  -0.1286942761
        0.1550201232   0.0004379252  -0.0004225076  -0.0003354178   0.0002000034
       -0.0013757620  -0.0003241408   0.0000363549   0.0000365332  -0.0000592375
        0.0000700064   0.0000280749  -0.0000634073   0.0000430802   0.0000286875
       -0.0000060949   0.0001011201  -0.0000388514   0.0000435627
        0.0000886148  -0.0000584122  -0.0004022740  -0.0260841209   0.0206770448
       -0.0076880335  -0.0077979409   0.0068127207  -0.0038034881  -0.0742935604
        0.0823139485  -0.0358170670   0.0054890823  -0.0085122921   0.0031858219
       -0.0015633278  -0.0021064183  -0.0006227113   0.0002959090  -0.0005793597
        0.0000465346   0.0000927858   0.0000491155   0.0000407764  -0.0001179167
        0.0003341760   0.0000601704   0.0012025625  -0.0021950354   0.0005426812
       -0.0001471535   0.0002201359   0.0000360460   0.0004653371  -0.0004947204
        0.0000644468  -0.0000958350   0.0000660109   0.0000217614  -0.0000237056
        0.0000075004   0.0000110791  -0.0002955816   0.0001687851   0.0000639545
        0.0000936776   0.0003702300  -0.0005736056  -0.0007007988  -0.0003506796
        0.0004379252   0.1045030810  -0.0966453018   0.0447191355  -0.0000927660
        0.0000600298   0.0000677686  -0.0001427221  -0.0001683700   0.0000009694
       -0.0000158438   0.0000682695  -0.0000369589  -0.0000255450  -0.0000098013
       -0.0000323792  -0.0008342320  -0.0000275764  -0.0003225536
       -0.0001019830   0.0000076752   0.0003012810   0.0099918457  -0.0010188826
       -0.0000608437  -0.0003317294   0.0025242515  -0.0019114889   0.0815658621
       -0.2189451783   0.0757384720   0.0083735301  -0.0229257134   0.0084613430
       -0.0035588647  -0.0037200172  -0.0001833804   0.0009150247  -0.0011438731
       -0.0000826273   0.0000924671   0.0003860541  -0.0000042658   0.0002789214
        0.0000513592  -0.0001643269   0.0018477179   0.0006101329   0.0002431785
        0.0001239416   0.0000379781  -0.0000469248  -0.0004025034  -0.0002390006
        0.0001972656   0.0003658561   0.0000520468  -0.0001449529   0.0001458801
        0.0000756395  -0.0001002000   0.0000231252   0.0000207726  -0.0001861084
       -0.0001514537   0.0005078304  -0.0003912606  -0.0008456934   0.0003966955
       -0.0004225076  -0.0966453018   0.2424890762  -0.0809973006  -0.0002716755
        0.0003771436  -0.0000510578  -0.0002410092  -0.0002941896  -0.0000836968
       -0.0000555559   0.0001039606   0.0000255371   0.0000499132   0.0001667592
       -0.0000023119  -0.0011683151   0.0004794797  -0.0001338226
        0.0001522368  -0.0001215717  -0.0002997545   0.0110498153  -0.0157494601
        0.0048986251  -0.0130608111   0.0226045043  -0.0112159503  -0.0386757959
        0.0766395713  -0.0646067485  -0.0003413891  -0.0014528023   0.0010996002
       -0.0005367117   0.0000897961   0.0009652211  -0.0001947185  -0.0001399719
       -0.0001204953   0.0000865877  -0.0000710531   0.0000509907  -0.0000098800
        0.0000761325   0.0000280596   0.0002626638  -0.0008441281  -0.0001434364
       -0.0000899267  -0.0000795715   0.0002427428   0.0003678194   0.0000413761
       -0.0005577363  -0.0000913332  -0.0001580941   0.0002025078  -0.0002723764
        0.0004426350   0.0001207122   0.0000034849  -0.0000649887  -0.0001321691
        0.0009975110   0.0002463726   0.0001747619  -0.0045353550  -0.0003074674
       -0.0003354178   0.0447191355  -0.0809973006   0.0697752856   0.0000816116
       -0.0000784580  -0.0001163017   0.0000481626  -0.0000494633  -0.0001987556
        0.0000198447  -0.0000045250  -0.0000723596  -0.0000227400  -0.0000126885
        0.0000213592   0.0000421643  -0.0000088436   0.0002192591
        0.0003585068   0.0002119005   0.0003401625   0.0008792718  -0.0015954055
       -0.0003639014   0.0000898430  -0.0004848619   0.0001810279  -0.0007642395
       -0.0006812102   0.0006042741  -0.0138752041   0.0041734197  -0.0042755323
       -0.2737219268   0.0187865505  -0.0608350129  -0.0180617008  -0.0008885490
       -0.0049109690  -0.0003630612  -0.0033290159  -0.0019135848   0.0006837385
       -0.0001245637   0.0002505359   0.0003469985   0.0022118415  -0.0019457659
       -0.0002322469   0.0000967702   0.0001306535  -0.0002528860  -0.0005518693
        0.0002778486  -0.0011111123   0.0003454516  -0.0004727068   0.0000977956
        0.0001496103  -0.0000374840  -0.0000112922   0.0003792317  -0.0003275221
        0.0000010923  -0.0002237404   0.0000523645   0.0005269656  -0.0000542174
        0.0002000034  -0.0000927660  -0.0002716755   0.0000816116   0.3060812528
       -0.0189311406   0.0720840838   0.0007360283   0.0007320327   0.0008140364
       -0.0007835909   0.0001324146  -0.0001847121   0.0000323474   0.0000060717
        0.0004468127  -0.0005638138  -0.0000890457  -0.0001962235
       -0.0004543790  -0.0000270464   0.0003351685  -0.0005540688  -0.0005081505
        0.0006290582   0.0002186738  -0.0014506767  -0.0000376447   0.0006000271
        0.0007106182  -0.0001699536   0.0246678945  -0.0021517034   0.0066055748
        0.0198718023  -0.0457627356   0.0056103844  -0.0229632464   0.0008323615
       -0.0059607903  -0.0031446843  -0.0035265885  -0.0000083309  -0.0001162607
       -0.0004890029  -0.0000289238   0.0019541247  -0.0045001659   0.0013384145
        0.0002949130  -0.0003249728  -0.0001118310  -0.0008125808   0.0014108430
       -0.0000092547   0.0000013847  -0.0010194999   0.0000926460   0.0001408009
       -0.0003982028  -0.0000211319   0.0003073888  -0.0004745909   0.0001165495
        0.0000155298   0.0002321693  -0.0001536746  -0.0003388644  -0.0008948564
       -0.0013757620   0.0000600298   0.0003771436  -0.0000784580  -0.0189311406
        0.0574826011  -0.0062416344  -0.0009469488   0.0006908292  -0.0005043753
       -0.0011980338   0.0000121853  -0.0003155966  -0.0000003272   0.0000498592
       -0.0001252183   0.0013279653  -0.0002704175   0.0004147839
        0.0005395557   0.0007052677   0.0000335514   0.0013860825   0.0004176730
       -0.0008272280  -0.0005395514  -0.0009306301   0.0003650318  -0.0001189547
       -0.0005951300  -0.0022653506  -0.0059862418   0.0016684172  -0.0002059988
       -0.0604050039   0.0048194249  -0.0501131951  -0.0034825759   0.0000730184
        0.0004022564  -0.0021044355  -0.0001228923   0.0074451711   0.0002317425
       -0.0001814490  -0.0002038011  -0.0017776180   0.0016212155   0.0066410971
       -0.0002932734   0.0000476814  -0.0003093834   0.0009758027   0.0001250207
        0.0018298259  -0.0012829914   0.0001488121  -0.0005862760   0.0002547114
       -0.0001235620  -0.0008502754  -0.0002489582  -0.0001398598  -0.0002986961
       -0.0000845904   0.0000723824  -0.0002028457  -0.0001037990  -0.0011291096
       -0.0003241408   0.0000677686  -0.0000510578  -0.0001163017   0.0720840838
       -0.0062416344   0.0436367522   0.0009032509  -0.0000508764  -0.0023716585
       -0.0001446522   0.0000179477  -0.0001215536   0.0004510830  -0.0001416656
       -0.0015870993  -0.0003214353  -0.0000089941   0.0000301183
        0.0000828531   0.0000432463  -0.0000075555   0.0000445178  -0.0000858913
        0.0000105270   0.0000496615   0.0000257861   0.0000016721   0.0003134244
       -0.0006326911   0.0000783403  -0.0005142525  -0.0032527767  -0.0020372440
        0.0059208416  -0.0138462700   0.0023003109  -0.0864216271   0.0933365831
       -0.0187470935  -0.0134906954   0.0255857522  -0.0053963251  -0.0050208749
        0.0002784778  -0.0032557385  -0.0003661721  -0.0006521283  -0.0000043501
       -0.0000473301  -0.0001385049   0.0000343078   0.0000463205  -0.0001105445
       -0.0000702957  -0.0000794924   0.0002666465  -0.0000428639  -0.0000273557
        0.0001073355   0.0000544138   0.0001146227  -0.0000509462  -0.0000166877
       -0.0000004901  -0.0000045579   0.0000147556   0.0000270365  -0.0000133326
        0.0000363549  -0.0001427221  -0.0002410092   0.0000481626   0.0007360283
       -0.0009469488   0.0009032509   0.0990377057  -0.1018190315   0.0252490136
        0.0004264394   0.0008355035   0.0006630072  -0.0006672765   0.0013410553
       -0.0002606118  -0.0000211626  -0.0000257533   0.0004446490
        0.0000925481  -0.0001810072  -0.0000036632  -0.0000467808   0.0002536367
        0.0000045405   0.0000727919  -0.0000465844   0.0000245785   0.0008034072
       -0.0011167480   0.0002599124  -0.0034218436  -0.0034493016  -0.0002115106
        0.0085248314  -0.0255230225   0.0040271562   0.0928052879  -0.2472113843
        0.0367775342   0.0031292128  -0.0037045084   0.0011343678   0.0006142209
        0.0011078802   0.0005886038  -0.0005932378   0.0006865460  -0.0002239710
        0.0001061014   0.0001316714  -0.0000264528  -0.0002458805  -0.0006215559
        0.0000700904   0.0001573843   0.0003076199  -0.0000538063   0.0000566976
        0.0001212436  -0.0000159541  -0.0001150696   0.0001885194   0.0000060945
        0.0000178843   0.0000504617   0.0000056335   0.0000475605  -0.0000579259
        0.0000365332  -0.0001683700  -0.0002941896  -0.0000494633   0.0007320327
        0.0006908292  -0.0000508764  -0.1018190315   0.2778285520  -0.0417644997
       -0.0006872416   0.0009050665  -0.0003891214  -0.0000183909  -0.0001680879
       -0.0000018864  -0.0000441150   0.0001022894  -0.0001438397
        0.0000247810   0.0001877010   0.0002244899   0.0001419482   0.0004067935
       -0.0002715589  -0.0000342374  -0.0002637001   0.0000659135  -0.0001012122
       -0.0002573476   0.0001854337  -0.0018881702  -0.0000085373   0.0077603912
        0.0006726463  -0.0016370120   0.0009969071  -0.0185598877   0.0366535328
       -0.0427531298  -0.0040364667   0.0069029388  -0.0005278728  -0.0033474680
        0.0005511974   0.0068460893  -0.0000349442  -0.0001787412  -0.0000986968
        0.0000378662   0.0001093551  -0.0002118216   0.0000189030  -0.0000353516
        0.0004336013  -0.0000625349   0.0000626179  -0.0003965014   0.0000392478
       -0.0004459811  -0.0002813290  -0.0000283135   0.0000916927   0.0002823508
        0.0000008626   0.0000366225  -0.0000553882   0.0000185187   0.0000375914
       -0.0000592375   0.0000009694  -0.0000836968  -0.0001987556   0.0008140364
       -0.0005043753  -0.0023716585   0.0252490136  -0.0417644997   0.0344252325
        0.0007590984  -0.0000364341  -0.0021905932  -0.0001439102   0.0003345862
       -0.0001710821   0.0004592534  -0.0001589527  -0.0016327839
        0.0001293501   0.0001021733  -0.0000543382  -0.0001167340  -0.0002764640
       -0.0000555801   0.0001219335   0.0001223484   0.0000717153  -0.0000274408
        0.0002332387   0.0004269477  -0.0001809170   0.0008195365  -0.0001693345
       -0.0051350276   0.0003172530  -0.0032737748  -0.0182025964  -0.0237155989
       -0.0031867197  -0.1220377966  -0.1162544225  -0.0138212864   0.0058922220
        0.0083071648   0.0007368232   0.0005026926   0.0022389043  -0.0021222270
       -0.0002335231  -0.0001225785   0.0000066079   0.0005682195   0.0001621343
        0.0000136440  -0.0004247211   0.0000375093   0.0000358378  -0.0001239153
        0.0000110628  -0.0000055567  -0.0000083375  -0.0001377607  -0.0000202604
        0.0000219356  -0.0000378330   0.0000286358   0.0000276868   0.0000527506
        0.0000700064  -0.0000158438  -0.0000555559   0.0000198447  -0.0007835909
       -0.0011980338  -0.0001446522   0.0004264394  -0.0006872416   0.0007590984
        0.1386562486   0.1286112877   0.0198947322   0.0007007011   0.0009033203
        0.0007665020   0.0002430148   0.0005668048   0.0000233347
        0.0000517250  -0.0001230619  -0.0000430463   0.0000391491   0.0001056017
       -0.0000116979  -0.0000393676   0.0000086510   0.0000179355   0.0000341020
        0.0000264081  -0.0000888036   0.0007934785   0.0004994083   0.0001727380
        0.0001347011   0.0010241557   0.0005476560  -0.0010622444   0.0002742843
       -0.0002359000  -0.1161834960  -0.2166022938  -0.0166788360  -0.0144148225
       -0.0252741990  -0.0017978848   0.0024548974  -0.0045693471   0.0015493844
       -0.0000378689   0.0002351194   0.0000340886   0.0001792290  -0.0002601515
        0.0000343551  -0.0000225173  -0.0000681856  -0.0000068814  -0.0000109596
        0.0000614570  -0.0000162008  -0.0002003286   0.0001058862  -0.0000505083
        0.0000080072  -0.0000077663   0.0000088135   0.0000285530  -0.0000108254
        0.0000280749   0.0000682695   0.0001039606  -0.0000045250   0.0001324146
        0.0000121853   0.0000179477   0.0008355035   0.0009050665  -0.0000364341
        0.1286112877   0.2440558405   0.0170529929  -0.0005840822   0.0006862437
       -0.0003871969  -0.0008156304  -0.0011884375  -0.0001060714
        0.0000695822   0.0001193549   0.0000556829   0.0006365665   0.0005183308
       -0.0000634057  -0.0003453342  -0.0004474088  -0.0000609477   0.0001806021
       -0.0003151320  -0.0016448742  -0.0000151973   0.0002343232   0.0001690391
       -0.0032935955   0.0005301895   0.0068909885  -0.0048798131  -0.0061116601
        0.0000757569  -0.0137276190  -0.0167697758  -0.0377426681   0.0023907623
        0.0041925748   0.0009968918  -0.0022241129   0.0015211297   0.0073623507
        0.0000039358   0.0001159867   0.0000422529   0.0001089433  -0.0000451038
        0.0000052277   0.0000069247   0.0001212925  -0.0003157923  -0.0002005726
       -0.0004010130  -0.0000800757  -0.0000256604   0.0000500891   0.0003221765
       -0.0000487534   0.0000508880  -0.0000795831   0.0000175367   0.0000164817
       -0.0000634073  -0.0000369589   0.0000255371  -0.0000723596  -0.0001847121
       -0.0003155966  -0.0001215536   0.0006630072  -0.0003891214  -0.0021905932
        0.0198947322   0.0170529929   0.0288128021   0.0008692231  -0.0000111578
       -0.0022756943   0.0001405133   0.0002567986  -0.0000222143
        0.0001200084   0.0000262725  -0.0000412484  -0.0002991129  -0.0001920421
       -0.0000774919  -0.0000246131  -0.0000766204   0.0000471451  -0.0006500357
        0.0003843703  -0.0002157204  -0.0003360389  -0.0036002621  -0.0019195621
        0.0008433573  -0.0001241768   0.0003314814   0.0004056150   0.0027803907
       -0.0021642046  -0.0143181982   0.0030901694  -0.0041797452  -0.2775024620
        0.0180454585  -0.0643517170  -0.0192731050  -0.0007392783  -0.0050935986
       -0.0002237916   0.0000392344  -0.0000251050   0.0005181029   0.0000149765
        0.0000955623  -0.0003169285  -0.0000208677  -0.0000334526  -0.0000372174
        0.0000009250  -0.0000336160  -0.0001161403  -0.0000270359  -0.0000150905
       -0.0000308022  -0.0000079415   0.0000161650   0.0000360281   0.0000118397
        0.0000430802  -0.0000255450   0.0000499132  -0.0000227400   0.0000323474
       -0.0000003272   0.0004510830  -0.0006672765  -0.0000183909  -0.0001439102
        0.0007007011  -0.0005840822   0.0008692231   0.3104769271  -0.0197186137
        0.0756643740   0.0006881798   0.0006660885   0.0007990887
       -0.0000444557  -0.0002040962  -0.0000506438  -0.0002617677  -0.0000451571
        0.0000011430  -0.0001526075  -0.0001258201  -0.0000032200  -0.0010082206
        0.0000085642  -0.0003178177  -0.0030915043  -0.0035564894   0.0001073853
       -0.0001389475  -0.0006331993  -0.0000169512   0.0023018013  -0.0045396705
        0.0015207610   0.0257687819  -0.0032309420   0.0070189978   0.0182865775
       -0.0457857359   0.0056332577  -0.0234425287   0.0007323708  -0.0061267189
        0.0000835069   0.0002589936   0.0000352908  -0.0000268817  -0.0003546159
       -0.0000083664   0.0001620991  -0.0000443706   0.0000508970   0.0000430114
        0.0001499946   0.0000088961  -0.0001866534   0.0001377897  -0.0000707420
       -0.0000292095  -0.0000006109   0.0000171733   0.0000387786  -0.0000449621
        0.0000286875  -0.0000098013   0.0001667592  -0.0000126885   0.0000060717
        0.0000498592  -0.0001416656   0.0013410553  -0.0001680879   0.0003345862
        0.0009033203   0.0006862437  -0.0000111578  -0.0197186137   0.0557413604
       -0.0075216187  -0.0008238124   0.0008018225  -0.0004754851
        0.0001184504   0.0000072576  -0.0001626984   0.0000354406  -0.0000631321
        0.0001955067  -0.0000894090   0.0000175737   0.0000293870  -0.0001355361
        0.0000698189  -0.0001917099  -0.0018693550  -0.0000840798   0.0076144447
        0.0003372263   0.0000649026  -0.0002286087  -0.0021816482   0.0016489696
        0.0073218285  -0.0058319897   0.0010268092  -0.0007558763  -0.0644379632
        0.0056616006  -0.0523598280  -0.0033559355  -0.0002452012  -0.0003113856
       -0.0000161477   0.0000252136   0.0002995667   0.0001082904   0.0000159721
       -0.0002695054   0.0000761709   0.0000128919  -0.0001795130  -0.0003208492
       -0.0000286092   0.0000806938   0.0000066744  -0.0000250933   0.0000815815
        0.0000276657   0.0000010547   0.0000001658   0.0000211219   0.0000232580
       -0.0000060949  -0.0000323792  -0.0000023119   0.0000213592   0.0004468127
       -0.0001252183  -0.0015870993  -0.0002606118  -0.0000018864  -0.0001710821
        0.0007665020  -0.0003871969  -0.0022756943   0.0756643740  -0.0075216187
        0.0451976205   0.0009230953  -0.0000909747  -0.0023430585
       -0.0001009137   0.0000590683  -0.0000190939   0.0005491277  -0.0002256071
       -0.0001868781   0.0001169801   0.0000965626   0.0002059765  -0.0000829311
        0.0021911792   0.0004461397  -0.0137687187   0.0255931880  -0.0058323630
       -0.0051111510  -0.0000148267  -0.0032492236  -0.0002226709  -0.0004727448
        0.0000455679  -0.0006382130  -0.0032314342  -0.0020225283   0.0062684453
       -0.0138038743   0.0024717090  -0.0844693585   0.0900774454  -0.0195634451
       -0.0001074231   0.0001149924  -0.0000387582   0.0004542379   0.0001261386
        0.0000405062  -0.0002701821  -0.0000891291   0.0000434968  -0.0000371793
       -0.0000526145  -0.0000075041  -0.0001211537  -0.0000438933   0.0000521546
        0.0000488398  -0.0000757722   0.0000407480   0.0001486260   0.0000221774
        0.0001011201  -0.0008342320  -0.0011683151   0.0000421643  -0.0005638138
        0.0013279653  -0.0003214353  -0.0000211626  -0.0000441150   0.0004592534
        0.0002430148  -0.0008156304   0.0001405133   0.0006881798  -0.0008238124
        0.0009230953   0.0978316521  -0.0987469481   0.0262287846
       -0.0000819626  -0.0002041580   0.0000493576   0.0001370994   0.0000892671
       -0.0000582149  -0.0000778932  -0.0000304018  -0.0000657696  -0.0018230385
        0.0008373015  -0.0005799302   0.0046775891  -0.0054736045   0.0017146395
        0.0007239660   0.0009760634   0.0006785729  -0.0005215390   0.0005853350
       -0.0002135262  -0.0038031079  -0.0036464649  -0.0000884814   0.0091539872
       -0.0256550490   0.0042703108   0.0891000488  -0.2432167596   0.0386261226
        0.0001671694   0.0001408241   0.0000034748  -0.0003343212  -0.0002916042
       -0.0000277832   0.0003262697  -0.0000220602   0.0000643817   0.0001022660
        0.0001070409   0.0000144741  -0.0000367896   0.0001145119  -0.0000655123
       -0.0000224865   0.0000024933  -0.0000052107  -0.0000308267  -0.0000561438
       -0.0000388514  -0.0000275764   0.0004794797  -0.0000088436  -0.0000890457
       -0.0002704175  -0.0000089941  -0.0000257533   0.0001022894  -0.0001589527
        0.0005668048  -0.0011884375   0.0002567986   0.0006660885   0.0008018225
       -0.0000909747  -0.0987469481   0.2758186723  -0.0442670879
        0.0001006253  -0.0000422224  -0.0002226597   0.0008785344  -0.0001762759
        0.0002043383  -0.0004050839  -0.0000692590  -0.0001322849   0.0004934041
        0.0003044199  -0.0024140145  -0.0040768818   0.0070239309  -0.0006894502
       -0.0033599994   0.0004503910   0.0064426897   0.0000094893  -0.0002403381
       -0.0002325777  -0.0018494249   0.0000252714   0.0075203333   0.0007896619
       -0.0013427316   0.0009698134  -0.0193756156   0.0387173042  -0.0422255329
       -0.0000173549  -0.0000812691   0.0003155445   0.0001222160   0.0001123234
       -0.0002391298  -0.0000033857  -0.0000901847  -0.0000025662  -0.0002590858
        0.0002798938   0.0000796303   0.0000310682  -0.0000961180  -0.0001846132
       -0.0000904694  -0.0000529341   0.0000096587   0.0000352223  -0.0000106787
        0.0000435627  -0.0003225536  -0.0001338226   0.0002192591  -0.0001962235
        0.0004147839   0.0000301183   0.0004446490  -0.0001438397  -0.0016327839
        0.0000233347  -0.0001060714  -0.0000222143   0.0007990887  -0.0004754851
       -0.0023430585   0.0262287846  -0.0442670879   0.0345059375
