$hessian                                                                        
        0.0116391096  -0.0175299195   0.0043555752  -0.0107823038   0.0152390331
       -0.0061117056  -0.0005196713   0.0010785710  -0.0004017861   0.0006288431
       -0.0009291610   0.0014116906   0.0000455883   0.0006066106  -0.0000378854
        0.0002837615   0.0000243076  -0.0001438723  -0.0000516271   0.0000336924
        0.0000045813  -0.0000647963   0.0000388482  -0.0001741459   0.0000093212
        0.0001103919  -0.0000248068   0.0001135909  -0.0000068210  -0.0000175688
        0.0001360361  -0.0001244697  -0.0001201716  -0.0000181325  -0.0002791129
       -0.0002592540  -0.0003434820  -0.0000473185  -0.0000223471   0.0001529292
        0.0001716654  -0.0000670389   0.0010803790  -0.0011843622   0.0004374989
       -0.0002317386   0.0003481505  -0.0000759069  -0.0020983898   0.0030052183
        0.0007032813  -0.0000031383  -0.0000190424   0.0000215976  -0.0000521439
       -0.0000184855   0.0000525331   0.0000458980  -0.0000578420  -0.0000049663
        0.0000506776  -0.0000289672   0.0000301760   0.0000578294  -0.0000959466
        0.0000224473   0.0000879214  -0.0001023725   0.0000352711   0.0000232967
       -0.0002052997   0.0002909838  -0.0001897586  -0.0000273683   0.0000958195
       -0.0175299195   0.0571417386  -0.0195667502   0.0150484579  -0.0533980153
        0.0198088761   0.0001028011   0.0001353591  -0.0001426795   0.0008800640
       -0.0010970827   0.0004489844   0.0004512937  -0.0010162840  -0.0001242777
       -0.0002801161  -0.0001317455   0.0000547510  -0.0002761642   0.0000497571
        0.0001756172   0.0001269536   0.0004111955  -0.0002581461  -0.0003973913
        0.0000387449  -0.0000958999   0.0003111838  -0.0001434583  -0.0000296733
        0.0001123188  -0.0001686263   0.0001243655   0.0002125574  -0.0006011114
        0.0002003946  -0.0004020192  -0.0004646908   0.0001189541  -0.0000399159
        0.0002778029   0.0000362536  -0.0008485018   0.0002500413  -0.0009861894
       -0.0000761748   0.0000448477   0.0001912690   0.0023645118  -0.0018127636
        0.0003271152   0.0000684448   0.0000855585  -0.0000207908   0.0000626954
        0.0001512285  -0.0001313380   0.0000505304   0.0000889729   0.0000131718
        0.0000628971   0.0001010977  -0.0000483587   0.0000458984  -0.0000036963
        0.0000044589  -0.0000798035   0.0000051735  -0.0000066363  -0.0000805003
        0.0000602319  -0.0002130741   0.0001098985  -0.0000042759   0.0001196024
        0.0043555752  -0.0195667502   0.0131837154  -0.0051030816   0.0173368126
       -0.0120305109  -0.0011660110   0.0010071299   0.0005203015   0.0001373856
        0.0030986805  -0.0009123714  -0.0001804380   0.0006268743  -0.0002748305
       -0.0000251842   0.0001344092   0.0004426275  -0.0001551943  -0.0002506549
        0.0002320315   0.0001219221   0.0002851985  -0.0001506769  -0.0001522923
        0.0000969222   0.0001600591   0.0000232255  -0.0000047088   0.0000599049
        0.0000988334  -0.0000161408  -0.0001092895   0.0001015351  -0.0001461306
       -0.0003810249  -0.0000580363  -0.0001816486  -0.0003351283   0.0000351379
        0.0000152714   0.0003986755  -0.0003134226  -0.0001024297  -0.0021421048
        0.0001108524  -0.0000405606   0.0002335484   0.0023331465  -0.0018075028
        0.0004052667  -0.0000037764  -0.0000271573   0.0000697075   0.0000054212
       -0.0000643594   0.0001056100   0.0000126473   0.0000083258   0.0000448344
       -0.0000337223  -0.0000462070   0.0000860295  -0.0000537928  -0.0000118764
        0.0000006144   0.0000287567  -0.0000696883  -0.0000970692   0.0001445343
       -0.0003066908   0.0001623933  -0.0002640214   0.0000328817   0.0003276869
       -0.0107823038   0.0150484579  -0.0051030816   0.0737084841  -0.0174776443
       -0.0210568706  -0.0165683026  -0.0027768924  -0.0119918278  -0.0224552562
       -0.0048373213   0.0244585253  -0.0092800304   0.0025469574   0.0007390366
        0.0016904964   0.0007262246  -0.0008181143   0.0040558284  -0.0000724640
       -0.0002165681   0.0009942892  -0.0025080883   0.0020532311   0.0005019585
       -0.0007201941   0.0003189780  -0.0007687032   0.0000580396   0.0006997223
       -0.0008274587   0.0011054297  -0.0002162191  -0.0031335127   0.0019997038
        0.0002146968   0.0036542216   0.0016497410  -0.0013588998   0.0003757705
       -0.0015743287  -0.0002642223  -0.0098775831   0.0077995765   0.0031458603
        0.0019404409  -0.0005749257  -0.0008080934  -0.0120438070   0.0005923924
        0.0113233839  -0.0002471651   0.0001987824  -0.0001269418   0.0005926480
       -0.0007576575   0.0003315588  -0.0007108597   0.0002298953   0.0002224074
       -0.0000540595  -0.0005289079   0.0001202338  -0.0003584131   0.0000205796
        0.0001078638  -0.0004520426   0.0001415190  -0.0001428818  -0.0002552525
        0.0005140495  -0.0010572090   0.0003006128  -0.0008029245  -0.0005745685
        0.0152390331  -0.0533980153   0.0173368126  -0.0174776443   0.0907557651
       -0.0240122629   0.0013513784  -0.0054977861   0.0002433646  -0.0072663321
       -0.0093659894   0.0119916122   0.0053127804  -0.0118937848  -0.0006476647
       -0.0014854527  -0.0006039519  -0.0004782329  -0.0003406006  -0.0028906434
        0.0003217954  -0.0007758539  -0.0031357787   0.0017589213  -0.0005609318
       -0.0004069838   0.0008560069  -0.0002389742  -0.0002020278   0.0004684303
        0.0002803245   0.0004748146  -0.0011950685  -0.0019947418   0.0005756772
       -0.0010448433   0.0004714630   0.0008185081  -0.0018655893  -0.0013366610
       -0.0014576153   0.0002975430   0.0049516759   0.0050141206   0.0009915882
        0.0000036358  -0.0005065937  -0.0003417099   0.0029432704  -0.0058262312
       -0.0045147056   0.0011339909  -0.0000814562   0.0001683981  -0.0014970401
        0.0003552481   0.0013938177   0.0005178830  -0.0009184504  -0.0006394945
       -0.0000587737  -0.0006102181   0.0004994487   0.0001065696   0.0000596818
        0.0001519406   0.0003407847  -0.0000208363  -0.0000191494   0.0004011738
       -0.0003706956   0.0006412931  -0.0000209572  -0.0008667573  -0.0023622516
       -0.0061117056   0.0198088761  -0.0120305109  -0.0210568706  -0.0240122629
        0.0770885310  -0.0035138927  -0.0032964423  -0.0124575909   0.0247326865
        0.0085956494  -0.0409516531   0.0001723194  -0.0028575194  -0.0031963475
       -0.0008795423   0.0019936755   0.0004615467   0.0014952107  -0.0004018451
        0.0010175750  -0.0011102118  -0.0031887979   0.0019384119   0.0012352406
       -0.0005869475  -0.0011604565   0.0000078396  -0.0000490574  -0.0003078122
       -0.0001061323   0.0000536748  -0.0003216179  -0.0025082134   0.0009723471
        0.0002544422   0.0004334015   0.0006882540   0.0017831516   0.0000348050
       -0.0003784851  -0.0017455783   0.0032499147   0.0007188688   0.0168508788
       -0.0004478820  -0.0001218751  -0.0025914941   0.0034715384   0.0015814992
       -0.0174211731  -0.0000313939   0.0002316011  -0.0003895496   0.0005630443
        0.0006928087  -0.0009743857  -0.0003014910  -0.0007004716  -0.0006162959
        0.0002641634   0.0005814483  -0.0003791969   0.0002341581   0.0002347341
        0.0000186163   0.0001109003   0.0001950334   0.0000828592  -0.0002911139
        0.0009934709  -0.0007459318   0.0003532271  -0.0017482371  -0.0042064183
       -0.0005196713   0.0001028011  -0.0011660110  -0.0165683026   0.0013513784
       -0.0035138927   0.0326638514  -0.0032736151  -0.0006027970  -0.0054066965
       -0.0012322250   0.0001481522  -0.0006363549  -0.0021380540  -0.0017861808
       -0.0002717464  -0.0000560001  -0.0000410918   0.0001501995  -0.0005098251
       -0.0000966506  -0.0001644175  -0.0002052272  -0.0000547653   0.0000656093
        0.0001201785  -0.0002508156   0.0002055791  -0.0000045133  -0.0001769480
        0.0001974793  -0.0001951152  -0.0000513771  -0.0000197595  -0.0001876069
       -0.0000852428  -0.0001402540  -0.0000784939   0.0001533912   0.0005305564
        0.0016015860   0.0007078823  -0.0120994108   0.0054779055   0.0052100793
       -0.0019121233   0.0006225305   0.0029352023   0.0043975976  -0.0015022287
       -0.0013124955  -0.0002601014  -0.0001281936   0.0000571849  -0.0001542740
        0.0001861364  -0.0001211743  -0.0001117328  -0.0000940876  -0.0000196820
        0.0000275557   0.0001447654  -0.0000110236   0.0000392083   0.0000219438
       -0.0000180877   0.0000502873   0.0000266616  -0.0000366808   0.0000690215
       -0.0000149376   0.0000886495  -0.0001321004  -0.0000357638   0.0000443751
        0.0010785710   0.0001353591   0.0010071299  -0.0027768924  -0.0054977861
       -0.0032964423  -0.0032736151   0.0196480212   0.0178930298   0.0002660922
        0.0010560686  -0.0000619116  -0.0037980703  -0.0033359314  -0.0028750049
       -0.0000055444  -0.0000488147  -0.0004413724   0.0003281894  -0.0003417485
       -0.0001125887   0.0001269912  -0.0000899900   0.0000897532   0.0000247013
        0.0000540017  -0.0001584118   0.0000181935   0.0000298742  -0.0000121338
        0.0000388198   0.0000156958   0.0000165867   0.0000041724   0.0001139109
        0.0001199260   0.0000716950   0.0001767518   0.0001602129   0.0004784559
       -0.0005375994  -0.0010199556   0.0093652121  -0.0136398461  -0.0108584070
       -0.0002475593   0.0005927707  -0.0000845930  -0.0015113845   0.0018155753
       -0.0001668502   0.0000775922   0.0000349953  -0.0001913069  -0.0000151869
       -0.0001077713  -0.0000578836  -0.0001116154   0.0000070395   0.0001270953
        0.0000279091  -0.0000280929  -0.0000972161  -0.0000230606  -0.0000118688
       -0.0000215260  -0.0000191971   0.0000147256   0.0000176279  -0.0000372272
        0.0000153507  -0.0000132863  -0.0000872417  -0.0000706910   0.0000375284
       -0.0004017861  -0.0001426795   0.0005203015  -0.0119918278   0.0002433646
       -0.0124575909  -0.0006027970   0.0178930298   0.0419948920   0.0020361504
        0.0004362805   0.0004598459  -0.0010652774  -0.0009420318  -0.0009544697
       -0.0002527675  -0.0006861245   0.0002255266  -0.0002669745  -0.0007367880
        0.0000660652  -0.0000130089   0.0000543426   0.0001253844  -0.0000190388
        0.0000117336  -0.0000062609   0.0000315985  -0.0000010832  -0.0000637617
        0.0001005087  -0.0000663265  -0.0000462199  -0.0000683115  -0.0000486744
        0.0000500990   0.0001106846   0.0000751147  -0.0001690183  -0.0000402490
        0.0002727636   0.0007267058   0.0137468626  -0.0139091059  -0.0243807613
        0.0008300584  -0.0005879634   0.0001975523  -0.0018530743  -0.0016490151
       -0.0065033795   0.0000739401  -0.0001967958  -0.0001389795  -0.0002453872
       -0.0000249303   0.0000371883  -0.0000123056   0.0001600473   0.0001301143
       -0.0000000676  -0.0000077809  -0.0000037184   0.0000048111   0.0000086914
        0.0000455009   0.0000005129  -0.0000053942   0.0000293772   0.0000384035
       -0.0000838186   0.0000163739  -0.0001406575  -0.0000668561   0.0000992325
        0.0006288431   0.0008800640   0.0001373856  -0.0224552562  -0.0072663321
        0.0247326865  -0.0054066965   0.0002660922   0.0020361504   0.0279533349
        0.0055184137  -0.0270960931  -0.0005775420   0.0017013545   0.0014210129
       -0.0005870836   0.0001709755   0.0003387233  -0.0008012290   0.0001545381
        0.0000514624  -0.0005017974  -0.0003195798  -0.0000056254   0.0000172031
       -0.0002159422  -0.0005299472   0.0001554842  -0.0003065836  -0.0004040474
        0.0002250353  -0.0002046037  -0.0001426423   0.0000226588  -0.0001763002
        0.0001771872  -0.0001455260  -0.0000273834   0.0001392176   0.0000710117
        0.0000251993   0.0003360994   0.0008902998  -0.0012415155  -0.0020908730
        0.0000659447   0.0001631477   0.0003974292   0.0004569829   0.0001744267
        0.0005400232   0.0000062648  -0.0000318359   0.0001135219  -0.0004155336
        0.0003677605   0.0000483821   0.0001839032   0.0000447679   0.0000403562
       -0.0000649950   0.0002126285  -0.0000637425   0.0001381644   0.0001199685
       -0.0000422839   0.0000993741   0.0000205232  -0.0000239463   0.0000340438
        0.0000059441  -0.0000374092   0.0000071103  -0.0000357280  -0.0000730277
       -0.0009291610  -0.0010970827   0.0030986805  -0.0048373213  -0.0093659894
        0.0085956494  -0.0012322250   0.0010560686   0.0004362805   0.0055184137
        0.0123569413  -0.0084484321   0.0014960954  -0.0007473721  -0.0006287433
        0.0003931515  -0.0009329740  -0.0003896573   0.0002165169   0.0002281700
        0.0001881128  -0.0004278227  -0.0008695029  -0.0008621705   0.0000447003
       -0.0005939339  -0.0009977288   0.0001281905  -0.0003232817  -0.0004025876
        0.0000516368  -0.0000854282   0.0002270771   0.0000184874   0.0001429217
        0.0003084543   0.0000403839  -0.0003071571   0.0004538062   0.0002590344
        0.0002686717  -0.0002042624  -0.0006674659  -0.0011284538  -0.0004276393
       -0.0000598538   0.0002313895   0.0001801125  -0.0003310243   0.0008060088
        0.0004597218   0.0000644216  -0.0000581207  -0.0003059713   0.0003904843
        0.0000242392  -0.0008090424  -0.0000634835   0.0000556737  -0.0002124184
        0.0001007780   0.0002101291  -0.0002025439   0.0000244484  -0.0000278497
       -0.0000033899  -0.0000733568   0.0000373539   0.0000156890  -0.0000934858
        0.0000930441  -0.0001107895  -0.0000315432   0.0000265344   0.0000417924
        0.0014116906   0.0004489844  -0.0009123714   0.0244585253   0.0119916122
       -0.0409516531   0.0001481522  -0.0000619116   0.0004598459  -0.0270960931
       -0.0084484321   0.0446795418   0.0014097524  -0.0004163124  -0.0006426457
        0.0004333786  -0.0000676460  -0.0000888688  -0.0000599225  -0.0001633802
       -0.0003288213  -0.0001968453  -0.0003249055  -0.0016795698  -0.0002196823
       -0.0001518970  -0.0005306371  -0.0000939052   0.0000379665  -0.0003133786
       -0.0000518578  -0.0001792196   0.0002380639   0.0005933174  -0.0002736215
       -0.0002721130  -0.0004012873  -0.0010047653  -0.0002441837  -0.0000987735
        0.0001687195   0.0001841465  -0.0003428899  -0.0000026577  -0.0004478042
       -0.0002310226  -0.0000562012   0.0002277416   0.0005271354  -0.0005546314
        0.0001787448  -0.0000644226  -0.0000548520  -0.0000033432  -0.0000228507
       -0.0007193645  -0.0000314206  -0.0000394168   0.0000117358   0.0001237251
        0.0000085266  -0.0001452470   0.0000596907  -0.0001158597  -0.0000838574
       -0.0000359285  -0.0000186645   0.0000169750  -0.0000594685   0.0001348375
       -0.0000476347   0.0001120746  -0.0000718221   0.0000805438   0.0002786326
        0.0000455883   0.0004512937  -0.0001804380  -0.0092800304   0.0053127804
        0.0001723194  -0.0006363549  -0.0037980703  -0.0010652774  -0.0005775420
        0.0014960954   0.0014097524   0.1984888670   0.1003563542   0.0001699827
       -0.0646793996  -0.0318047753   0.0413403333  -0.0880456079  -0.0463742148
       -0.0325704331  -0.0347945260  -0.0236490619  -0.0073719504  -0.0013195023
        0.0008220052  -0.0040185937  -0.0010327740   0.0022918827   0.0014090020
        0.0000422596  -0.0007678654   0.0002079515  -0.0001491327   0.0006557797
        0.0016935757   0.0024023388  -0.0021058408   0.0034125031  -0.0047097546
        0.0017455438  -0.0001101871  -0.0044671270   0.0026305669  -0.0001919662
       -0.0005309219  -0.0001507113   0.0002187844   0.0006428801  -0.0022714422
        0.0016145668   0.0116381417   0.0147252937  -0.0047768226  -0.0088365624
       -0.0194689018   0.0046565697   0.0058486257   0.0017241008  -0.0040377544
        0.0001590694  -0.0002881665  -0.0005481496  -0.0001667760  -0.0000465242
        0.0000253800  -0.0001249752  -0.0005732830  -0.0003317417  -0.0000739516
       -0.0002998613  -0.0001166903   0.0001571679  -0.0006129776  -0.0010107167
        0.0006066106  -0.0010162840   0.0006268743   0.0025469574  -0.0118937848
       -0.0028575194  -0.0021380540  -0.0033359314  -0.0009420318   0.0017013545
       -0.0007473721  -0.0004163124   0.1003563542   0.2992587973  -0.0374766942
       -0.0270482313  -0.1364357010   0.0757915752  -0.0486868040  -0.1056920844
       -0.0468520707  -0.0028534498   0.0069764716   0.0014086744  -0.0000632380
       -0.0002719207  -0.0016150995   0.0001625513  -0.0000713249   0.0005365659
        0.0006163060   0.0007619778  -0.0007318853  -0.0017847082   0.0008762728
        0.0000631946   0.0022894738   0.0017456028   0.0025648346   0.0009989480
        0.0007529275   0.0000788701   0.0030221889  -0.0017147129  -0.0010053699
       -0.0002244778  -0.0002679048   0.0000323483  -0.0009613254  -0.0035594781
        0.0033823573  -0.0121523369  -0.0250963571   0.0093659163  -0.0021158466
        0.0005009383   0.0033965630  -0.0136986719  -0.0205358014  -0.0040457051
        0.0000060371   0.0000181670  -0.0001273953  -0.0001987100   0.0002202867
        0.0000446669  -0.0000717583   0.0001211463  -0.0001226600  -0.0002391354
        0.0000541041  -0.0003547431  -0.0000700343  -0.0006480342  -0.0007449542
       -0.0000378854  -0.0001242777  -0.0002748305   0.0007390366  -0.0006476647
       -0.0031963475  -0.0017861808  -0.0028750049  -0.0009544697   0.0014210129
       -0.0006287433  -0.0006426457   0.0001699827  -0.0374766942   0.1779754968
        0.0335700938   0.0645821477  -0.0866253610  -0.0250478145  -0.0364166219
       -0.0567181322  -0.0160261648  -0.0062397025  -0.0020225939  -0.0001644506
        0.0004613374  -0.0017663908  -0.0001662336   0.0005420276   0.0007714665
        0.0001760819  -0.0001682745  -0.0000805809  -0.0001062460   0.0000629411
        0.0007998021   0.0008839782  -0.0014018922   0.0014891921   0.0001413184
       -0.0000163202   0.0007824334   0.0016805890   0.0007071056  -0.0027933195
        0.0001644019  -0.0001047536  -0.0004592113   0.0027204617   0.0044773066
       -0.0041543404   0.0027380491   0.0148135203  -0.0057226330   0.0143633912
        0.0253727108  -0.0109631915  -0.0152840195  -0.0240017573  -0.0056025466
       -0.0000656718  -0.0000888782   0.0002794978  -0.0000434296   0.0003161203
        0.0003725368  -0.0000037165  -0.0002270482  -0.0000805333   0.0000090327
       -0.0005488705  -0.0001823099  -0.0000456168  -0.0003687135  -0.0002309877
        0.0002837615  -0.0002801161  -0.0000251842   0.0016904964  -0.0014854527
       -0.0008795423  -0.0002717464  -0.0000055444  -0.0002527675  -0.0005870836
        0.0003931515   0.0004333786  -0.0646793996  -0.0270482313   0.0335700938
        0.4572037998  -0.1740347667  -0.0330120462  -0.0608453455   0.0187378491
       -0.0659819870  -0.0035121104   0.0122497648  -0.0236732753   0.0010669266
       -0.0002503428  -0.0003662209   0.0006788343   0.0000758739  -0.0003713182
        0.0000520839   0.0002005744  -0.0002290411   0.0000042666   0.0012883274
       -0.0006442902  -0.0042428798   0.0006480571  -0.0010644391  -0.0012372961
       -0.0001099913   0.0004134173   0.0004447465  -0.0008179228   0.0006797543
        0.0000438140  -0.0002341213   0.0002287698   0.0005094124  -0.0002515691
        0.0002287275  -0.1867734892   0.1253402677  -0.0352260356  -0.1386607410
        0.0532084463   0.1169642168  -0.0005872820  -0.0078310673   0.0094849861
       -0.0005830799  -0.0001957605  -0.0002887968   0.0001331805   0.0000738714
       -0.0000612388   0.0000850527   0.0001006660  -0.0001206441  -0.0001283825
        0.0002238222   0.0000097508  -0.0000875388   0.0000042146   0.0001837323
        0.0000243076  -0.0001317455   0.0001344092   0.0007262246  -0.0006039519
        0.0019936755  -0.0000560001  -0.0000488147  -0.0006861245   0.0001709755
       -0.0009329740  -0.0000676460  -0.0318047753  -0.1364357010   0.0645821477
       -0.1740347667   0.3523973468  -0.0658131666   0.0253223475  -0.0201327984
        0.0229201876  -0.0016233260  -0.0062343684   0.0083437595  -0.0003527260
       -0.0000174994   0.0000937331  -0.0001228252   0.0001984980  -0.0000491192
       -0.0003079959  -0.0000091743   0.0001315340   0.0004371826  -0.0006438126
        0.0007278983   0.0029822672  -0.0014340278   0.0007196679   0.0007446770
       -0.0004493502   0.0001062650  -0.0014857163  -0.0001474445   0.0005286993
       -0.0002434266   0.0000714762   0.0000737765  -0.0004819881   0.0000884968
        0.0007905205   0.1296948721  -0.1353390752   0.0308822854   0.0506094787
       -0.0560659730  -0.0515136708  -0.0004387323   0.0058559303  -0.0139427804
        0.0000858624   0.0000793378  -0.0002102359   0.0000075534  -0.0001081109
       -0.0000447993  -0.0000243373  -0.0000127830   0.0000217645   0.0001637128
       -0.0000827440   0.0000760067   0.0000071545   0.0001392628   0.0002012119
       -0.0001438723   0.0000547510   0.0004426275  -0.0008181143  -0.0004782329
        0.0004615467  -0.0000410918  -0.0004413724   0.0002255266   0.0003387233
       -0.0003896573  -0.0000888688   0.0413403333   0.0757915752  -0.0866253610
       -0.0330120462  -0.0658131666   0.6101446752  -0.0774913531   0.0051231177
       -0.2718517209  -0.0058327190   0.0043649914  -0.0072852969   0.0012771438
       -0.0007870690   0.0004004844   0.0001935909   0.0001319278  -0.0002130678
        0.0000127243  -0.0000159697   0.0001710711   0.0001251420   0.0006109984
       -0.0002455428  -0.0016134155  -0.0001886446  -0.0000279937   0.0000698480
       -0.0000135309  -0.0002182339  -0.0003061084   0.0000754254  -0.0001728102
       -0.0000078507   0.0000140593   0.0003011983  -0.0000572469   0.0003699299
       -0.0002235582  -0.0400744010   0.0309371227  -0.0496993614   0.1166875258
       -0.0577393072  -0.1751518703  -0.0010798349   0.0082178598  -0.0200997945
        0.0002719208   0.0000102963  -0.0001663929   0.0000892828  -0.0001539913
       -0.0001758036   0.0000072047   0.0000266267  -0.0000145074  -0.0000401775
        0.0002473412   0.0001343154   0.0001047921   0.0000449193  -0.0000212612
       -0.0000516271  -0.0002761642  -0.0001551943   0.0040558284  -0.0003406006
        0.0014952107   0.0001501995   0.0003281894  -0.0002669745  -0.0008012290
        0.0002165169  -0.0000599225  -0.0880456079  -0.0486868040  -0.0250478145
       -0.0608453455   0.0253223475  -0.0774913531   0.4592372576  -0.1203755847
        0.0502038607  -0.1775959890   0.0592315415  -0.0218197315  -0.0317515781
        0.0093967918   0.0024409631  -0.0026713125  -0.0020257392   0.0031499612
       -0.0012046113  -0.0000753102   0.0008842981   0.0037339019  -0.0002245385
       -0.0008788413  -0.0103894918   0.0096081069  -0.0110720741   0.0000148655
        0.0002479521  -0.0000174686  -0.0001539076  -0.0010031609  -0.0002177456
       -0.0000792217  -0.0002314870  -0.0002127479  -0.0006903968   0.0004064583
        0.0001713472  -0.0103980736  -0.0073705109  -0.0165097105   0.0090096203
        0.0059974409   0.0132976854  -0.0920537423   0.0688486027   0.0815930352
        0.0006759010   0.0006313834  -0.0008468700  -0.0009157411   0.0006467812
       -0.0001508342   0.0000609525   0.0000934622   0.0000622113  -0.0000019344
        0.0003305539   0.0002600666   0.0007112829  -0.0006962288   0.0011886430
        0.0000336924   0.0000497571  -0.0002506549  -0.0000724640  -0.0028906434
       -0.0004018451  -0.0005098251  -0.0003417485  -0.0007367880   0.0001545381
        0.0002281700  -0.0001633802  -0.0463742148  -0.1056920844  -0.0364166219
        0.0187378491  -0.0201327984   0.0051231177  -0.1203755847   0.3197628612
        0.0933130310   0.0592513863  -0.0801213698   0.0112925640  -0.0016972429
        0.0038562157  -0.0007171540   0.0003098844   0.0039370115   0.0040754813
        0.0001314283  -0.0004318782  -0.0001532111   0.0012640761   0.0006525615
        0.0061394285   0.0184248206  -0.0135187299   0.0053183041   0.0007418715
       -0.0004252747   0.0000823798  -0.0024244755  -0.0004359949   0.0004461469
       -0.0002100673   0.0000453263   0.0000137476  -0.0001027805   0.0002020587
        0.0006314148   0.0093493784   0.0041927015   0.0144281517  -0.0058667607
       -0.0034321821  -0.0042469986   0.0705967210  -0.1026158241  -0.0945927753
       -0.0012486376  -0.0008756810  -0.0013331907  -0.0003189430  -0.0000597900
       -0.0001083827  -0.0003825763  -0.0009125185  -0.0009029872   0.0008551290
       -0.0005697174   0.0002585667  -0.0002672029  -0.0004704281  -0.0010983444
        0.0000045813   0.0001756172   0.0002320315  -0.0002165681   0.0003217954
        0.0010175750  -0.0000966506  -0.0001125887   0.0000660652   0.0000514624
        0.0001881128  -0.0003288213  -0.0325704331  -0.0468520707  -0.0567181322
       -0.0659819870   0.0229201876  -0.2718517209   0.0502038607   0.0933130310
        0.5850853917  -0.0205610998   0.0143754101  -0.0679605335   0.0109822057
       -0.0058585537   0.0043032081   0.0041396845   0.0036380474   0.0015304952
       -0.0000459351  -0.0000098025  -0.0002934550   0.0010884081   0.0058416957
       -0.0004048802  -0.0216510491   0.0121535310  -0.0077080896   0.0005302721
        0.0000106084  -0.0003343276  -0.0004515618  -0.0002082411   0.0009419871
       -0.0000057435   0.0001501989   0.0003545918  -0.0002255166   0.0004866641
       -0.0003604931  -0.0027498646   0.0006921656  -0.0071997167  -0.0087009977
       -0.0062704172  -0.0189417142   0.0878274489  -0.0924037491  -0.1592285638
        0.0001806856  -0.0015726770  -0.0011919234   0.0007220896  -0.0004917522
       -0.0002133021  -0.0002772921  -0.0006383787  -0.0007327178  -0.0008509412
        0.0010247154   0.0000296006  -0.0013450582  -0.0008735496  -0.0000925550
       -0.0000647963   0.0001269536   0.0001219221   0.0009942892  -0.0007758539
       -0.0011102118  -0.0001644175   0.0001269912  -0.0000130089  -0.0005017974
       -0.0004278227  -0.0001968453  -0.0347945260  -0.0028534498  -0.0160261648
       -0.0035121104  -0.0016233260  -0.0058327190  -0.1775959890   0.0592513863
       -0.0205610998   0.6033478392  -0.0511687213  -0.0758871604  -0.2279535794
       -0.0654564544   0.1290054061  -0.0635783400   0.0246768864  -0.0035848314
       -0.0079651109  -0.0178484186   0.0192762026   0.0157275484   0.0178015365
       -0.0224616087  -0.0859232389   0.0392846750  -0.0216812913   0.0000456351
        0.0003590722   0.0000189759   0.0000204730  -0.0004194751  -0.0001501805
       -0.0000018227   0.0000132659   0.0000607139  -0.0001058587   0.0000393746
        0.0000059107   0.0005225516   0.0001569856   0.0008704154   0.0004832668
       -0.0002395879   0.0003748418  -0.0135431386   0.0068962423   0.0005450502
        0.0010671649   0.0000282199   0.0018805404  -0.0038402520   0.0039524627
        0.0002794762   0.0005695513  -0.0006680483   0.0001820669  -0.0035711723
        0.0038160211  -0.0002197366   0.0003378303  -0.0150489155   0.0151033361
        0.0000388482   0.0004111955   0.0002851985  -0.0025080883  -0.0031357787
       -0.0031887979  -0.0002052272  -0.0000899900   0.0000543426  -0.0003195798
       -0.0008695029  -0.0003249055  -0.0236490619   0.0069764716  -0.0062397025
        0.0122497648  -0.0062343684   0.0043649914   0.0592315415  -0.0801213698
        0.0143754101  -0.0511687213   0.3552912150  -0.2222723747  -0.0160152021
       -0.0846694179   0.0461375382  -0.0155139398   0.0272056866  -0.0240800399
       -0.0176098502  -0.0216524281   0.0228518936   0.0521053788  -0.0230316496
        0.0071368629  -0.0001834998  -0.1623442743   0.1329792083  -0.0001134475
        0.0000313128   0.0000261655   0.0000910108   0.0002608074  -0.0005844029
        0.0001136133   0.0000201273   0.0000655256   0.0004162683  -0.0001194806
        0.0002406790   0.0012215408   0.0012715294   0.0019859491  -0.0004321310
       -0.0004371630  -0.0007195019   0.0129423417  -0.0034972744   0.0018723046
       -0.0154285124  -0.0058785145   0.0135447787   0.0038015616   0.0033055747
        0.0038157210  -0.0005670088   0.0000544481   0.0002742790   0.0036413971
        0.0027357343   0.0030878031  -0.0021389966  -0.0054828904   0.0043110742
       -0.0001741459  -0.0002581461  -0.0001506769   0.0020532311   0.0017589213
        0.0019384119  -0.0000547653   0.0000897532   0.0001253844  -0.0000056254
       -0.0008621705  -0.0016795698  -0.0073719504   0.0014086744  -0.0020225939
       -0.0236732753   0.0083437595  -0.0072852969  -0.0218197315   0.0112925640
       -0.0679605335  -0.0758871604  -0.2222723747   0.4244908134   0.0806908663
        0.0635039415  -0.1409961974   0.0370556191  -0.0366778088   0.0262601681
        0.0188766207   0.0216057683  -0.0360671504  -0.0597601007   0.0191496966
        0.0012706897   0.0182772450   0.1104781665  -0.1816969425  -0.0000395540
        0.0001517135   0.0000206605   0.0005260788  -0.0003553243   0.0000730170
       -0.0001284892   0.0000123806  -0.0000534498  -0.0002903560   0.0003284869
       -0.0001643137  -0.0021341117  -0.0018540551  -0.0029181503   0.0000886677
        0.0012776421   0.0005592410   0.0150080447  -0.0067422607   0.0038851225
        0.0162968099   0.0075771613  -0.0139947333  -0.0001427407   0.0035394526
        0.0040354194   0.0003092786   0.0003446467  -0.0002124857   0.0005817705
        0.0036964085   0.0041272214   0.0017177739   0.0144630027  -0.0115840551
        0.0000093212  -0.0003973913  -0.0001522923   0.0005019585  -0.0005609318
        0.0012352406   0.0000656093   0.0000247013  -0.0000190388   0.0000172031
        0.0000447003  -0.0002196823  -0.0013195023  -0.0000632380  -0.0001644506
        0.0010669266  -0.0003527260   0.0012771438  -0.0317515781  -0.0016972429
        0.0109822057  -0.2279535794  -0.0160152021   0.0806908663   0.6081095875
       -0.0893577398  -0.0752329489  -0.2659159496   0.0728359992   0.0030890602
        0.0177059969   0.0550951231  -0.0640253501  -0.0591178712   0.0053236585
        0.0126270150   0.0275922335  -0.0546073877   0.0430296677  -0.0000766339
       -0.0000481269  -0.0000189187   0.0000115309  -0.0000262285  -0.0000076695
       -0.0000023107  -0.0000622113  -0.0000068601  -0.0003142531   0.0000247437
        0.0002158802   0.0000550269  -0.0000206685   0.0003639261  -0.0004280820
        0.0002483500   0.0001716879  -0.0022493900   0.0006737411  -0.0002400152
       -0.0450294294   0.0143344846  -0.0139940601  -0.0238680711   0.0103214013
       -0.0020578995   0.0013875012   0.0014978104   0.0007408423  -0.0002533741
        0.0004541701   0.0007542586   0.0017571294   0.0023302110   0.0009613915
        0.0001103919   0.0000387449   0.0000969222  -0.0007201941  -0.0004069838
       -0.0005869475   0.0001201785   0.0000540017   0.0000117336  -0.0002159422
       -0.0005939339  -0.0001518970   0.0008220052  -0.0002719207   0.0004613374
       -0.0002503428  -0.0000174994  -0.0007870690   0.0093967918   0.0038562157
       -0.0058585537  -0.0654564544  -0.0846694179   0.0635039415  -0.0893577398
        0.3870448556  -0.2590450372   0.1239888845  -0.1188675331   0.0298024246
        0.0171245011  -0.0254166747   0.0211001987   0.0054185366  -0.0016695920
       -0.0062540358  -0.0171312658  -0.0053652497   0.0163164411   0.0000826970
       -0.0000252375   0.0000074345  -0.0001969477  -0.0000367404  -0.0001100302
        0.0000191147   0.0000000003   0.0000065853   0.0004309142   0.0000006090
       -0.0001079022  -0.0001559701   0.0000192357   0.0000886017   0.0004899476
        0.0004346078   0.0002966797   0.0021079560  -0.0012050024   0.0002121886
        0.0149637057  -0.1581737881   0.1295135757  -0.0048609215   0.0035599707
       -0.0003438915   0.0017070682   0.0007037987   0.0065778604   0.0000162814
        0.0003181722  -0.0005486898   0.0015468041   0.0006893613   0.0057981292
       -0.0000248068  -0.0000958999   0.0001600591   0.0003189780   0.0008560069
       -0.0011604565  -0.0002508156  -0.0001584118  -0.0000062609  -0.0005299472
       -0.0009977288  -0.0005306371  -0.0040185937  -0.0016150995  -0.0017663908
       -0.0003662209   0.0000937331   0.0004004844   0.0024409631  -0.0007171540
        0.0043032081   0.1290054061   0.0461375382  -0.1409961974  -0.0752329489
       -0.2590450372   0.4193340471  -0.0527491551   0.0491480806  -0.0819684826
       -0.0239135520   0.0080499386   0.0026446586   0.0130856520  -0.0061221758
       -0.0034803632   0.0099684331   0.0295275273  -0.0300890837  -0.0001582548
       -0.0000158580  -0.0000304623   0.0004220543   0.0002287454  -0.0003144005
       -0.0000112241   0.0000125434   0.0000817437   0.0002583319  -0.0000093544
        0.0001173075  -0.0000959714  -0.0000586439  -0.0000481683  -0.0006852797
       -0.0003076803  -0.0000571135  -0.0007595954   0.0001987058   0.0000291858
       -0.0126654445   0.1295605986  -0.1694251926   0.0143357607  -0.0063174840
        0.0024325169   0.0007055434   0.0066823838   0.0009139182   0.0000034586
       -0.0007350631   0.0000408955   0.0009172289   0.0056997888  -0.0005848154
        0.0001135909   0.0003111838   0.0000232255  -0.0007687032  -0.0002389742
        0.0000078396   0.0002055791   0.0000181935   0.0000315985   0.0001554842
        0.0001281905  -0.0000939052  -0.0010327740   0.0001625513  -0.0001662336
        0.0006788343  -0.0001228252   0.0001935909  -0.0026713125   0.0003098844
        0.0041396845  -0.0635783400  -0.0155139398   0.0370556191  -0.2659159496
        0.1239888845  -0.0527491551   0.6251952392  -0.0801461895  -0.0981377754
       -0.0955095240  -0.0056028713   0.0239488762   0.0343116308  -0.0191921122
        0.0089055485  -0.0161073498   0.0230563412  -0.0198972379   0.0000457976
       -0.0000253044  -0.0000069238  -0.0001733413   0.0000329164   0.0000699282
        0.0000490961  -0.0000100547  -0.0000185148   0.0001778107   0.0000240012
       -0.0001835106   0.0000617212  -0.0000285743   0.0000161734  -0.0000673718
       -0.0000495709  -0.0002612739  -0.0010311913   0.0004196812  -0.0000935951
       -0.0028792131   0.0033834811  -0.0012342851  -0.2048590346  -0.0491247841
        0.1126193342  -0.0034759993   0.0188203717  -0.0174060960  -0.0029734201
       -0.0005169025   0.0040486099   0.0000487404  -0.0000835776  -0.0008115219
       -0.0000068210  -0.0001434583  -0.0000047088   0.0000580396  -0.0002020278
       -0.0000490574  -0.0000045133   0.0000298742  -0.0000010832  -0.0003065836
       -0.0003232817   0.0000379665   0.0022918827  -0.0000713249   0.0005420276
        0.0000758739   0.0001984980   0.0001319278  -0.0020257392   0.0039370115
        0.0036380474   0.0246768864   0.0272056866  -0.0366778088   0.0728359992
       -0.1188675331   0.0491480806  -0.0801461895   0.3899570544  -0.2456249972
        0.0466304709  -0.1907102069   0.1230255228  -0.0576874893  -0.0077294209
        0.0298501089   0.0222411090  -0.0302901709   0.0170396784   0.0000566685
       -0.0000223963  -0.0000096199  -0.0001577119  -0.0001241993   0.0000431459
       -0.0000225641   0.0000747526   0.0000136185   0.0000073577  -0.0000065708
       -0.0000628215  -0.0000243767  -0.0000307912   0.0000206417  -0.0000659641
       -0.0000983954   0.0000211815  -0.0009408582   0.0003837198  -0.0000633151
        0.0180412341  -0.0103456947   0.0051270287  -0.0490997112  -0.0560650129
        0.0386473415   0.0031139962  -0.0107571343   0.0107940210   0.0001086145
        0.0042415170   0.0044441429   0.0003503893  -0.0002404945  -0.0000310700
       -0.0000175688  -0.0000296733   0.0000599049   0.0006997223   0.0004684303
       -0.0003078122  -0.0001769480  -0.0000121338  -0.0000637617  -0.0004040474
       -0.0004025876  -0.0003133786   0.0014090020   0.0005365659   0.0007714665
       -0.0003713182  -0.0000491192  -0.0002130678   0.0031499612   0.0040754813
        0.0015304952  -0.0035848314  -0.0240800399   0.0262601681   0.0030890602
        0.0298024246  -0.0819684826  -0.0981377754  -0.2456249972   0.4060691914
       -0.0310147332   0.1420910543  -0.1804271659   0.0483662584   0.0168783971
       -0.0324126163  -0.0191843401   0.0177703881  -0.0166921480  -0.0000179433
        0.0000050606  -0.0000150738   0.0001837614  -0.0000383290  -0.0001305175
       -0.0000273303  -0.0000069568   0.0001002204  -0.0001569706   0.0000207721
        0.0001529126   0.0000095078   0.0000297208  -0.0000117368   0.0001872051
        0.0000845893   0.0000800046  -0.0005226618   0.0000021770  -0.0000776391
       -0.0180019813   0.0109366596  -0.0040051532   0.1124596563   0.0387589209
       -0.1166454198  -0.0014869638   0.0048345008  -0.0032725341   0.0040787024
        0.0039746406   0.0015091678  -0.0005274236  -0.0000259464   0.0000229759
        0.0001360361   0.0001123188   0.0000988334  -0.0008274587   0.0002803245
       -0.0001061323   0.0001974793   0.0000388198   0.0001005087   0.0002250353
        0.0000516368  -0.0000518578   0.0000422596   0.0006163060   0.0001760819
        0.0000520839  -0.0003079959   0.0000127243  -0.0012046113   0.0001314283
       -0.0000459351  -0.0079651109  -0.0176098502   0.0188766207   0.0177059969
        0.0171245011  -0.0239135520  -0.0955095240   0.0466304709  -0.0310147332
        0.6278604865  -0.1053403742  -0.0852919701  -0.2373966413  -0.0599674684
        0.1359079330  -0.0600946864   0.0229069563  -0.0005623251   0.0000618067
       -0.0000436917  -0.0000030961  -0.0001616355   0.0000078122   0.0000471714
        0.0000533960   0.0000669976  -0.0000395453   0.0000562612  -0.0000137823
       -0.0001065198   0.0001498737   0.0000389043   0.0000297030   0.0000588961
        0.0000276063  -0.0000842017   0.0001854713  -0.0000709419  -0.0001764115
       -0.0038748056   0.0042205001   0.0000113514   0.0006789361  -0.0162621492
        0.0167926043  -0.2377137655   0.1045833012  -0.0307602050   0.0010093662
       -0.0010795190  -0.0001619629  -0.0037251458   0.0038578884   0.0002649158
       -0.0001244697  -0.0001686263  -0.0000161408   0.0011054297   0.0004748146
        0.0000536748  -0.0001951152   0.0000156958  -0.0000663265  -0.0002046037
       -0.0000854282  -0.0001792196  -0.0007678654   0.0007619778  -0.0001682745
        0.0002005744  -0.0000091743  -0.0000159697  -0.0000753102  -0.0004318782
       -0.0000098025  -0.0178484186  -0.0216524281   0.0216057683   0.0550951231
       -0.0254166747   0.0080499386  -0.0056028713  -0.1907102069   0.1420910543
       -0.1053403742   0.3964775997  -0.2407987967  -0.0097762388  -0.0861631077
        0.0441448657  -0.0136192846   0.0269034272  -0.0225154849   0.0000155044
        0.0000596414   0.0000239769   0.0002532937  -0.0001574036  -0.0000311539
       -0.0000701195   0.0000578620   0.0000085753  -0.0000561289   0.0000728588
        0.0002442678   0.0000353255   0.0000513760  -0.0000569764   0.0000745694
       -0.0001098105  -0.0001099386  -0.0000049040   0.0000742676  -0.0000044197
        0.0037804230   0.0032192092   0.0038542110  -0.0005026797  -0.0056671989
        0.0072973230   0.1047857886  -0.0951454931   0.0210420838  -0.0156197725
       -0.0055544255   0.0124317260   0.0044621246   0.0031031258   0.0031250380
       -0.0001201716   0.0001243655  -0.0001092895  -0.0002162191  -0.0011950685
       -0.0003216179  -0.0000513771   0.0000165867  -0.0000462199  -0.0001426423
        0.0002270771   0.0002380639   0.0002079515  -0.0007318853  -0.0000805809
       -0.0002290411   0.0001315340   0.0001710711   0.0008842981  -0.0001532111
       -0.0002934550   0.0192762026   0.0228518936  -0.0360671504  -0.0640253501
        0.0211001987   0.0026446586   0.0239488762   0.1230255228  -0.1804271659
       -0.0852919701  -0.2407987967   0.3961869515   0.0798516617   0.0610413274
       -0.1466408811   0.0382758599  -0.0344545327   0.0266187893  -0.0000234940
        0.0000170118   0.0000609776  -0.0001520301   0.0001421575  -0.0001619616
        0.0000131054  -0.0000323839   0.0000815383   0.0004756111  -0.0000062546
       -0.0001105057  -0.0000752104  -0.0001059288  -0.0000021702  -0.0000325844
        0.0001244076   0.0001370387  -0.0000479060  -0.0000860199   0.0001441976
        0.0001671404   0.0034864204   0.0037880546   0.0007741207   0.0131495397
       -0.0121922668  -0.0306415940   0.0210891787  -0.0452206333   0.0168650028
        0.0076318317  -0.0117238887   0.0003097597   0.0034050281   0.0033264456
       -0.0000181325   0.0002125574   0.0001015351  -0.0031335127  -0.0019947418
       -0.0025082134  -0.0000197595   0.0000041724  -0.0000683115   0.0000226588
        0.0000184874   0.0005933174  -0.0001491327  -0.0017847082  -0.0001062460
        0.0000042666   0.0004371826   0.0001251420   0.0037339019   0.0012640761
        0.0010884081   0.0157275484   0.0521053788  -0.0597601007  -0.0591178712
        0.0054185366   0.0130856520   0.0343116308  -0.0576874893   0.0483662584
       -0.2373966413  -0.0097762388   0.0798516617   0.5896136592  -0.0911153196
       -0.0911546618  -0.2543425174   0.0816443286   0.0079923513   0.0000193548
       -0.0000501368  -0.0000097444  -0.0002350475   0.0002103660  -0.0002643032
        0.0000266292   0.0000473986  -0.0000131651   0.0002376093  -0.0003285869
        0.0000333985  -0.0000906359  -0.0001111772   0.0000433503  -0.0000418731
        0.0001323270   0.0001912449  -0.0005400353  -0.0000744999   0.0002186543
       -0.0004897769  -0.0002095436  -0.0002798510   0.0015330566   0.0017098205
        0.0009877800  -0.0234417546  -0.0046823372   0.0144684974  -0.0439033394
        0.0159039714  -0.0104053249  -0.0223102857   0.0087061761  -0.0025773294
       -0.0002791129  -0.0006011114  -0.0001461306   0.0019997038   0.0005756772
        0.0009723471  -0.0001876069   0.0001139109  -0.0000486744  -0.0001763002
        0.0001429217  -0.0002736215   0.0006557797   0.0008762728   0.0000629411
        0.0012883274  -0.0006438126   0.0006109984  -0.0002245385   0.0006525615
        0.0058416957   0.0178015365  -0.0230316496   0.0191496966   0.0053236585
       -0.0016695920  -0.0061221758  -0.0191921122  -0.0077294209   0.0168783971
       -0.0599674684  -0.0861631077   0.0610413274  -0.0911153196   0.3951701398
       -0.2567478354   0.1208200725  -0.1225175438   0.0276672646   0.0000219533
        0.0001282071   0.0000183158   0.0004119578  -0.0002773571   0.0002577656
       -0.0001269946   0.0000095639  -0.0000494129  -0.0006644974   0.0000112427
       -0.0000271389   0.0000953067   0.0001892651   0.0001290085   0.0000134020
       -0.0001268702  -0.0000427744  -0.0005561905   0.0001599030   0.0000181642
       -0.0000511580   0.0001689501  -0.0005038676   0.0013420919   0.0005896013
        0.0067602830   0.0108837686   0.0035274931  -0.0064759446   0.0154090941
       -0.1629484794   0.1312660208  -0.0035253536   0.0033932345  -0.0002366496
       -0.0002592540   0.0002003946  -0.0003810249   0.0002146968  -0.0010448433
        0.0002544422  -0.0000852428   0.0001199260   0.0000500990   0.0001771872
        0.0003084543  -0.0002721130   0.0016935757   0.0000631946   0.0007998021
       -0.0006442902   0.0007278983  -0.0002455428  -0.0008788413   0.0061394285
       -0.0004048802  -0.0224616087   0.0071368629   0.0012706897   0.0126270150
       -0.0062540358  -0.0034803632   0.0089055485   0.0298501089  -0.0324126163
        0.1359079330   0.0441448657  -0.1466408811  -0.0911546618  -0.2567478354
        0.4240765753  -0.0454094621   0.0471872685  -0.0797089613   0.0000284436
        0.0000266311   0.0000885500  -0.0002284068  -0.0002235426  -0.0001765936
        0.0000436681   0.0000100650   0.0000140237   0.0001707858   0.0002243322
        0.0002748708  -0.0000469516  -0.0000828895  -0.0001694361   0.0000154792
        0.0000695735   0.0000275892  -0.0005899400   0.0002376229  -0.0001137151
        0.0000180163  -0.0005932182   0.0002421460   0.0009851181   0.0066996028
        0.0007841755  -0.0019070658  -0.0008386801   0.0021310160  -0.0119441532
        0.1301029062  -0.1686454810   0.0148224111  -0.0074640912   0.0026376292
       -0.0003434820  -0.0004020192  -0.0000580363   0.0036542216   0.0004714630
        0.0004334015  -0.0001402540   0.0000716950   0.0001106846  -0.0001455260
        0.0000403839  -0.0004012873   0.0024023388   0.0022894738   0.0008839782
       -0.0042428798   0.0029822672  -0.0016134155  -0.0103894918   0.0184248206
       -0.0216510491  -0.0859232389  -0.0001834998   0.0182772450   0.0275922335
       -0.0171312658   0.0099684331  -0.0161073498   0.0222411090  -0.0191843401
       -0.0600946864  -0.0136192846   0.0382758599  -0.2543425174   0.1208200725
       -0.0454094621   0.5938696410  -0.1076459752  -0.1052633696  -0.0000783848
        0.0000432172   0.0001033640   0.0000249607  -0.0001638639  -0.0002678673
       -0.0001026766  -0.0000115917  -0.0000244584  -0.0014072533  -0.0000467182
        0.0010640479  -0.0006358855  -0.0005429525  -0.0011582569  -0.0000841261
        0.0000092502   0.0002242069  -0.0000579933   0.0002228151  -0.0005877023
       -0.0030700661  -0.0008263465   0.0039982818   0.0004509683   0.0003693626
       -0.0006211763  -0.0030126851  -0.0000243621   0.0041391075  -0.0034298162
        0.0027254732  -0.0015827189  -0.1843860508  -0.0301135239   0.1203445296
       -0.0000473185  -0.0004646908  -0.0001816486   0.0016497410   0.0008185081
        0.0006882540  -0.0000784939   0.0001767518   0.0000751147  -0.0000273834
       -0.0003071571  -0.0010047653  -0.0021058408   0.0017456028  -0.0014018922
        0.0006480571  -0.0014340278  -0.0001886446   0.0096081069  -0.0135187299
        0.0121535310   0.0392846750  -0.1623442743   0.1104781665  -0.0546073877
       -0.0053652497   0.0295275273   0.0230563412  -0.0302901709   0.0177703881
        0.0229069563   0.0269034272  -0.0344545327   0.0816443286  -0.1225175438
        0.0471872685  -0.1076459752   0.3526688940  -0.2290052957  -0.0000080730
        0.0001334972   0.0000100287   0.0003983442  -0.0006062980   0.0003271941
       -0.0000940566   0.0000228520  -0.0000930265  -0.0011870132   0.0002793563
       -0.0001904281   0.0001618658   0.0002262706   0.0004655956  -0.0001595184
       -0.0001964779   0.0000622908  -0.0003194486   0.0004415404   0.0002190878
       -0.0001342432   0.0036789516   0.0036895118   0.0002726376  -0.0005170025
       -0.0002358210  -0.0000816339   0.0039832619   0.0040281004   0.0183788385
       -0.0100845408   0.0049514919  -0.0315135060  -0.0434327504   0.0351225034
       -0.0000223471   0.0001189541  -0.0003351283  -0.0013588998  -0.0018655893
        0.0017831516   0.0001533912   0.0001602129  -0.0001690183   0.0001392176
        0.0004538062  -0.0002441837   0.0034125031   0.0025648346   0.0014891921
       -0.0010644391   0.0007196679  -0.0000279937  -0.0110720741   0.0053183041
       -0.0077080896  -0.0216812913   0.1329792083  -0.1816969425   0.0430296677
        0.0163164411  -0.0300890837  -0.0198972379   0.0170396784  -0.0166921480
       -0.0005623251  -0.0225154849   0.0266187893   0.0079923513   0.0276672646
       -0.0797089613  -0.1052633696  -0.2290052957   0.4192117277   0.0000900947
        0.0001122719  -0.0001651027   0.0002880275  -0.0007053982   0.0008741278
       -0.0000882235   0.0000324870  -0.0001511419  -0.0015251776  -0.0003973252
       -0.0010503841  -0.0000941419   0.0000975543  -0.0002681711   0.0001614287
        0.0000762127  -0.0002284624   0.0008779526   0.0000534924  -0.0000553547
        0.0037430754   0.0040738521   0.0017249127  -0.0006971215  -0.0002948369
       -0.0002229731   0.0043003743   0.0038650379   0.0020391089  -0.0178664729
        0.0103588873  -0.0040453941   0.1170050373   0.0327757624  -0.1308824771
        0.0001529292  -0.0000399159   0.0000351379   0.0003757705  -0.0013366610
        0.0000348050   0.0005305564   0.0004784559  -0.0000402490   0.0000710117
        0.0002590344  -0.0000987735  -0.0047097546   0.0009989480   0.0001413184
       -0.0012372961   0.0007446770   0.0000698480   0.0000148655   0.0007418715
        0.0005302721   0.0000456351  -0.0001134475  -0.0000395540  -0.0000766339
        0.0000826970  -0.0001582548   0.0000457976   0.0000566685  -0.0000179433
        0.0000618067   0.0000155044  -0.0000234940   0.0000193548   0.0000219533
        0.0000284436  -0.0000783848  -0.0000080730   0.0000900947   0.0133588497
       -0.0135268481   0.0012610049  -0.0086126565   0.0129635292  -0.0023109301
        0.0002429605  -0.0021299970   0.0005962816   0.0005454034   0.0002323725
        0.0000759374  -0.0006734115   0.0002901193  -0.0001727118  -0.0001433130
       -0.0000039862  -0.0001044136   0.0001174207   0.0000824367   0.0001072604
       -0.0000083087   0.0000432079  -0.0000277510  -0.0000434272   0.0000747243
       -0.0000102180   0.0000098322   0.0000602719  -0.0000248912   0.0000120988
        0.0000260768  -0.0000033034  -0.0000211065  -0.0000136200   0.0000620837
        0.0001716654   0.0002778029   0.0000152714  -0.0015743287  -0.0014576153
       -0.0003784851   0.0016015860  -0.0005375994   0.0002727636   0.0000251993
        0.0002686717   0.0001687195   0.0017455438   0.0007529275  -0.0000163202
       -0.0001099913  -0.0004493502  -0.0000135309   0.0002479521  -0.0004252747
        0.0000106084   0.0003590722   0.0000313128   0.0001517135  -0.0000481269
       -0.0000252375  -0.0000158580  -0.0000253044  -0.0000223963   0.0000050606
       -0.0000436917   0.0000596414   0.0000170118  -0.0000501368   0.0001282071
        0.0000266311   0.0000432172   0.0001334972   0.0001122719  -0.0135268481
        0.0704230508  -0.0128353167   0.0091907968  -0.0690287478   0.0124611572
        0.0006868363  -0.0010678553   0.0004269738   0.0010031158   0.0002640924
        0.0000029525   0.0002722522   0.0004958981  -0.0005214362  -0.0000597789
        0.0000171312  -0.0000600491   0.0001441244   0.0001588010   0.0003529346
        0.0000480507  -0.0000158297  -0.0000741824  -0.0000327841   0.0000126143
       -0.0000152449  -0.0000171680   0.0000397253  -0.0000076092  -0.0000402619
        0.0000666413  -0.0000665387  -0.0000109914  -0.0001001088  -0.0000194984
       -0.0000670389   0.0000362536   0.0003986755  -0.0002642223   0.0002975430
       -0.0017455783   0.0007078823  -0.0010199556   0.0007267058   0.0003360994
       -0.0002042624   0.0001841465  -0.0001101871   0.0000788701   0.0007824334
        0.0004134173   0.0001062650  -0.0002182339  -0.0000174686   0.0000823798
       -0.0003343276   0.0000189759   0.0000261655   0.0000206605  -0.0000189187
        0.0000074345  -0.0000304623  -0.0000069238  -0.0000096199  -0.0000150738
       -0.0000030961   0.0000239769   0.0000609776  -0.0000097444   0.0000183158
        0.0000885500   0.0001033640   0.0000100287  -0.0001651027   0.0012610049
       -0.0128353167   0.0058397866  -0.0014861215   0.0124324570  -0.0076129636
       -0.0000943996   0.0007410905   0.0010404166  -0.0009237184   0.0006425125
        0.0007471434   0.0000724276  -0.0004010905  -0.0000397390  -0.0000140685
       -0.0001185498   0.0000513079   0.0001264941   0.0000717680   0.0000159284
       -0.0000041468  -0.0000634769  -0.0000426649   0.0000143174  -0.0000324239
        0.0000097610  -0.0000139741   0.0000216586   0.0000677721   0.0000075778
        0.0000365511   0.0000611782  -0.0000275319   0.0000514252   0.0001087025
        0.0010803790  -0.0008485018  -0.0003134226  -0.0098775831   0.0049516759
        0.0032499147  -0.0120994108   0.0093652121   0.0137468626   0.0008902998
       -0.0006674659  -0.0003428899  -0.0044671270   0.0030221889   0.0016805890
        0.0004447465  -0.0014857163  -0.0003061084  -0.0001539076  -0.0024244755
       -0.0004515618   0.0000204730   0.0000910108   0.0005260788   0.0000115309
       -0.0001969477   0.0004220543  -0.0001733413  -0.0001577119   0.0001837614
       -0.0001616355   0.0002532937  -0.0001520301  -0.0002350475   0.0004119578
       -0.0002284068   0.0000249607   0.0003983442   0.0002880275  -0.0086126565
        0.0091907968  -0.0014861215   0.0973240013  -0.0039610100  -0.0071634279
       -0.0466608931  -0.0258157054   0.0105826483  -0.0186586443   0.0089634350
       -0.0188747423   0.0010868153  -0.0005902428  -0.0002167122  -0.0004705885
        0.0005629342   0.0004542062   0.0003766158  -0.0009222313  -0.0004055588
       -0.0000317664  -0.0000945515   0.0000218378   0.0000312965   0.0000085367
       -0.0000064373   0.0000586862   0.0000037075  -0.0000161576  -0.0000145100
        0.0000654527  -0.0001079319   0.0002673064  -0.0001239862  -0.0010844714
       -0.0011843622   0.0002500413  -0.0001024297   0.0077995765   0.0050141206
        0.0007188688   0.0054779055  -0.0136398461  -0.0139091059  -0.0012415155
       -0.0011284538  -0.0000026577   0.0026305669  -0.0017147129   0.0007071056
       -0.0008179228  -0.0001474445   0.0000754254  -0.0010031609  -0.0004359949
       -0.0002082411  -0.0004194751   0.0002608074  -0.0003553243  -0.0000262285
       -0.0000367404   0.0002287454   0.0000329164  -0.0001241993  -0.0000383290
        0.0000078122  -0.0001574036   0.0001421575   0.0002103660  -0.0002773571
       -0.0002235426  -0.0001638639  -0.0006062980  -0.0007053982   0.0129635292
       -0.0690287478   0.0124324570  -0.0039610100   0.1168828901  -0.0155041426
       -0.0270066659  -0.0246110043   0.0072039740   0.0066810425  -0.0087389030
        0.0086972311  -0.0001087075  -0.0012704308   0.0008339219  -0.0000590502
        0.0003307729   0.0001704523   0.0000607396  -0.0006568954  -0.0008643665
       -0.0000224345  -0.0001198274   0.0001550209   0.0000683660  -0.0001416474
        0.0000273648   0.0000147644  -0.0000892292   0.0000472758   0.0001257598
       -0.0001144208   0.0002149042  -0.0000589481   0.0003009245   0.0002586329
        0.0004374989  -0.0009861894  -0.0021421048   0.0031458603   0.0009915882
        0.0168508788   0.0052100793  -0.0108584070  -0.0243807613  -0.0020908730
       -0.0004276393  -0.0004478042  -0.0001919662  -0.0010053699  -0.0027933195
        0.0006797543   0.0005286993  -0.0001728102  -0.0002177456   0.0004461469
        0.0009419871  -0.0001501805  -0.0005844029   0.0000730170  -0.0000076695
       -0.0001100302  -0.0003144005   0.0000699282   0.0000431459  -0.0001305175
        0.0000471714  -0.0000311539  -0.0001619616  -0.0002643032   0.0002577656
       -0.0001765936  -0.0002678673   0.0003271941   0.0008741278  -0.0023109301
        0.0124611572  -0.0076129636  -0.0071634279  -0.0155041426   0.0518543202
        0.0109784276   0.0070901802  -0.0083624637  -0.0087771989   0.0066698833
       -0.0217945898  -0.0002982320   0.0005732964  -0.0001356096   0.0003552465
        0.0001606063  -0.0002727615   0.0002353291  -0.0003315626  -0.0002364647
        0.0000970127   0.0001181045  -0.0001995833   0.0000352418   0.0000257238
       -0.0001386772   0.0000952880   0.0000516578  -0.0001494448  -0.0000154951
        0.0001972710  -0.0001075345   0.0003690513  -0.0001035227  -0.0008639650
       -0.0002317386  -0.0000761748   0.0001108524   0.0019404409   0.0000036358
       -0.0004478820  -0.0019121233  -0.0002475593   0.0008300584   0.0000659447
       -0.0000598538  -0.0002310226  -0.0005309219  -0.0002244778   0.0001644019
        0.0000438140  -0.0002434266  -0.0000078507  -0.0000792217  -0.0002100673
       -0.0000057435  -0.0000018227   0.0001136133  -0.0001284892  -0.0000023107
        0.0000191147  -0.0000112241   0.0000490961  -0.0000225641  -0.0000273303
        0.0000533960  -0.0000701195   0.0000131054   0.0000266292  -0.0001269946
        0.0000436681  -0.0001026766  -0.0000940566  -0.0000882235   0.0002429605
        0.0006868363  -0.0000943996  -0.0466608931  -0.0270066659   0.0109784276
        0.0502279393   0.0277825010  -0.0115591049  -0.0031699018  -0.0004317999
        0.0001910228  -0.0000119637   0.0001570231  -0.0000520961   0.0000595159
        0.0000707044   0.0000074497   0.0000399212   0.0000934927   0.0000509393
        0.0000375058   0.0000076889   0.0000066235   0.0000208050  -0.0000478963
        0.0000174310  -0.0000200347  -0.0000494115   0.0000321088  -0.0000058326
       -0.0000417620   0.0000590473  -0.0000785273   0.0000182198   0.0001482307
        0.0003481505   0.0000448477  -0.0000405606  -0.0005749257  -0.0005065937
       -0.0001218751   0.0006225305   0.0005927707  -0.0005879634   0.0001631477
        0.0002313895  -0.0000562012  -0.0001507113  -0.0002679048  -0.0001047536
       -0.0002341213   0.0000714762   0.0000140593  -0.0002314870   0.0000453263
        0.0001501989   0.0000132659   0.0000201273   0.0000123806  -0.0000622113
        0.0000000003   0.0000125434  -0.0000100547   0.0000747526  -0.0000069568
        0.0000669976   0.0000578620  -0.0000323839   0.0000473986   0.0000095639
        0.0000100650  -0.0000115917   0.0000228520   0.0000324870  -0.0021299970
       -0.0010678553   0.0007410905  -0.0258157054  -0.0246110043   0.0070901802
        0.0277825010   0.0242659658  -0.0077046039   0.0001654554   0.0006712473
        0.0005386323   0.0000464083   0.0001174986  -0.0001026274  -0.0000310871
        0.0000344974   0.0000032684   0.0000311438   0.0000328033   0.0001205891
       -0.0000087794   0.0000385866  -0.0000038072  -0.0000165309   0.0000928370
        0.0000155957   0.0000199284   0.0000775563  -0.0000000091   0.0000200637
        0.0000074341  -0.0000044626  -0.0000497886  -0.0000560369   0.0000251146
       -0.0000759069   0.0001912690   0.0002335484  -0.0008080934  -0.0003417099
       -0.0025914941   0.0029352023  -0.0000845930   0.0001975523   0.0003974292
        0.0001801125   0.0002277416   0.0002187844   0.0000323483  -0.0004592113
        0.0002287698   0.0000737765   0.0003011983  -0.0002127479   0.0000137476
        0.0003545918   0.0000607139   0.0000655256  -0.0000534498  -0.0000068601
        0.0000065853   0.0000817437  -0.0000185148   0.0000136185   0.0001002204
       -0.0000395453   0.0000085753   0.0000815383  -0.0000131651  -0.0000494129
        0.0000140237  -0.0000244584  -0.0000930265  -0.0001511419   0.0005962816
        0.0004269738   0.0010404166   0.0105826483   0.0072039740  -0.0083624637
       -0.0115591049  -0.0077046039   0.0077190834  -0.0021536392   0.0000720298
        0.0008576580   0.0000153120  -0.0000028702   0.0000464361  -0.0000145664
        0.0000199745   0.0000395535  -0.0000461021  -0.0000036068  -0.0000265959
        0.0000266182   0.0000204981   0.0000653523   0.0000179861   0.0000264689
        0.0001131167  -0.0000321118  -0.0000117310   0.0000771081  -0.0000271721
       -0.0000623493   0.0000050619  -0.0000477578  -0.0000015743   0.0000884114
       -0.0020983898   0.0023645118   0.0023331465  -0.0120438070   0.0029432704
        0.0034715384   0.0043975976  -0.0015113845  -0.0018530743   0.0004569829
       -0.0003310243   0.0005271354   0.0006428801  -0.0009613254   0.0027204617
        0.0005094124  -0.0004819881  -0.0000572469  -0.0006903968  -0.0001027805
       -0.0002255166  -0.0001058587   0.0004162683  -0.0002903560  -0.0003142531
        0.0004309142   0.0002583319   0.0001778107   0.0000073577  -0.0001569706
        0.0000562612  -0.0000561289   0.0004756111   0.0002376093  -0.0006644974
        0.0001707858  -0.0014072533  -0.0011870132  -0.0015251776   0.0005454034
        0.0010031158  -0.0009237184  -0.0186586443   0.0066810425  -0.0087771989
       -0.0031699018   0.0001654554  -0.0021536392   0.0351780065  -0.0069013148
        0.0054114920  -0.0003947131  -0.0002447319   0.0000862828   0.0000751858
        0.0000607555  -0.0001722557   0.0000208929   0.0000025239   0.0000258831
       -0.0000026534   0.0000319005   0.0000651368  -0.0000066543  -0.0000993946
       -0.0000134813  -0.0000409413  -0.0000001955   0.0001347800   0.0000276001
       -0.0000985484   0.0000779592  -0.0033921759  -0.0014667885   0.0003900908
        0.0030052183  -0.0018127636  -0.0018075028   0.0005923924  -0.0058262312
        0.0015814992  -0.0015022287   0.0018155753  -0.0016490151   0.0001744267
        0.0008060088  -0.0005546314  -0.0022714422  -0.0035594781   0.0044773066
       -0.0002515691   0.0000884968   0.0003699299   0.0004064583   0.0002020587
        0.0004866641   0.0000393746  -0.0001194806   0.0003284869   0.0000247437
        0.0000006090  -0.0000093544   0.0000240012  -0.0000065708   0.0000207721
       -0.0000137823   0.0000728588  -0.0000062546  -0.0003285869   0.0000112427
        0.0002243322  -0.0000467182   0.0002793563  -0.0003973252   0.0002323725
        0.0002640924   0.0006425125   0.0089634350  -0.0087389030   0.0066698833
       -0.0004317999   0.0006712473   0.0000720298  -0.0069013148   0.0164865238
       -0.0101148849  -0.0000662065   0.0000820033  -0.0000664033  -0.0000449357
       -0.0002221216   0.0000053620   0.0000219756   0.0000596183   0.0000384848
       -0.0000027395   0.0000400492  -0.0000121476  -0.0000341845   0.0000202171
       -0.0000056433  -0.0000550182  -0.0000144215  -0.0000083780  -0.0000687505
       -0.0000516993  -0.0001645867  -0.0014651210  -0.0005482880  -0.0001211361
        0.0007032813   0.0003271152   0.0004052667   0.0113233839  -0.0045147056
       -0.0174211731  -0.0013124955  -0.0001668502  -0.0065033795   0.0005400232
        0.0004597218   0.0001787448   0.0016145668   0.0033823573  -0.0041543404
        0.0002287275   0.0007905205  -0.0002235582   0.0001713472   0.0006314148
       -0.0003604931   0.0000059107   0.0002406790  -0.0001643137   0.0002158802
       -0.0001079022   0.0001173075  -0.0001835106  -0.0000628215   0.0001529126
       -0.0001065198   0.0002442678  -0.0001105057   0.0000333985  -0.0000271389
        0.0002748708   0.0010640479  -0.0001904281  -0.0010503841   0.0000759374
        0.0000029525   0.0007471434  -0.0188747423   0.0086972311  -0.0217945898
        0.0001910228   0.0005386323   0.0008576580   0.0054114920  -0.0101148849
        0.0471430943   0.0001167686   0.0000003280   0.0001317118  -0.0000708626
       -0.0000673179   0.0002306102  -0.0000655973   0.0004047153   0.0000962580
       -0.0001250301  -0.0001253970   0.0001198738  -0.0000609350  -0.0000108159
        0.0000426470  -0.0001649172  -0.0000589046   0.0000419810   0.0000258978
       -0.0000569521  -0.0000370368  -0.0007570753  -0.0002158168   0.0012796944
       -0.0000031383   0.0000684448  -0.0000037764  -0.0002471651   0.0011339909
       -0.0000313939  -0.0002601014   0.0000775922   0.0000739401   0.0000062648
        0.0000644216  -0.0000644226   0.0116381417  -0.0121523369   0.0027380491
       -0.1867734892   0.1296948721  -0.0400744010  -0.0103980736   0.0093493784
       -0.0027498646   0.0005225516   0.0012215408  -0.0021341117   0.0000550269
       -0.0001559701  -0.0000959714   0.0000617212  -0.0000243767   0.0000095078
        0.0001498737   0.0000353255  -0.0000752104  -0.0000906359   0.0000953067
       -0.0000469516  -0.0006358855   0.0001618658  -0.0000941419  -0.0006734115
        0.0002722522   0.0000724276   0.0010868153  -0.0001087075  -0.0002982320
       -0.0000119637   0.0000464083   0.0000153120  -0.0003947131  -0.0000662065
        0.0001167686   0.1978059219  -0.1393883775   0.0439600060  -0.0121130116
        0.0102030450  -0.0024958886   0.0002921206  -0.0006192893   0.0010840443
        0.0000170227   0.0001263126  -0.0000225962   0.0000494396  -0.0000277584
        0.0000105726  -0.0000149930  -0.0000289791   0.0000309018  -0.0000330330
        0.0000501101   0.0000393817  -0.0000352850  -0.0000288651   0.0000360509
       -0.0000190424   0.0000855585  -0.0000271573   0.0001987824  -0.0000814562
        0.0002316011  -0.0001281936   0.0000349953  -0.0001967958  -0.0000318359
       -0.0000581207  -0.0000548520   0.0147252937  -0.0250963571   0.0148135203
        0.1253402677  -0.1353390752   0.0309371227  -0.0073705109   0.0041927015
        0.0006921656   0.0001569856   0.0012715294  -0.0018540551  -0.0000206685
        0.0000192357  -0.0000586439  -0.0000285743  -0.0000307912   0.0000297208
        0.0000389043   0.0000513760  -0.0001059288  -0.0001111772   0.0001892651
       -0.0000828895  -0.0005429525   0.0002262706   0.0000975543   0.0002901193
        0.0004958981  -0.0004010905  -0.0005902428  -0.0012704308   0.0005732964
        0.0001570231   0.0001174986  -0.0000028702  -0.0002447319   0.0000820033
        0.0000003280  -0.1393883775   0.1588249198  -0.0451575133   0.0077851942
       -0.0036044705   0.0002487935  -0.0002133445   0.0000152790   0.0003690866
        0.0000942711  -0.0000616007   0.0000483664  -0.0000131436   0.0000111845
        0.0000122965  -0.0000039845  -0.0000286791  -0.0000073043  -0.0000698633
        0.0000181511  -0.0000345365  -0.0000101980  -0.0000648852  -0.0000702150
        0.0000215976  -0.0000207908   0.0000697075  -0.0001269418   0.0001683981
       -0.0003895496   0.0000571849  -0.0001913069  -0.0001389795   0.0001135219
       -0.0003059713  -0.0000033432  -0.0047768226   0.0093659163  -0.0057226330
       -0.0352260356   0.0308822854  -0.0496993614  -0.0165097105   0.0144281517
       -0.0071997167   0.0008704154   0.0019859491  -0.0029181503   0.0003639261
        0.0000886017  -0.0000481683   0.0000161734   0.0000206417  -0.0000117368
        0.0000297030  -0.0000569764  -0.0000021702   0.0000433503   0.0001290085
       -0.0001694361  -0.0011582569   0.0004655956  -0.0002681711  -0.0001727118
       -0.0005214362  -0.0000397390  -0.0002167122   0.0008339219  -0.0001356096
       -0.0000520961  -0.0001026274   0.0000464361   0.0000862828  -0.0000664033
        0.0001317118   0.0439600060  -0.0451575133   0.0612119586   0.0137365037
       -0.0114331698   0.0045959533  -0.0008879006  -0.0002555056   0.0004462786
       -0.0000998416  -0.0001538154   0.0001210621   0.0000081183   0.0000074768
        0.0000140972   0.0000000630  -0.0000244855  -0.0000050581  -0.0000442242
        0.0000286344  -0.0000053558  -0.0000355923  -0.0001145792   0.0001199736
       -0.0000521439   0.0000626954   0.0000054212   0.0005926480  -0.0014970401
        0.0005630443  -0.0001542740  -0.0000151869  -0.0002453872  -0.0004155336
        0.0003904843  -0.0000228507  -0.0088365624  -0.0021158466   0.0143633912
       -0.1386607410   0.0506094787   0.1166875258   0.0090096203  -0.0058667607
       -0.0087009977   0.0004832668  -0.0004321310   0.0000886677  -0.0004280820
        0.0004899476  -0.0006852797  -0.0000673718  -0.0000659641   0.0001872051
        0.0000588961   0.0000745694  -0.0000325844  -0.0000418731   0.0000134020
        0.0000154792  -0.0000841261  -0.0001595184   0.0001614287  -0.0001433130
       -0.0000597789  -0.0000140685  -0.0004705885  -0.0000590502   0.0003552465
        0.0000595159  -0.0000310871  -0.0000145664   0.0000751858  -0.0000449357
       -0.0000708626  -0.0121130116   0.0077851942   0.0137365037   0.1522229636
       -0.0498555314  -0.1330655828   0.0000638048   0.0014271286  -0.0028013089
       -0.0009844057  -0.0006099041  -0.0005420516  -0.0000755716   0.0000072304
       -0.0000131156   0.0000073393  -0.0000221494   0.0000204206  -0.0000275677
        0.0000089627   0.0000055758  -0.0000180744  -0.0000342085   0.0000187465
       -0.0000184855   0.0001512285  -0.0000643594  -0.0007576575   0.0003552481
        0.0006928087   0.0001861364  -0.0001077713  -0.0000249303   0.0003677605
        0.0000242392  -0.0007193645  -0.0194689018   0.0005009383   0.0253727108
        0.0532084463  -0.0560659730  -0.0577393072   0.0059974409  -0.0034321821
       -0.0062704172  -0.0002395879  -0.0004371630   0.0012776421   0.0002483500
        0.0004346078  -0.0003076803  -0.0000495709  -0.0000983954   0.0000845893
        0.0000276063  -0.0001098105   0.0001244076   0.0001323270  -0.0001268702
        0.0000695735   0.0000092502  -0.0001964779   0.0000762127  -0.0000039862
        0.0000171312  -0.0001185498   0.0005629342   0.0003307729   0.0001606063
        0.0000707044   0.0000344974   0.0000199745   0.0000607555  -0.0002221216
       -0.0000673179   0.0102030450  -0.0036044705  -0.0114331698  -0.0498555314
        0.0615192904   0.0505325044  -0.0000664136   0.0011319623  -0.0014838580
       -0.0006769765  -0.0000316607  -0.0001552546  -0.0000177199   0.0000179201
        0.0000094558   0.0000124704  -0.0000263358   0.0000291222   0.0000203221
       -0.0000306061  -0.0000191345   0.0000472819  -0.0000279981  -0.0000462644
        0.0000525331  -0.0001313380   0.0001056100   0.0003315588   0.0013938177
       -0.0009743857  -0.0001211743  -0.0000578836   0.0000371883   0.0000483821
       -0.0008090424  -0.0000314206   0.0046565697   0.0033965630  -0.0109631915
        0.1169642168  -0.0515136708  -0.1751518703   0.0132976854  -0.0042469986
       -0.0189417142   0.0003748418  -0.0007195019   0.0005592410   0.0001716879
        0.0002966797  -0.0000571135  -0.0002612739   0.0000211815   0.0000800046
       -0.0000842017  -0.0001099386   0.0001370387   0.0001912449  -0.0000427744
        0.0000275892   0.0002242069   0.0000622908  -0.0002284624  -0.0001044136
       -0.0000600491   0.0000513079   0.0004542062   0.0001704523  -0.0002727615
        0.0000074497   0.0000032684   0.0000395535  -0.0001722557   0.0000053620
        0.0002306102  -0.0024958886   0.0002487935   0.0045959533  -0.1330655828
        0.0505325044   0.2022790460   0.0001561297   0.0022873034  -0.0021445101
       -0.0007613624  -0.0004752375   0.0003630936   0.0000574542  -0.0000463263
        0.0000214852   0.0000190426  -0.0000536551   0.0000448788   0.0000419333
       -0.0000576267   0.0000538166   0.0000170097  -0.0000941738   0.0001390130
        0.0000458980   0.0000505304   0.0000126473  -0.0007108597   0.0005178830
       -0.0003014910  -0.0001117328  -0.0001116154  -0.0000123056   0.0001839032
       -0.0000634835  -0.0000394168   0.0058486257  -0.0136986719  -0.0152840195
       -0.0005872820  -0.0004387323  -0.0010798349  -0.0920537423   0.0705967210
        0.0878274489  -0.0135431386   0.0129423417   0.0150080447  -0.0022493900
        0.0021079560  -0.0007595954  -0.0010311913  -0.0009408582  -0.0005226618
        0.0001854713  -0.0000049040  -0.0000479060  -0.0005400353  -0.0005561905
       -0.0005899400  -0.0000579933  -0.0003194486   0.0008779526   0.0001174207
        0.0001441244   0.0001264941   0.0003766158   0.0000607396   0.0002353291
        0.0000399212   0.0000311438  -0.0000461021   0.0000208929   0.0000219756
       -0.0000655973   0.0002921206  -0.0002133445  -0.0008879006   0.0000638048
       -0.0000664136   0.0001561297   0.1032690355  -0.0708314726  -0.0847884164
        0.0002204728   0.0003108156   0.0000406238  -0.0001418399   0.0000771835
       -0.0000688168   0.0001316669   0.0001192194   0.0001426274   0.0000079693
       -0.0000802434  -0.0000128227   0.0002233865   0.0003447447   0.0000795293
       -0.0000578420   0.0000889729   0.0000083258   0.0002298953  -0.0009184504
       -0.0007004716  -0.0000940876   0.0000070395   0.0001600473   0.0000447679
        0.0000556737   0.0000117358   0.0017241008  -0.0205358014  -0.0240017573
       -0.0078310673   0.0058559303   0.0082178598   0.0688486027  -0.1026158241
       -0.0924037491   0.0068962423  -0.0034972744  -0.0067422607   0.0006737411
       -0.0012050024   0.0001987058   0.0004196812   0.0003837198   0.0000021770
       -0.0000709419   0.0000742676  -0.0000860199  -0.0000744999   0.0001599030
        0.0002376229   0.0002228151   0.0004415404   0.0000534924   0.0000824367
        0.0001588010   0.0000717680  -0.0009222313  -0.0006568954  -0.0003315626
        0.0000934927   0.0000328033  -0.0000036068   0.0000025239   0.0000596183
        0.0004047153  -0.0006192893   0.0000152790  -0.0002555056   0.0014271286
        0.0011319623   0.0022873034  -0.0708314726   0.1214410591   0.1125127286
       -0.0000861578  -0.0001245905  -0.0000063822   0.0000837357  -0.0000586280
        0.0000440350  -0.0000675694  -0.0000285761  -0.0000102059  -0.0000405725
        0.0000534868   0.0000169192  -0.0000534327  -0.0003190141   0.0003140854
       -0.0000049663   0.0000131718   0.0000448344   0.0002224074  -0.0006394945
       -0.0006162959  -0.0000196820   0.0001270953   0.0001301143   0.0000403562
       -0.0002124184   0.0001237251  -0.0040377544  -0.0040457051  -0.0056025466
        0.0094849861  -0.0139427804  -0.0200997945   0.0815930352  -0.0945927753
       -0.1592285638   0.0005450502   0.0018723046   0.0038851225  -0.0002400152
        0.0002121886   0.0000291858  -0.0000935951  -0.0000633151  -0.0000776391
       -0.0001764115  -0.0000044197   0.0001441976   0.0002186543   0.0000181642
       -0.0001137151  -0.0005877023   0.0002190878  -0.0000553547   0.0001072604
        0.0003529346   0.0000159284  -0.0004055588  -0.0008643665  -0.0002364647
        0.0000509393   0.0001205891  -0.0000265959   0.0000258831   0.0000384848
        0.0000962580   0.0010840443   0.0003690866   0.0004462786  -0.0028013089
       -0.0014838580  -0.0021445101  -0.0847884164   0.1125127286   0.1833910610
        0.0000269978   0.0000247525  -0.0000132306  -0.0000815946   0.0000408395
       -0.0000097648   0.0000030272  -0.0000086950  -0.0000443424  -0.0000397891
       -0.0000320031  -0.0000335498  -0.0001258471  -0.0000315971  -0.0000043380
        0.0000506776   0.0000628971  -0.0000337223  -0.0000540595  -0.0000587737
        0.0002641634   0.0000275557   0.0000279091  -0.0000000676  -0.0000649950
        0.0001007780   0.0000085266   0.0001590694   0.0000060371  -0.0000656718
       -0.0005830799   0.0000858624   0.0002719208   0.0006759010  -0.0012486376
        0.0001806856   0.0010671649  -0.0154285124   0.0162968099  -0.0450294294
        0.0149637057  -0.0126654445  -0.0028792131   0.0180412341  -0.0180019813
       -0.0038748056   0.0037804230   0.0001671404  -0.0004897769  -0.0000511580
        0.0000180163  -0.0030700661  -0.0001342432   0.0037430754  -0.0000083087
        0.0000480507  -0.0000041468  -0.0000317664  -0.0000224345   0.0000970127
        0.0000375058  -0.0000087794   0.0000266182  -0.0000026534  -0.0000027395
       -0.0001250301   0.0000170227   0.0000942711  -0.0000998416  -0.0009844057
       -0.0006769765  -0.0007613624   0.0002204728  -0.0000861578   0.0000269978
        0.0544569772  -0.0195204466   0.0120687544   0.0005422426   0.0000915204
       -0.0012001629  -0.0001320624   0.0009764058  -0.0008894271  -0.0000730466
       -0.0002655644  -0.0002760187   0.0000230790  -0.0007746708   0.0009531557
       -0.0000289672   0.0001010977  -0.0000462070  -0.0005289079  -0.0006102181
        0.0005814483   0.0001447654  -0.0000280929  -0.0000077809   0.0002126285
        0.0002101291  -0.0001452470  -0.0002881665   0.0000181670  -0.0000888782
       -0.0001957605   0.0000793378   0.0000102963   0.0006313834  -0.0008756810
       -0.0015726770   0.0000282199  -0.0058785145   0.0075771613   0.0143344846
       -0.1581737881   0.1295605986   0.0033834811  -0.0103456947   0.0109366596
        0.0042205001   0.0032192092   0.0034864204  -0.0002095436   0.0001689501
       -0.0005932182  -0.0008263465   0.0036789516   0.0040738521   0.0000432079
       -0.0000158297  -0.0000634769  -0.0000945515  -0.0001198274   0.0001181045
        0.0000076889   0.0000385866   0.0000204981   0.0000319005   0.0000400492
       -0.0001253970   0.0001263126  -0.0000616007  -0.0001538154  -0.0006099041
       -0.0000316607  -0.0004752375   0.0003108156  -0.0001245905   0.0000247525
       -0.0195204466   0.1710525474  -0.1516432533  -0.0009871911  -0.0008354815
       -0.0014927999  -0.0000485138  -0.0005165874   0.0003858645  -0.0003422111
       -0.0007836195  -0.0008600393   0.0002051221  -0.0002058391   0.0004923713
        0.0000301760  -0.0000483587   0.0000860295   0.0001202338   0.0004994487
       -0.0003791969  -0.0000110236  -0.0000972161  -0.0000037184  -0.0000637425
       -0.0002025439   0.0000596907  -0.0005481496  -0.0001273953   0.0002794978
       -0.0002887968  -0.0002102359  -0.0001663929  -0.0008468700  -0.0013331907
       -0.0011919234   0.0018805404   0.0135447787  -0.0139947333  -0.0139940601
        0.1295135757  -0.1694251926  -0.0012342851   0.0051270287  -0.0040051532
        0.0000113514   0.0038542110   0.0037880546  -0.0002798510  -0.0005038676
        0.0002421460   0.0039982818   0.0036895118   0.0017249127  -0.0000277510
       -0.0000741824  -0.0000426649   0.0000218378   0.0001550209  -0.0001995833
        0.0000066235  -0.0000038072   0.0000653523   0.0000651368  -0.0000121476
        0.0001198738  -0.0000225962   0.0000483664   0.0001210621  -0.0005420516
       -0.0001552546   0.0003630936   0.0000406238  -0.0000063822  -0.0000132306
        0.0120687544  -0.1516432533   0.1845514091   0.0000140375  -0.0018499401
       -0.0006410693   0.0000716076   0.0001304732  -0.0002738731  -0.0003279858
       -0.0009029480  -0.0006654127  -0.0001420416   0.0006083086  -0.0003989776
        0.0000578294   0.0000458984  -0.0000537928  -0.0003584131   0.0001065696
        0.0002341581   0.0000392083  -0.0000230606   0.0000048111   0.0001381644
        0.0000244484  -0.0001158597  -0.0001667760  -0.0001987100  -0.0000434296
        0.0001331805   0.0000075534   0.0000892828  -0.0009157411  -0.0003189430
        0.0007220896  -0.0038402520   0.0038015616  -0.0001427407  -0.0238680711
       -0.0048609215   0.0143357607  -0.2048590346  -0.0490997112   0.1124596563
        0.0006789361  -0.0005026797   0.0007741207   0.0015330566   0.0013420919
        0.0009851181   0.0004509683   0.0002726376  -0.0006971215  -0.0000434272
       -0.0000327841   0.0000143174   0.0000312965   0.0000683660   0.0000352418
        0.0000208050  -0.0000165309   0.0000179861  -0.0000066543  -0.0000341845
       -0.0000609350   0.0000494396  -0.0000131436   0.0000081183  -0.0000755716
       -0.0000177199   0.0000574542  -0.0001418399   0.0000837357  -0.0000815946
        0.0005422426  -0.0009871911   0.0000140375   0.2299578380   0.0505935387
       -0.1269080163   0.0007020021  -0.0000015938  -0.0011718687  -0.0000090326
        0.0000611658  -0.0001501282  -0.0000501540  -0.0003003933  -0.0003266657
       -0.0000959466  -0.0000036963  -0.0000118764   0.0000205796   0.0000596818
        0.0002347341   0.0000219438  -0.0000118688   0.0000086914   0.0001199685
       -0.0000278497  -0.0000838574  -0.0000465242   0.0002202867   0.0003161203
        0.0000738714  -0.0001081109  -0.0001539913   0.0006467812  -0.0000597900
       -0.0004917522   0.0039524627   0.0033055747   0.0035394526   0.0103214013
        0.0035599707  -0.0063174840  -0.0491247841  -0.0560650129   0.0387589209
       -0.0162621492  -0.0056671989   0.0131495397   0.0017098205   0.0005896013
        0.0066996028   0.0003693626  -0.0005170025  -0.0002948369   0.0000747243
        0.0000126143  -0.0000324239   0.0000085367  -0.0001416474   0.0000257238
       -0.0000478963   0.0000928370   0.0000264689  -0.0000993946   0.0000202171
       -0.0000108159  -0.0000277584   0.0000111845   0.0000074768   0.0000072304
        0.0000179201  -0.0000463263   0.0000771835  -0.0000586280   0.0000408395
        0.0000915204  -0.0008354815  -0.0018499401   0.0505935387   0.0576278271
       -0.0521095281  -0.0011299629  -0.0008478878  -0.0012251516  -0.0009393074
       -0.0003909169   0.0005337355  -0.0003152019  -0.0007826235  -0.0007133223
        0.0000224473   0.0000044589   0.0000006144   0.0001078638   0.0001519406
        0.0000186163  -0.0000180877  -0.0000215260   0.0000455009  -0.0000422839
       -0.0000033899  -0.0000359285   0.0000253800   0.0000446669   0.0003725368
       -0.0000612388  -0.0000447993  -0.0001758036  -0.0001508342  -0.0001083827
       -0.0002133021   0.0002794762   0.0038157210   0.0040354194  -0.0020578995
       -0.0003438915   0.0024325169   0.1126193342   0.0386473415  -0.1166454198
        0.0167926043   0.0072973230  -0.0121922668   0.0009877800   0.0067602830
        0.0007841755  -0.0006211763  -0.0002358210  -0.0002229731  -0.0000102180
       -0.0000152449   0.0000097610  -0.0000064373   0.0000273648  -0.0001386772
        0.0000174310   0.0000155957   0.0001131167  -0.0000134813  -0.0000056433
        0.0000426470   0.0000105726   0.0000122965   0.0000140972  -0.0000131156
        0.0000094558   0.0000214852  -0.0000688168   0.0000440350  -0.0000097648
       -0.0012001629  -0.0014927999  -0.0006410693  -0.1269080163  -0.0521095281
        0.1244870493  -0.0000355360  -0.0016722287  -0.0008235386   0.0007636342
        0.0000875378  -0.0006710340  -0.0004192189  -0.0008647652  -0.0006077591
        0.0000879214  -0.0000798035   0.0000287567  -0.0004520426   0.0003407847
        0.0001109003   0.0000502873  -0.0000191971   0.0000005129   0.0000993741
       -0.0000733568  -0.0000186645  -0.0001249752  -0.0000717583  -0.0000037165
        0.0000850527  -0.0000243373   0.0000072047   0.0000609525  -0.0003825763
       -0.0002772921   0.0005695513  -0.0005670088   0.0003092786   0.0013875012
        0.0017070682   0.0007055434  -0.0034759993   0.0031139962  -0.0014869638
       -0.2377137655   0.1047857886  -0.0306415940  -0.0234417546   0.0108837686
       -0.0019070658  -0.0030126851  -0.0000816339   0.0043003743   0.0000098322
       -0.0000171680  -0.0000139741   0.0000586862   0.0000147644   0.0000952880
       -0.0000200347   0.0000199284  -0.0000321118  -0.0000409413  -0.0000550182
       -0.0001649172  -0.0000149930  -0.0000039845   0.0000000630   0.0000073393
        0.0000124704   0.0000190426   0.0001316669  -0.0000675694   0.0000030272
       -0.0001320624  -0.0000485138   0.0000716076   0.0007020021  -0.0011299629
       -0.0000355360   0.2656617665  -0.1186988032   0.0301888195   0.0004976780
       -0.0001273603  -0.0010236957  -0.0009803581   0.0005694828  -0.0002348872
       -0.0001023725   0.0000051735  -0.0000696883   0.0001415190  -0.0000208363
        0.0001950334   0.0000266616   0.0000147256  -0.0000053942   0.0000205232
        0.0000373539   0.0000169750  -0.0005732830   0.0001211463  -0.0002270482
        0.0001006660  -0.0000127830   0.0000266267   0.0000934622  -0.0009125185
       -0.0006383787  -0.0006680483   0.0000544481   0.0003446467   0.0014978104
        0.0007037987   0.0066823838   0.0188203717  -0.0107571343   0.0048345008
        0.1045833012  -0.0951454931   0.0210891787  -0.0046823372   0.0035274931
       -0.0008386801  -0.0000243621   0.0039832619   0.0038650379   0.0000602719
        0.0000397253   0.0000216586   0.0000037075  -0.0000892292   0.0000516578
       -0.0000494115   0.0000775563  -0.0000117310  -0.0000001955  -0.0000144215
       -0.0000589046  -0.0000289791  -0.0000286791  -0.0000244855  -0.0000221494
       -0.0000263358  -0.0000536551   0.0001192194  -0.0000285761  -0.0000086950
        0.0009764058  -0.0005165874   0.0001304732  -0.0000015938  -0.0008478878
       -0.0016722287  -0.1186988032   0.1004790341  -0.0323254205  -0.0011927586
       -0.0007300163  -0.0013093815  -0.0003996256   0.0000867816  -0.0000144813
        0.0000352711  -0.0000066363  -0.0000970692  -0.0001428818  -0.0000191494
        0.0000828592  -0.0000366808   0.0000176279   0.0000293772  -0.0000239463
        0.0000156890  -0.0000594685  -0.0003317417  -0.0001226600  -0.0000805333
       -0.0001206441   0.0000217645  -0.0000145074   0.0000622113  -0.0009029872
       -0.0007327178   0.0001820669   0.0002742790  -0.0002124857   0.0007408423
        0.0065778604   0.0009139182  -0.0174060960   0.0107940210  -0.0032725341
       -0.0307602050   0.0210420838  -0.0452206333   0.0144684974  -0.0064759446
        0.0021310160   0.0041391075   0.0040281004   0.0020391089  -0.0000248912
       -0.0000076092   0.0000677721  -0.0000161576   0.0000472758  -0.0001494448
        0.0000321088  -0.0000000091   0.0000771081   0.0001347800  -0.0000083780
        0.0000419810   0.0000309018  -0.0000073043  -0.0000050581   0.0000204206
        0.0000291222   0.0000448788   0.0001426274  -0.0000102059  -0.0000443424
       -0.0008894271   0.0003858645  -0.0002738731  -0.0011718687  -0.0012251516
       -0.0008235386   0.0301888195  -0.0323254205   0.0462079064   0.0000583704
       -0.0017911812  -0.0006690365   0.0006885152  -0.0003310513   0.0000193168
        0.0000232967  -0.0000805003   0.0001445343  -0.0002552525   0.0004011738
       -0.0002911139   0.0000690215  -0.0000372272   0.0000384035   0.0000340438
       -0.0000934858   0.0001348375  -0.0000739516  -0.0002391354   0.0000090327
       -0.0001283825   0.0001637128  -0.0000401775  -0.0000019344   0.0008551290
       -0.0008509412  -0.0035711723   0.0036413971   0.0005817705  -0.0002533741
        0.0000162814   0.0000034586  -0.0029734201   0.0001086145   0.0040787024
        0.0010093662  -0.0156197725   0.0168650028  -0.0439033394   0.0154090941
       -0.0119441532  -0.0034298162   0.0183788385  -0.0178664729   0.0000120988
       -0.0000402619   0.0000075778  -0.0000145100   0.0001257598  -0.0000154951
       -0.0000058326   0.0000200637  -0.0000271721   0.0000276001  -0.0000687505
        0.0000258978  -0.0000330330  -0.0000698633  -0.0000442242  -0.0000275677
        0.0000203221   0.0000419333   0.0000079693  -0.0000405725  -0.0000397891
       -0.0000730466  -0.0003422111  -0.0003279858  -0.0000090326  -0.0009393074
        0.0007636342   0.0004976780  -0.0011927586   0.0000583704   0.0525833621
       -0.0202937476   0.0099003420   0.0004892291  -0.0000827927  -0.0012059727
       -0.0002052997   0.0000602319  -0.0003066908   0.0005140495  -0.0003706956
        0.0009934709  -0.0000149376   0.0000153507  -0.0000838186   0.0000059441
        0.0000930441  -0.0000476347  -0.0002998613   0.0000541041  -0.0005488705
        0.0002238222  -0.0000827440   0.0002473412   0.0003305539  -0.0005697174
        0.0010247154   0.0038160211   0.0027357343   0.0036964085   0.0004541701
        0.0003181722  -0.0007350631  -0.0005169025   0.0042415170   0.0039746406
       -0.0010795190  -0.0055544255   0.0076318317   0.0159039714  -0.1629484794
        0.1301029062   0.0027254732  -0.0100845408   0.0103588873   0.0000260768
        0.0000666413   0.0000365511   0.0000654527  -0.0001144208   0.0001972710
       -0.0000417620   0.0000074341  -0.0000623493  -0.0000985484  -0.0000516993
       -0.0000569521   0.0000501101   0.0000181511   0.0000286344   0.0000089627
       -0.0000306061  -0.0000576267  -0.0000802434   0.0000534868  -0.0000320031
       -0.0002655644  -0.0007836195  -0.0009029480   0.0000611658  -0.0003909169
        0.0000875378  -0.0001273603  -0.0007300163  -0.0017911812  -0.0202937476
        0.1749395323  -0.1523423896  -0.0011620277  -0.0008915185  -0.0014126683
        0.0002909838  -0.0002130741   0.0001623933  -0.0010572090   0.0006412931
       -0.0007459318   0.0000886495  -0.0000132863   0.0000163739  -0.0000374092
       -0.0001107895   0.0001120746  -0.0001166903  -0.0003547431  -0.0001823099
        0.0000097508   0.0000760067   0.0001343154   0.0002600666   0.0002585667
        0.0000296006  -0.0002197366   0.0030878031   0.0041272214   0.0007542586
       -0.0005486898   0.0000408955   0.0040486099   0.0044441429   0.0015091678
       -0.0001619629   0.0124317260  -0.0117238887  -0.0104053249   0.1312660208
       -0.1686454810  -0.0015827189   0.0049514919  -0.0040453941  -0.0000033034
       -0.0000665387   0.0000611782  -0.0001079319   0.0002149042  -0.0001075345
        0.0000590473  -0.0000044626   0.0000050619   0.0000779592  -0.0001645867
       -0.0000370368   0.0000393817  -0.0000345365  -0.0000053558   0.0000055758
       -0.0000191345   0.0000538166  -0.0000128227   0.0000169192  -0.0000335498
       -0.0002760187  -0.0008600393  -0.0006654127  -0.0001501282   0.0005337355
       -0.0006710340  -0.0010236957  -0.0013093815  -0.0006690365   0.0099003420
       -0.1523423896   0.1815542012  -0.0003796727  -0.0018809581  -0.0002743351
       -0.0001897586   0.0001098985  -0.0002640214   0.0003006128  -0.0000209572
        0.0003532271  -0.0001321004  -0.0000872417  -0.0001406575   0.0000071103
       -0.0000315432  -0.0000718221   0.0001571679  -0.0000700343  -0.0000456168
       -0.0000875388   0.0000071545   0.0001047921   0.0007112829  -0.0002672029
       -0.0013450582   0.0003378303  -0.0021389966   0.0017177739   0.0017571294
        0.0015468041   0.0009172289   0.0000487404   0.0003503893  -0.0005274236
       -0.0037251458   0.0044621246   0.0003097597  -0.0223102857  -0.0035253536
        0.0148224111  -0.1843860508  -0.0315135060   0.1170050373  -0.0000211065
       -0.0000109914  -0.0000275319   0.0002673064  -0.0000589481   0.0003690513
       -0.0000785273  -0.0000497886  -0.0000477578  -0.0033921759  -0.0014651210
       -0.0007570753  -0.0000352850  -0.0000101980  -0.0000355923  -0.0000180744
        0.0000472819   0.0000170097   0.0002233865  -0.0000534327  -0.0001258471
        0.0000230790   0.0002051221  -0.0001420416  -0.0000501540  -0.0003152019
       -0.0004192189  -0.0009803581  -0.0003996256   0.0006885152   0.0004892291
       -0.0011620277  -0.0003796727   0.2110836861   0.0344513955  -0.1319754693
       -0.0000273683  -0.0000042759   0.0000328817  -0.0008029245  -0.0008667573
       -0.0017482371  -0.0000357638  -0.0000706910  -0.0000668561  -0.0000357280
        0.0000265344   0.0000805438  -0.0006129776  -0.0006480342  -0.0003687135
        0.0000042146   0.0001392628   0.0000449193  -0.0006962288  -0.0004704281
       -0.0008735496  -0.0150489155  -0.0054828904   0.0144630027   0.0023302110
        0.0006893613   0.0056997888  -0.0000835776  -0.0002404945  -0.0000259464
        0.0038578884   0.0031031258   0.0034050281   0.0087061761   0.0033932345
       -0.0074640912  -0.0301135239  -0.0434327504   0.0327757624  -0.0000136200
       -0.0001001088   0.0000514252  -0.0001239862   0.0003009245  -0.0001035227
        0.0000182198  -0.0000560369  -0.0000015743  -0.0014667885  -0.0005482880
       -0.0002158168  -0.0000288651  -0.0000648852  -0.0001145792  -0.0000342085
       -0.0000279981  -0.0000941738   0.0003447447  -0.0003190141  -0.0000315971
       -0.0007746708  -0.0002058391   0.0006083086  -0.0003003933  -0.0007826235
       -0.0008647652   0.0005694828   0.0000867816  -0.0003310513  -0.0000827927
       -0.0008915185  -0.0018809581   0.0344513955   0.0464734092  -0.0429762283
        0.0000958195   0.0001196024   0.0003276869  -0.0005745685  -0.0023622516
       -0.0042064183   0.0000443751   0.0000375284   0.0000992325  -0.0000730277
        0.0000417924   0.0002786326  -0.0010107167  -0.0007449542  -0.0002309877
        0.0001837323   0.0002012119  -0.0000212612   0.0011886430  -0.0010983444
       -0.0000925550   0.0151033361   0.0043110742  -0.0115840551   0.0009613915
        0.0057981292  -0.0005848154  -0.0008115219  -0.0000310700   0.0000229759
        0.0002649158   0.0031250380   0.0033264456  -0.0025773294  -0.0002366496
        0.0026376292   0.1203445296   0.0351225034  -0.1308824771   0.0000620837
       -0.0000194984   0.0001087025  -0.0010844714   0.0002586329  -0.0008639650
        0.0001482307   0.0000251146   0.0000884114   0.0003900908  -0.0001211361
        0.0012796944   0.0000360509  -0.0000702150   0.0001199736   0.0000187465
       -0.0000462644   0.0001390130   0.0000795293   0.0003140854  -0.0000043380
        0.0009531557   0.0004923713  -0.0003989776  -0.0003266657  -0.0007133223
       -0.0006077591  -0.0002348872  -0.0000144813   0.0000193168  -0.0012059727
       -0.0014126683  -0.0002743351  -0.1319754693  -0.0429762283   0.1413042303
