$hessian                                                                        
        0.0230349688  -0.0130814911   0.0008142657  -0.0218037683   0.0116935174
       -0.0008352742  -0.0025521426   0.0016714559   0.0006513236   0.0006917894
       -0.0005957318  -0.0004657474   0.0009932681  -0.0003172082   0.0000295700
       -0.0000265720  -0.0000004140   0.0000661092   0.0000396494  -0.0001056933
        0.0000505763   0.0000420453   0.0000566228   0.0000531010   0.0000044798
        0.0001405502  -0.0000041718  -0.0001473072   0.0002087698  -0.0000674024
        0.0001897815   0.0000692878   0.0004314025   0.0000875230  -0.0000414874
        0.0000067496   0.0000685575   0.0000268655  -0.0000624195   0.0000536409
        0.0000046545  -0.0000901212   0.0000373943   0.0000955549  -0.0000771133
       -0.0000972670   0.0001034514  -0.0000565959  -0.0001749788   0.0000373847
       -0.0000122867  -0.0000879991   0.0000199974   0.0000013150  -0.0003530629
        0.0000139135  -0.0004332806
       -0.0130814911   0.0126718865  -0.0005143237   0.0119731779  -0.0126122746
        0.0006115484   0.0021838199  -0.0013916987  -0.0005131964  -0.0002740485
        0.0005886688   0.0003391895  -0.0006124829   0.0004631224   0.0000547660
       -0.0001506281  -0.0001255792  -0.0001161445   0.0000161420   0.0000939740
       -0.0000748871  -0.0000891748   0.0002024424  -0.0000137706  -0.0001737049
        0.0001382056  -0.0000188500  -0.0000905092  -0.0001183828   0.0001116537
       -0.0000880291  -0.0000559855  -0.0000457530   0.0001329545  -0.0000550965
       -0.0000172306  -0.0000062005  -0.0000664851   0.0000183433   0.0001095060
        0.0000212855   0.0000231355   0.0000308759   0.0000875528  -0.0000315033
       -0.0000240651   0.0001805366   0.0000065525  -0.0001179285   0.0001608107
        0.0000004787  -0.0000933758   0.0000746743  -0.0000455363   0.0003551623
       -0.0002576572   0.0002255278
        0.0008142657  -0.0005143237   0.0032949759  -0.0009832295   0.0007483796
       -0.0041977403  -0.0001117758   0.0000931007  -0.0005268286   0.0004602940
       -0.0002271299   0.0003933728  -0.0001173243  -0.0000197018   0.0006675972
        0.0000420041   0.0001180201  -0.0000274822  -0.0000428500   0.0000291645
        0.0001510591  -0.0000096762   0.0000907326   0.0001976825  -0.0000073740
        0.0000397024   0.0000437799   0.0001415758  -0.0001121817  -0.0001092373
       -0.0000073947  -0.0000056053  -0.0002208549  -0.0000705234  -0.0001466509
        0.0001792862   0.0000474647  -0.0000332156  -0.0000734182  -0.0000142828
       -0.0000066013   0.0001387909  -0.0001127364   0.0001028748   0.0002432862
       -0.0001065844   0.0000958219   0.0002152640   0.0000487931  -0.0000184065
       -0.0000006851   0.0001120496  -0.0001524265  -0.0002093463  -0.0000826957
       -0.0000815535  -0.0001595019
       -0.0218037683   0.0119731779  -0.0009832295   0.0427900420  -0.0281930717
       -0.0042073912  -0.0190137978   0.0146492667   0.0044224226  -0.0019172421
        0.0006862121  -0.0004138859  -0.0014696953   0.0013927973   0.0012021487
        0.0005359634   0.0001126953  -0.0002041801  -0.0001083942   0.0002742961
       -0.0001117120  -0.0001611402  -0.0001232079  -0.0000624149  -0.0001485389
       -0.0000949320  -0.0000774997   0.0003412652  -0.0003059802   0.0001600034
       -0.0000472513   0.0001232986  -0.0006909150   0.0001143082  -0.0001444345
       -0.0001004715   0.0000187845   0.0000902764  -0.0002649558   0.0000573344
       -0.0001729038   0.0003470933  -0.0000639873  -0.0000864420   0.0000509667
        0.0001699609  -0.0000811457   0.0000510233   0.0002213490   0.0000082257
       -0.0000044769   0.0001380565   0.0000673885  -0.0000232591   0.0003467515
       -0.0001755169   0.0009107337
        0.0116935174  -0.0126122746   0.0007483796  -0.0281930717   0.0277560264
        0.0032729012   0.0131828921  -0.0128391081  -0.0029848045   0.0019830639
       -0.0009532390  -0.0000895788   0.0014634831  -0.0008740962  -0.0009810117
        0.0000476309   0.0003810933   0.0000455183  -0.0000349943  -0.0003406438
        0.0002126881   0.0000951999  -0.0001322783   0.0000011060   0.0000777925
       -0.0001036700   0.0000248059   0.0001521523  -0.0001574465  -0.0001251426
       -0.0003276337  -0.0002212091  -0.0008175785  -0.0000281140   0.0002692278
       -0.0000843297  -0.0002231843   0.0001334759   0.0002701062  -0.0002776343
        0.0001279645  -0.0001720280   0.0000344851  -0.0001421898   0.0000979690
        0.0000095663  -0.0002338081   0.0000032645   0.0001398376  -0.0001967253
        0.0000285527   0.0001066324  -0.0001894895   0.0001304210   0.0000983788
        0.0003283905   0.0004187613
       -0.0008352742   0.0006115484  -0.0041977403  -0.0042073912   0.0032729012
        0.0080546003   0.0049009288  -0.0036038878  -0.0021149893   0.0007341504
       -0.0003205410  -0.0000779781  -0.0006530901   0.0001616178  -0.0001398328
       -0.0003867686  -0.0000390509  -0.0004093906   0.0000969304  -0.0002116444
       -0.0003216641   0.0000860852  -0.0000768520  -0.0001849401   0.0000098576
       -0.0000560145   0.0000572918  -0.0002668600   0.0000766452  -0.0000256302
        0.0008281401  -0.0001213296   0.0006783793   0.0000657901   0.0003027426
       -0.0003359077   0.0002248717  -0.0002916010  -0.0000315101  -0.0001628208
       -0.0000346750  -0.0002914897   0.0001080053  -0.0000959589  -0.0003976152
        0.0000885254  -0.0001407319  -0.0002788366  -0.0000972948   0.0000220180
        0.0000259432  -0.0001745325   0.0002152394   0.0002652259  -0.0003592529
        0.0003295746  -0.0002739158
       -0.0025521426   0.0021838199  -0.0001117758  -0.0190137978   0.0131828921
        0.0049009288   0.3494849292  -0.1024755941  -0.0595972796  -0.0787015751
        0.0516345984   0.0790387554  -0.1887051110   0.0232517169  -0.0276840611
       -0.0351489691  -0.0023086546   0.0029449445  -0.0023276691  -0.0038209415
        0.0041167093   0.0000996587  -0.0012359345  -0.0018075877   0.0002724805
        0.0004949038   0.0002819336  -0.0001740910  -0.0002495855  -0.0014456148
       -0.0002391971   0.0026253531  -0.0040729889   0.0030301136   0.0019951181
       -0.0016068098  -0.0061191288   0.0033668653   0.0049045393  -0.0204473786
        0.0111204210  -0.0035855446   0.0003694851   0.0004558990   0.0008661169
       -0.0003649849  -0.0002066179   0.0000721625  -0.0002891239   0.0002792236
        0.0005359324  -0.0000003337  -0.0000003483   0.0002029066   0.0008268356
       -0.0002931346   0.0020467330
        0.0016714559  -0.0013916987   0.0000931007   0.0146492667  -0.0128391081
       -0.0036038878  -0.1024755941   0.1758491510   0.0753117896   0.0437911729
       -0.0996626286  -0.0635031239   0.0304822661  -0.0502522972   0.0162121160
       -0.0239633864   0.0070436101   0.0027452530  -0.0012625391  -0.0019980376
        0.0005684928  -0.0004936033  -0.0005351682  -0.0011586091  -0.0003578043
        0.0003194835  -0.0001196458   0.0003840577   0.0007332547  -0.0007952816
       -0.0003323390   0.0003642730   0.0018036534   0.0275406890  -0.0189025662
       -0.0195477317  -0.0053773775   0.0064968917  -0.0024077116   0.0190060620
       -0.0056252685  -0.0053098522  -0.0002130545   0.0000200536  -0.0001991437
       -0.0002184670  -0.0000003006  -0.0000448896  -0.0004399975   0.0003133098
        0.0002646303  -0.0002118173   0.0003242769   0.0001356134  -0.0021789903
       -0.0002572307  -0.0004447724
        0.0006513236  -0.0005131964  -0.0005268286   0.0044224226  -0.0029848045
       -0.0021149893  -0.0595972796   0.0753117896   0.1941594542   0.0646056783
       -0.0589604544  -0.1277438324  -0.0128737676   0.0122335254  -0.0401976641
       -0.0048544261  -0.0037793885   0.0004321495  -0.0001448706  -0.0000684200
        0.0008093563  -0.0004239561  -0.0002900154   0.0000136749  -0.0000134965
        0.0001991431  -0.0000769393   0.0003533286  -0.0004489661  -0.0001713568
        0.0003115333   0.0004795594  -0.0003077861   0.0048716556  -0.0128394502
       -0.0056518744   0.0276280409  -0.0168835518  -0.0219603867  -0.0256314917
        0.0083118235   0.0030368137  -0.0001073813   0.0001919110   0.0006257824
       -0.0002600740   0.0000663829   0.0003600548  -0.0000011336  -0.0000430907
        0.0000946194   0.0002262093  -0.0002630246  -0.0003027584   0.0008376849
        0.0002802277  -0.0004774891
        0.0006917894  -0.0002740485   0.0004602940  -0.0019172421   0.0019830639
        0.0007341504  -0.0787015751   0.0437911729   0.0646056783   0.2464251738
        0.0973116259   0.0272811784  -0.0691100580  -0.0444138796  -0.0927991146
       -0.0084910550  -0.0143502976  -0.0125276180   0.0007356896  -0.0014769526
       -0.0000484939  -0.0011016160  -0.0001649544   0.0004111579   0.0002127042
        0.0001834255  -0.0002345041  -0.0004737676   0.0001500749   0.0005244699
       -0.0000883234   0.0012521039  -0.0004193490  -0.0507366060  -0.0665940788
        0.0015920809  -0.0348527778  -0.0146910931   0.0193194116  -0.0030312887
       -0.0019949332  -0.0073853497   0.0001660243  -0.0002236876  -0.0003637782
        0.0000181050  -0.0002306049  -0.0001511085   0.0002060163  -0.0001961104
       -0.0003114366   0.0000255274   0.0000451290  -0.0000134596   0.0000232798
       -0.0001059553  -0.0006742092
       -0.0005957318   0.0005886688  -0.0002271299   0.0006862121  -0.0009532390
       -0.0003205410   0.0516345984  -0.0996626286  -0.0589604544   0.0973116259
        0.5572182518   0.0150093309  -0.0604203551  -0.0653926440  -0.0668215043
       -0.0016012616  -0.0136338767  -0.0190405279   0.0002627113  -0.0017606759
        0.0001019609  -0.0012336126  -0.0000850447   0.0011232850  -0.0000873682
        0.0000985819  -0.0003414998  -0.0005188980   0.0004705370   0.0005408567
       -0.0007199212  -0.0004647345  -0.0009191024  -0.0706756783  -0.2773498354
        0.0066721932  -0.0142742403  -0.1051688672   0.1086907319  -0.0004199066
        0.0080108995   0.0152263339   0.0002037874  -0.0000869561   0.0000228260
       -0.0000488409  -0.0000704736   0.0000588543   0.0003059633  -0.0001937335
       -0.0004096631   0.0001552379  -0.0001619545  -0.0002367786   0.0000356784
       -0.0014022754  -0.0001691714
       -0.0004657474   0.0003391895   0.0003933728  -0.0004138859  -0.0000895788
       -0.0000779781   0.0790387554  -0.0635031239  -0.1277438324   0.0272811784
        0.0150093309   0.6085851135  -0.1139633018  -0.0544999464  -0.1930712951
       -0.0054312454  -0.0051124474   0.0027142500   0.0010662499  -0.0004437066
       -0.0001952972  -0.0002346987  -0.0003009074   0.0003132245   0.0001951284
        0.0000901984   0.0001736095  -0.0006900312  -0.0001174133  -0.0000203537
        0.0006406220   0.0024247353  -0.0010080930  -0.0016660920   0.0045880935
       -0.0414372583   0.0154427147   0.1122677248  -0.2276309443  -0.0013490517
       -0.0112336860  -0.0212954728   0.0002546170  -0.0002253787  -0.0002473432
        0.0001236951  -0.0000704581  -0.0000830400   0.0000609930   0.0000066363
        0.0000178300  -0.0000799647   0.0001971582   0.0001760545   0.0001900649
        0.0006735796   0.0004374534
        0.0009932681  -0.0006124829  -0.0001173243  -0.0014696953   0.0014634831
       -0.0006530901  -0.1887051110   0.0304822661  -0.0128737676  -0.0691100580
       -0.0604203551  -0.1139633018   0.4259236779   0.0977916372   0.1698451794
       -0.0982867697  -0.0666344651  -0.0009690672  -0.0255788384  -0.0211154664
       -0.0074461623  -0.0014536730   0.0006978337  -0.0047260404  -0.0011059060
       -0.0011153632  -0.0000066773   0.0031387352   0.0013138928  -0.0027529544
        0.0038938923  -0.0049535872   0.0078760859  -0.0060533263   0.0004409483
       -0.0039079882   0.0010851031   0.0000804981   0.0018144608  -0.0410711617
        0.0227952125  -0.0334930816  -0.0004365025  -0.0009454328   0.0015078945
       -0.0005862175  -0.0008294477   0.0001270760  -0.0002123270   0.0002449724
        0.0004639828   0.0003486319   0.0004515027  -0.0003420878  -0.0013137220
        0.0008643536  -0.0003831366
       -0.0003172082   0.0004631224  -0.0000197018   0.0013927973  -0.0008740962
        0.0001616178   0.0232517169  -0.0502522972   0.0122335254  -0.0444138796
       -0.0653926440  -0.0544999464   0.0977916372   0.4571757945  -0.0933515741
       -0.0701021842  -0.1632991299   0.0129818510  -0.0111755119  -0.0038678255
       -0.0038579504  -0.0005956136   0.0036062832   0.0019949813  -0.0003746510
       -0.0011095571   0.0001350401   0.0017353384  -0.0010556037   0.0054401915
       -0.0135751107  -0.0304000433   0.0078146739  -0.0221172542  -0.0046574937
       -0.0157169769   0.0123369361   0.0011614131   0.0052333449   0.0234319920
       -0.1404015688   0.1236874627   0.0022977081   0.0001650925  -0.0001948729
        0.0003045198  -0.0001601377   0.0000956897   0.0006380656  -0.0003883312
       -0.0006258263  -0.0005608879  -0.0008995799   0.0000893989   0.0000515898
        0.0001866027  -0.0016009285
        0.0000295700   0.0000547660   0.0006675972   0.0012021487  -0.0009810117
       -0.0001398328  -0.0276840611   0.0162121160  -0.0401976641  -0.0927991146
       -0.0668215043  -0.1930712951   0.1698451794  -0.0933515741   0.4943465682
        0.0074840788   0.0198143127  -0.0618377772  -0.0118004115  -0.0109372263
        0.0001484078  -0.0048040988   0.0023943347   0.0025972507  -0.0003688293
       -0.0002640743  -0.0003696721  -0.0033159386   0.0056884552   0.0023257298
        0.0103950960   0.0134432289  -0.0012014660   0.0008452045  -0.0019890991
       -0.0030761615  -0.0198525765  -0.0024622924  -0.0167242772  -0.0305773750
        0.1223175459  -0.1793327283   0.0000384622  -0.0020488557  -0.0016715462
       -0.0004198697  -0.0006557223  -0.0002898621   0.0005846632  -0.0005523484
       -0.0010510008   0.0003230953   0.0009661624   0.0001316073   0.0008747772
       -0.0008272130  -0.0012538776
       -0.0000265720  -0.0001506281   0.0000420041   0.0005359634   0.0000476309
       -0.0003867686  -0.0351489691  -0.0239633864  -0.0048544261  -0.0084910550
       -0.0016012616  -0.0054312454  -0.0982867697  -0.0701021842   0.0074840788
        0.5182331015   0.0838129458   0.1954621361  -0.2392713711   0.0198259204
       -0.1317917010  -0.0440531316  -0.0595390784   0.0052013520  -0.0254729560
        0.0221119972  -0.0244732889   0.0383137606   0.0083887541   0.0188985752
       -0.0957343551   0.0074350282  -0.0334100312   0.0004397926  -0.0001822822
        0.0005567781   0.0000765231   0.0000739797  -0.0002447554   0.0035167517
        0.0018078999  -0.0005287668  -0.0070853819   0.0022430710  -0.0059775293
        0.0002336287  -0.0045965260  -0.0022123610   0.0000718325   0.0007050969
       -0.0003148762   0.0001567890  -0.0048841128  -0.0021110556  -0.0080075817
        0.0185671355  -0.0159081188
       -0.0000004140  -0.0001255792   0.0001180201   0.0001126953   0.0003810933
       -0.0000390509  -0.0023086546   0.0070436101  -0.0037793885  -0.0143502976
       -0.0136338767  -0.0051124474  -0.0666344651  -0.1632991299   0.0198143127
        0.0838129458   0.5293842475  -0.1634370978  -0.0351549740  -0.0823943358
       -0.0013438742  -0.0145811280   0.0201889418  -0.0207235925   0.0223505400
       -0.0111707423   0.0166347020  -0.0363497806  -0.0549062963   0.0081253557
        0.0603887104  -0.2096420978   0.1256155352  -0.0018589745  -0.0001009149
       -0.0006932137   0.0009788377   0.0004930771   0.0005331611  -0.0082504704
       -0.0173463466   0.0036515487   0.0186706315  -0.0022022068   0.0133816875
       -0.0049698994  -0.0018548222   0.0024782590   0.0006634808   0.0005361904
        0.0002916392  -0.0046702142  -0.0018118775   0.0025928188   0.0021514310
        0.0004610659   0.0018916250
        0.0000661092  -0.0001161445  -0.0000274822  -0.0002041801   0.0000455183
       -0.0004093906   0.0029449445   0.0027452530   0.0004321495  -0.0125276180
       -0.0190405279   0.0027142500  -0.0009690672   0.0129818510  -0.0618377772
        0.1954621361  -0.1634370978   0.3535923239  -0.1012242266   0.0323945437
       -0.1313327328  -0.0194242632  -0.0485422002   0.0150208218  -0.0245379246
        0.0168223566  -0.0308753845   0.0445019503   0.0358267527   0.0076958538
       -0.0625613065   0.0929196891  -0.1405288210  -0.0034629868  -0.0001821339
       -0.0017132624   0.0004163079  -0.0006350078   0.0003334780   0.0091603953
        0.0177357661  -0.0029424687  -0.0157470810   0.0031514896  -0.0105744235
       -0.0021263125   0.0027448929   0.0052609928  -0.0004562890   0.0002257365
       -0.0001850121  -0.0024293294   0.0023268600   0.0053915444  -0.0068812583
        0.0120324025  -0.0100146590
        0.0000396494   0.0000161420  -0.0000428500  -0.0001083942  -0.0000349943
        0.0000969304  -0.0023276691  -0.0012625391  -0.0001448706   0.0007356896
        0.0002627113   0.0010662499  -0.0255788384  -0.0111755119  -0.0118004115
       -0.2392713711  -0.0351549740  -0.1012242266   0.5191405501   0.1088302131
        0.1913671465  -0.1720643440  -0.0889132855  -0.0263334183   0.0400897837
       -0.0357779254   0.0446382743  -0.0481364930  -0.0252805034  -0.0126166732
       -0.0035330415   0.0656278388  -0.0402875906   0.0000361263   0.0003088117
       -0.0001213914  -0.0002036037   0.0000042445  -0.0001345796   0.0008327539
        0.0017141593  -0.0003741508  -0.0555323348   0.0418733300  -0.0371837852
       -0.0181928427  -0.0201423895  -0.0004705105   0.0023959025  -0.0001733949
       -0.0035171935  -0.0004486394  -0.0003647787  -0.0000158980   0.0021271165
       -0.0003571541  -0.0029010512
       -0.0001056933   0.0000939740   0.0000291645   0.0002742961  -0.0003406438
       -0.0002116444  -0.0038209415  -0.0019980376  -0.0000684200  -0.0014769526
       -0.0017606759  -0.0004437066  -0.0211154664  -0.0038678255  -0.0109372263
        0.0198259204  -0.0823943358   0.0323945437   0.1088302131   0.5553303136
       -0.1812519103  -0.1482631454  -0.2243059522   0.0068457835   0.0091812356
       -0.0544679376   0.0371773630  -0.0247875398  -0.0126818010  -0.0114986582
        0.0236399776   0.0218506136   0.0032942986  -0.0003912922   0.0000369915
       -0.0002504839   0.0000229739  -0.0002283836   0.0000687428  -0.0014871298
        0.0002402328  -0.0015145698   0.0426060342  -0.1908752736   0.1166431689
       -0.0021875320  -0.0011054805  -0.0004394954  -0.0003066314  -0.0019147771
        0.0053903690  -0.0004546016   0.0004698923  -0.0005580828   0.0000162748
       -0.0020808937   0.0053307636
        0.0000505763  -0.0000748871   0.0001510591  -0.0001117120   0.0002126881
       -0.0003216641   0.0041167093   0.0005684928   0.0008093563  -0.0000484939
        0.0001019609  -0.0001952972  -0.0074461623  -0.0038579504   0.0001484078
       -0.1317917010  -0.0013438742  -0.1313327328   0.1913671465  -0.1812519103
        0.3422665044   0.0069326660   0.0442010178  -0.0692102627   0.0190984532
        0.0091760635   0.0079379502  -0.0123259423  -0.0115923930  -0.0067283696
       -0.0167643156   0.0289732836  -0.0252918015   0.0001959327   0.0000469235
       -0.0000127810   0.0000081511   0.0000369176  -0.0000798592   0.0014901068
        0.0005765868   0.0004745060  -0.0375471643   0.1160850516  -0.1245993393
       -0.0106317215  -0.0117097677   0.0006336266  -0.0033438064   0.0054470606
        0.0027882437   0.0000685255  -0.0005611501   0.0001912824  -0.0033172480
        0.0049658859   0.0023711710
        0.0000420453  -0.0000891748  -0.0000096762  -0.0001611402   0.0000951999
        0.0000860852   0.0000996587  -0.0004936033  -0.0004239561  -0.0011016160
       -0.0012336126  -0.0002346987  -0.0014536730  -0.0005956136  -0.0048040988
       -0.0440531316  -0.0145811280  -0.0194242632  -0.1720643440  -0.1482631454
        0.0069326660   0.5394356491   0.1051038638   0.2036031202  -0.0981815581
        0.0612813672  -0.0652264633  -0.0029163627   0.0253745714  -0.0168115103
       -0.0017490388  -0.0122007095   0.0090175725  -0.0002628095  -0.0000175388
       -0.0000672425   0.0000437731  -0.0000038408   0.0001146381  -0.0000656736
        0.0003017369  -0.0001399955   0.0039661756   0.0041149062  -0.0002687285
       -0.2231920472  -0.0030718776  -0.1169891557   0.0035649937  -0.0144166057
        0.0098654149  -0.0024634407  -0.0012380552  -0.0057001045   0.0005125400
       -0.0000667403   0.0004803965
        0.0000566228   0.0002024424   0.0000907326  -0.0001232079  -0.0001322783
       -0.0000768520  -0.0012359345  -0.0005351682  -0.0002900154  -0.0001649544
       -0.0000850447  -0.0003009074   0.0006978337   0.0036062832   0.0023943347
       -0.0595390784   0.0201889418  -0.0485422002  -0.0889132855  -0.2243059522
        0.0442010178   0.1051038638   0.5378673240  -0.1704469688   0.0012220162
       -0.2249809439   0.0992174321   0.0696160397   0.0245790190   0.0308368986
       -0.0117391359  -0.0540462328   0.0201490076  -0.0000748089  -0.0000900143
        0.0000786911   0.0001130123   0.0000544959   0.0001837210   0.0002975796
        0.0000063787   0.0001731981  -0.0140733605  -0.0208895198   0.0035986494
       -0.0032889867  -0.0426139221   0.0022762476   0.0035190351  -0.0206392506
        0.0143785445  -0.0014807338   0.0023443969   0.0021393203   0.0000074833
       -0.0005309550  -0.0000608516
        0.0000531010  -0.0000137706   0.0001976825  -0.0000624149   0.0000011060
       -0.0001849401  -0.0018075877  -0.0011586091   0.0000136749   0.0004111579
        0.0011232850   0.0003132245  -0.0047260404   0.0019949813   0.0025972507
        0.0052013520  -0.0207235925   0.0150208218  -0.0263334183   0.0068457835
       -0.0692102627   0.2036031202  -0.1704469688   0.3447604076  -0.0315724764
        0.1372515976  -0.1462616033  -0.0418046347   0.0029486184  -0.0263418698
        0.0088019350   0.0199531403  -0.0109642225   0.0003123540   0.0000437612
        0.0001570762  -0.0000316717  -0.0000170984  -0.0000372425  -0.0000961222
       -0.0001072385   0.0000457341   0.0100069774   0.0147812040  -0.0014300747
       -0.1167213539   0.0022349722  -0.1106312844  -0.0001920479   0.0029672258
       -0.0011276730  -0.0055307744   0.0022499263   0.0030326892   0.0004885451
        0.0000716765   0.0000506118
        0.0000044798  -0.0001737049  -0.0000073740  -0.0001485389   0.0000777925
        0.0000098576   0.0002724805  -0.0003578043  -0.0000134965   0.0002127042
       -0.0000873682   0.0001951284  -0.0011059060  -0.0003746510  -0.0003688293
       -0.0254729560   0.0223505400  -0.0245379246   0.0400897837   0.0091812356
        0.0190984532  -0.0981815581   0.0012220162  -0.0315724764   0.5260848486
        0.1213652307   0.1845137224  -0.2455776481   0.0197110422  -0.1316322599
       -0.0443118223  -0.0595680765   0.0047858964  -0.0001363692  -0.0000421339
        0.0000455085   0.0000342389   0.0000842667   0.0002083329   0.0000742909
        0.0001245701   0.0000623789   0.0000099139  -0.0051431146  -0.0020247678
       -0.0075032877   0.0190924344  -0.0159815090  -0.1375762930  -0.1240246925
        0.0052543183  -0.0070738149   0.0012419340  -0.0056684990   0.0003054538
       -0.0046795165  -0.0023664599
        0.0001405502   0.0001382056   0.0000397024  -0.0000949320  -0.0001036700
       -0.0000560145   0.0004949038   0.0003194835   0.0001991431   0.0001834255
        0.0000985819   0.0000901984  -0.0011153632  -0.0011095571  -0.0002640743
        0.0221119972  -0.0111707423   0.0168223566  -0.0357779254  -0.0544679376
        0.0091760635   0.0612813672  -0.2249809439   0.1372515976   0.1213652307
        0.5622869433  -0.1714259802  -0.0407767226  -0.0888276888  -0.0040348679
       -0.0145677004   0.0222493600  -0.0207822591   0.0000590915   0.0000910708
       -0.0000017579  -0.0000761130   0.0000274155  -0.0000426039   0.0000919213
        0.0002909109  -0.0001310705  -0.0047296065  -0.0019496292   0.0026296499
        0.0012068378  -0.0005665020   0.0014261590  -0.1239506398  -0.1995018916
        0.0137714466   0.0191858066  -0.0009023783   0.0129676230  -0.0050321290
       -0.0019210307   0.0023646883
       -0.0000041718  -0.0000188500   0.0000437799  -0.0000774997   0.0000248059
        0.0000572918   0.0002819336  -0.0001196458  -0.0000769393  -0.0002345041
       -0.0003414998   0.0001736095  -0.0000066773   0.0001350401  -0.0003696721
       -0.0244732889   0.0166347020  -0.0308753845   0.0446382743   0.0371773630
        0.0079379502  -0.0652264633   0.0992174321  -0.1462616033   0.1845137224
       -0.1714259802   0.3315849367  -0.0982558259   0.0338749749  -0.1291190677
       -0.0203602584  -0.0486678040   0.0159695857  -0.0001406806  -0.0000466983
        0.0000099061   0.0000614356   0.0000212670   0.0001116112   0.0000136897
       -0.0000362067   0.0001643339  -0.0023790265   0.0024684562   0.0052029363
       -0.0059608184   0.0128772812  -0.0099911121   0.0052846361   0.0138811872
       -0.0399162608  -0.0156081312   0.0017935795  -0.0097610295  -0.0020663454
        0.0025505955   0.0051151280
       -0.0001473072  -0.0000905092   0.0001415758   0.0003412652   0.0001521523
       -0.0002668600  -0.0001740910   0.0003840577   0.0003533286  -0.0004737676
       -0.0005188980  -0.0006900312   0.0031387352   0.0017353384  -0.0033159386
        0.0383137606  -0.0363497806   0.0445019503  -0.0481364930  -0.0247875398
       -0.0123259423  -0.0029163627   0.0696160397  -0.0418046347  -0.2455776481
       -0.0407767226  -0.0982558259   0.5170265227   0.0992676080   0.1907609524
       -0.1709571156  -0.0916569059  -0.0263853120   0.0000463423   0.0000699238
       -0.0000298552  -0.0003015616   0.0000070854   0.0000445279   0.0003859987
        0.0006485046  -0.0004213766  -0.0003258213  -0.0003291520   0.0000705668
        0.0023439272  -0.0002403974  -0.0034787489  -0.0175812848  -0.0023960351
       -0.0100237695  -0.0568292922   0.0452686114  -0.0382086905  -0.0181758065
       -0.0200033807  -0.0006659164
        0.0002087698  -0.0001183828  -0.0001121817  -0.0003059802  -0.0001574465
        0.0000766452  -0.0002495855   0.0007332547  -0.0004489661   0.0001500749
        0.0004705370  -0.0001174133   0.0013138928  -0.0010556037   0.0056884552
        0.0083887541  -0.0549062963   0.0358267527  -0.0252805034  -0.0126818010
       -0.0115923930   0.0253745714   0.0245790190   0.0029486184   0.0197110422
       -0.0888276888   0.0338749749   0.0992676080   0.5632542907  -0.1834291281
       -0.1506911972  -0.2300862917   0.0068389289   0.0002521789   0.0001648156
        0.0001066315  -0.0001838383  -0.0001008427  -0.0001526828  -0.0005675847
       -0.0011082383   0.0000596961  -0.0002545973   0.0003196379  -0.0005586999
        0.0001077245  -0.0018717166   0.0055445610  -0.0204798520  -0.0013957013
       -0.0115118921   0.0456174461  -0.1964399251   0.1169722690  -0.0023789240
       -0.0007716201  -0.0000141757
       -0.0000674024   0.0001116537  -0.0001092373   0.0001600034  -0.0001251426
       -0.0000256302  -0.0014456148  -0.0007952816  -0.0001713568   0.0005244699
        0.0005408567  -0.0000203537  -0.0027529544   0.0054401915   0.0023257298
        0.0188985752   0.0081253557   0.0076958538  -0.0126166732  -0.0114986582
       -0.0067283696  -0.0168115103   0.0308368986  -0.0263418698  -0.1316322599
       -0.0040348679  -0.1291190677   0.1907609524  -0.1834291281   0.3399705547
        0.0072072335   0.0443024887  -0.0682453279   0.0001630314  -0.0000327793
        0.0001866498  -0.0000491902   0.0002191305  -0.0000081516   0.0003641689
        0.0004825858  -0.0001655366   0.0000921966  -0.0005102514   0.0001403276
       -0.0035944295   0.0054066424   0.0026573279  -0.0000338108  -0.0002508076
        0.0009642409  -0.0384190213   0.1169062539  -0.1237175462  -0.0107477643
       -0.0116951408   0.0007117630
        0.0001897815  -0.0000880291  -0.0000073947  -0.0000472513  -0.0003276337
        0.0008281401  -0.0002391971  -0.0003323390   0.0003115333  -0.0000883234
       -0.0007199212   0.0006406220   0.0038938923  -0.0135751107   0.0103950960
       -0.0957343551   0.0603887104  -0.0625613065  -0.0035330415   0.0236399776
       -0.0167643156  -0.0017490388  -0.0117391359   0.0088019350  -0.0443118223
       -0.0145677004  -0.0203602584  -0.1709571156  -0.1506911972   0.0072072335
        0.5314584754   0.1124548994   0.1978577573  -0.0003539904   0.0000657264
       -0.0003995140   0.0001821883  -0.0006096636  -0.0003378662  -0.0017685026
       -0.0038625413   0.0001802568  -0.0024707568  -0.0011496361  -0.0055586598
        0.0005807595  -0.0000737255   0.0005914139  -0.0024592959  -0.0015583400
       -0.0054756501   0.0036254059   0.0038120811  -0.0004311305  -0.2162178122
       -0.0010664213  -0.1149178921
        0.0000692878  -0.0000559855  -0.0000056053   0.0001232986  -0.0002212091
       -0.0001213296   0.0026253531   0.0003642730   0.0004795594   0.0012521039
       -0.0004647345   0.0024247353  -0.0049535872  -0.0304000433   0.0134432289
        0.0074350282  -0.2096420978   0.0929196891   0.0656278388   0.0218506136
        0.0289732836  -0.0122007095  -0.0540462328   0.0199531403  -0.0595680765
        0.0222493600  -0.0486678040  -0.0916569059  -0.2300862917   0.0443024887
        0.1124548994   0.5424566923  -0.1660717431  -0.0002677647  -0.0000676455
        0.0000281203   0.0003785391   0.0001197109   0.0005224569  -0.0024897740
       -0.0029159171   0.0009163440  -0.0017230259   0.0021850645   0.0018412352
       -0.0001069722  -0.0005176358   0.0002335440  -0.0013712722   0.0022443903
        0.0020921544  -0.0141435758  -0.0209920950   0.0033471059  -0.0014846850
       -0.0420602163   0.0033893959
        0.0004314025  -0.0000457530  -0.0002208549  -0.0006909150  -0.0008175785
        0.0006783793  -0.0040729889   0.0018036534  -0.0003077861  -0.0004193490
       -0.0009191024  -0.0010080930   0.0078760859   0.0078146739  -0.0012014660
       -0.0334100312   0.1256155352  -0.1405288210  -0.0402875906   0.0032942986
       -0.0252918015   0.0090175725   0.0201490076  -0.0109642225   0.0047858964
       -0.0207822591   0.0159695857  -0.0263853120   0.0068389289  -0.0682453279
        0.1978577573  -0.1660717431   0.3328295896  -0.0001371948   0.0000167747
        0.0001092576   0.0000697001  -0.0005362369  -0.0001722551  -0.0003903362
        0.0003994930   0.0004285356  -0.0052458748   0.0022787381   0.0027787137
        0.0005835473   0.0001261471   0.0000355136  -0.0055320455   0.0021240478
        0.0031860222   0.0097044116   0.0144549289  -0.0014573872  -0.1137547358
        0.0042564459  -0.1066175820
        0.0000875230   0.0001329545  -0.0000705234   0.0001143082  -0.0000281140
        0.0000657901   0.0030301136   0.0275406890   0.0048716556  -0.0507366060
       -0.0706756783  -0.0016660920  -0.0060533263  -0.0221172542   0.0008452045
        0.0004397926  -0.0018589745  -0.0034629868   0.0000361263  -0.0003912922
        0.0001959327  -0.0002628095  -0.0000748089   0.0003123540  -0.0001363692
        0.0000590915  -0.0001406806   0.0000463423   0.0002521789   0.0001630314
       -0.0003539904  -0.0002677647  -0.0001371948   0.0534757255   0.0693105598
       -0.0014451611   0.0003310727  -0.0023122477  -0.0003321225  -0.0000277055
        0.0004409820   0.0009299374   0.0000254517  -0.0000284935  -0.0000486823
       -0.0000562541  -0.0000118720   0.0000408237   0.0000239459  -0.0000166354
       -0.0000305245   0.0000049528  -0.0000004707  -0.0000137330   0.0000117064
        0.0000471504  -0.0000770284
       -0.0000414874  -0.0000550965  -0.0001466509  -0.0001444345   0.0002692278
        0.0003027426   0.0019951181  -0.0189025662  -0.0128394502  -0.0665940788
       -0.2773498354   0.0045880935   0.0004409483  -0.0046574937  -0.0019890991
       -0.0001822822  -0.0001009149  -0.0001821339   0.0003088117   0.0000369915
        0.0000469235  -0.0000175388  -0.0000900143   0.0000437612  -0.0000421339
        0.0000910708  -0.0000466983   0.0000699238   0.0001648156  -0.0000327793
        0.0000657264  -0.0000676455   0.0000167747   0.0693105598   0.3139667330
        0.0076999905  -0.0049655743  -0.0138789250   0.0025493677   0.0000240060
        0.0003617711   0.0001435234  -0.0000197786  -0.0000258608  -0.0000732095
        0.0000061712   0.0000044083  -0.0000086157  -0.0000348131   0.0000071890
        0.0000186041  -0.0000088920   0.0000529285   0.0000174741  -0.0001702519
        0.0001732166  -0.0001086183
        0.0000067496  -0.0000172306   0.0001792862  -0.0001004715  -0.0000843297
       -0.0003359077  -0.0016068098  -0.0195477317  -0.0056518744   0.0015920809
        0.0066721932  -0.0414372583  -0.0039079882  -0.0157169769  -0.0030761615
        0.0005567781  -0.0006932137  -0.0017132624  -0.0001213914  -0.0002504839
       -0.0000127810  -0.0000672425   0.0000786911   0.0001570762   0.0000455085
       -0.0000017579   0.0000099061  -0.0000298552   0.0001066315   0.0001866498
       -0.0003995140   0.0000281203   0.0001092576  -0.0014451611   0.0076999905
        0.0512814290   0.0059000601   0.0224775678   0.0000945607  -0.0007137776
       -0.0004254315   0.0002538471   0.0000703445  -0.0000433150   0.0000010290
       -0.0000122039  -0.0000106242   0.0000383044   0.0000502125  -0.0000192836
       -0.0000049582   0.0000261211  -0.0000024014   0.0000027727   0.0001565598
       -0.0002504145  -0.0000819155
        0.0000685575  -0.0000062005   0.0000474647   0.0000187845  -0.0002231843
        0.0002248717  -0.0061191288  -0.0053773775   0.0276280409  -0.0348527778
       -0.0142742403   0.0154427147   0.0010851031   0.0123369361  -0.0198525765
        0.0000765231   0.0009788377   0.0004163079  -0.0002036037   0.0000229739
        0.0000081511   0.0000437731   0.0001130123  -0.0000316717   0.0000342389
       -0.0000761130   0.0000614356  -0.0003015616  -0.0001838383  -0.0000491902
        0.0001821883   0.0003785391   0.0000697001   0.0003310727  -0.0049655743
        0.0059000601   0.0387816175   0.0134746935  -0.0262977268   0.0004136713
       -0.0022906150  -0.0037252702   0.0000902857   0.0000091532   0.0000725791
        0.0000059758   0.0000441998   0.0000190894  -0.0000050433   0.0000269428
        0.0000106024   0.0000019261   0.0000159065   0.0000074022   0.0003483976
       -0.0000040517   0.0000480157
        0.0000268655  -0.0000664851  -0.0000332156   0.0000902764   0.0001334759
       -0.0002916010   0.0033668653   0.0064968917  -0.0168835518  -0.0146910931
       -0.1051688672   0.1122677248   0.0000804981   0.0011614131  -0.0024622924
        0.0000739797   0.0004930771  -0.0006350078   0.0000042445  -0.0002283836
        0.0000369176  -0.0000038408   0.0000544959  -0.0000170984   0.0000842667
        0.0000274155   0.0000212670   0.0000070854  -0.0001008427   0.0002191305
       -0.0006096636   0.0001197109  -0.0005362369  -0.0023122477  -0.0138789250
        0.0224775678   0.0134746935   0.1123078454  -0.1133064983   0.0000006250
        0.0000232145  -0.0005243726   0.0000523721  -0.0000489598   0.0000383587
        0.0000205632  -0.0000076375   0.0000174274   0.0000626665  -0.0000026845
       -0.0000075855  -0.0000128623  -0.0000330758   0.0000217816   0.0002847055
       -0.0012816787  -0.0004027149
       -0.0000624195   0.0000183433  -0.0000734182  -0.0002649558   0.0002701062
       -0.0000315101   0.0049045393  -0.0024077116  -0.0219603867   0.0193194116
        0.1086907319  -0.2276309443   0.0018144608   0.0052333449  -0.0167242772
       -0.0002447554   0.0005331611   0.0003334780  -0.0001345796   0.0000687428
       -0.0000798592   0.0001146381   0.0001837210  -0.0000372425   0.0002083329
       -0.0000426039   0.0001116112   0.0000445279  -0.0001526828  -0.0000081516
       -0.0003378662   0.0005224569  -0.0001722551  -0.0003321225   0.0025493677
        0.0000945607  -0.0262977268  -0.1133064983   0.2668302472   0.0007325755
       -0.0014400225  -0.0011396287   0.0001096604  -0.0000111737   0.0000908853
        0.0000357713   0.0000431619   0.0000144464   0.0000558154   0.0000176725
       -0.0000094871   0.0000685902   0.0000372729  -0.0000493164   0.0002661024
       -0.0008073903   0.0004412486
        0.0000536409   0.0001095060  -0.0000142828   0.0000573344  -0.0002776343
       -0.0001628208  -0.0204473786   0.0190060620  -0.0256314917  -0.0030312887
       -0.0004199066  -0.0013490517  -0.0410711617   0.0234319920  -0.0305773750
        0.0035167517  -0.0082504704   0.0091603953   0.0008327539  -0.0014871298
        0.0014901068  -0.0000656736   0.0002975796  -0.0000961222   0.0000742909
        0.0000919213   0.0000136897   0.0003859987  -0.0005675847   0.0003641689
       -0.0017685026  -0.0024897740  -0.0003903362  -0.0000277055   0.0000240060
       -0.0007137776   0.0004136713   0.0000006250   0.0007325755   0.0622535535
       -0.0293881398   0.0478222236  -0.0008369057  -0.0001123869  -0.0006069659
       -0.0000008618   0.0000036452  -0.0000453095  -0.0000161249   0.0000622867
       -0.0000615116  -0.0002066497  -0.0001588672   0.0000483815  -0.0001157426
        0.0001242698   0.0000175038
        0.0000046545   0.0000212855  -0.0000066013  -0.0001729038   0.0001279645
       -0.0000346750   0.0111204210  -0.0056252685   0.0083118235  -0.0019949332
        0.0080108995  -0.0112336860   0.0227952125  -0.1404015688   0.1223175459
        0.0018078999  -0.0173463466   0.0177357661   0.0017141593   0.0002402328
        0.0005765868   0.0003017369   0.0000063787  -0.0001072385   0.0001245701
        0.0002909109  -0.0000362067   0.0006485046  -0.0011082383   0.0004825858
       -0.0038625413  -0.0029159171   0.0003994930   0.0004409820   0.0003617711
       -0.0004254315  -0.0022906150   0.0000232145  -0.0014400225  -0.0293881398
        0.1577539623  -0.1357720127  -0.0009233123   0.0003992746  -0.0004655914
        0.0000511254   0.0001305111  -0.0000143216  -0.0000470447   0.0001061657
        0.0000004802  -0.0002036984  -0.0003168749  -0.0000666685  -0.0001260776
        0.0002416430  -0.0002218255
       -0.0000901212   0.0000231355   0.0001387909   0.0003470933  -0.0001720280
       -0.0002914897  -0.0035855446  -0.0053098522   0.0030368137  -0.0073853497
        0.0152263339  -0.0212954728  -0.0334930816   0.1236874627  -0.1793327283
       -0.0005287668   0.0036515487  -0.0029424687  -0.0003741508  -0.0015145698
        0.0004745060  -0.0001399955   0.0001731981   0.0000457341   0.0000623789
       -0.0001310705   0.0001643339  -0.0004213766   0.0000596961  -0.0001655366
        0.0001802568   0.0009163440   0.0004285356   0.0009299374   0.0001435234
        0.0002538471  -0.0037252702  -0.0005243726  -0.0011396287   0.0478222236
       -0.1357720127   0.2003495209   0.0001630277  -0.0001442121   0.0002435685
       -0.0000753164  -0.0000685872   0.0000447903   0.0000300744  -0.0000493511
        0.0000002277   0.0001175558  -0.0000276477  -0.0000719235   0.0001664256
       -0.0001675387   0.0000585797
        0.0000373943   0.0000308759  -0.0001127364  -0.0000639873   0.0000344851
        0.0001080053   0.0003694851  -0.0002130545  -0.0001073813   0.0001660243
        0.0002037874   0.0002546170  -0.0004365025   0.0022977081   0.0000384622
       -0.0070853819   0.0186706315  -0.0157470810  -0.0555323348   0.0426060342
       -0.0375471643   0.0039661756  -0.0140733605   0.0100069774   0.0000099139
       -0.0047296065  -0.0023790265  -0.0003258213  -0.0002545973   0.0000921966
       -0.0024707568  -0.0017230259  -0.0052458748   0.0000254517  -0.0000197786
        0.0000703445   0.0000902857   0.0000523721   0.0001096604  -0.0008369057
       -0.0009233123   0.0001630277   0.0625896391  -0.0424788525   0.0481848987
        0.0000420759   0.0000030381   0.0016835027   0.0001285856  -0.0007699302
        0.0005691888  -0.0003329359   0.0003167301   0.0007121439  -0.0003404050
        0.0009698559  -0.0008537607
        0.0000955549   0.0000875528   0.0001028748  -0.0000864420  -0.0001421898
       -0.0000959589   0.0004558990   0.0000200536   0.0001919110  -0.0002236876
       -0.0000869561  -0.0002253787  -0.0009454328   0.0001650925  -0.0020488557
        0.0022430710  -0.0022022068   0.0031514896   0.0418733300  -0.1908752736
        0.1160850516   0.0041149062  -0.0208895198   0.0147812040  -0.0051431146
       -0.0019496292   0.0024684562  -0.0003291520   0.0003196379  -0.0005102514
       -0.0011496361   0.0021850645   0.0022787381  -0.0000284935  -0.0000258608
       -0.0000433150   0.0000091532  -0.0000489598  -0.0000111737  -0.0001123869
        0.0003992746  -0.0001442121  -0.0424788525   0.2142224508  -0.1353486013
        0.0011899980   0.0001321554  -0.0008053066   0.0003116388  -0.0009635003
        0.0007735340   0.0003375711  -0.0002342429  -0.0006295538  -0.0001339241
       -0.0001129429   0.0000293478
       -0.0000771133  -0.0000315033   0.0002432862   0.0000509667   0.0000979690
       -0.0003976152   0.0008661169  -0.0001991437   0.0006257824  -0.0003637782
        0.0000228260  -0.0002473432   0.0015078945  -0.0001948729  -0.0016715462
       -0.0059775293   0.0133816875  -0.0105744235  -0.0371837852   0.1166431689
       -0.1245993393  -0.0002687285   0.0035986494  -0.0014300747  -0.0020247678
        0.0026296499   0.0052029363   0.0000705668  -0.0005586999   0.0001403276
       -0.0055586598   0.0018412352   0.0027787137  -0.0000486823  -0.0000732095
        0.0000010290   0.0000725791   0.0000383587   0.0000908853  -0.0006069659
       -0.0004655914   0.0002435685   0.0481848987  -0.1353486013   0.1321645936
        0.0009855125  -0.0015620884  -0.0010698000  -0.0000651837   0.0000431281
       -0.0001261700   0.0006811123  -0.0006392049  -0.0009312127  -0.0002444534
        0.0007762425  -0.0004435978
       -0.0000972670  -0.0000240651  -0.0001065844   0.0001699609   0.0000095663
        0.0000885254  -0.0003649849  -0.0002184670  -0.0002600740   0.0000181050
       -0.0000488409   0.0001236951  -0.0005862175   0.0003045198  -0.0004198697
        0.0002336287  -0.0049698994  -0.0021263125  -0.0181928427  -0.0021875320
       -0.0106317215  -0.2231920472  -0.0032889867  -0.1167213539  -0.0075032877
        0.0012068378  -0.0059608184   0.0023439272   0.0001077245  -0.0035944295
        0.0005807595  -0.0001069722   0.0005835473  -0.0000562541   0.0000061712
       -0.0000122039   0.0000059758   0.0000205632   0.0000357713  -0.0000008618
        0.0000511254  -0.0000753164   0.0000420759   0.0011899980   0.0009855125
        0.2471500886   0.0074848847   0.1359504656   0.0001358680   0.0001587449
        0.0015609523  -0.0003796922  -0.0000487151  -0.0001277840  -0.0003069345
        0.0003533424   0.0007079988
        0.0001034514   0.0001805366   0.0000958219  -0.0000811457  -0.0002338081
       -0.0001407319  -0.0002066179  -0.0000003006   0.0000663829  -0.0002306049
       -0.0000704736  -0.0000704581  -0.0008294477  -0.0001601377  -0.0006557223
       -0.0045965260  -0.0018548222   0.0027448929  -0.0201423895  -0.0011054805
       -0.0117097677  -0.0030718776  -0.0426139221   0.0022349722   0.0190924344
       -0.0005665020   0.0128772812  -0.0002403974  -0.0018717166   0.0054066424
       -0.0000737255  -0.0005176358   0.0001261471  -0.0000118720   0.0000044083
       -0.0000106242   0.0000441998  -0.0000076375   0.0000431619   0.0000036452
        0.0001305111  -0.0000685872   0.0000030381   0.0001321554  -0.0015620884
        0.0074848847   0.0487836891  -0.0087903762   0.0013493650   0.0001168896
       -0.0006085386   0.0010392660  -0.0000680630   0.0006208046   0.0003643194
       -0.0002776906  -0.0005992126
       -0.0000565959   0.0000065525   0.0002152640   0.0000510233   0.0000032645
       -0.0002788366   0.0000721625  -0.0000448896   0.0003600548  -0.0001511085
        0.0000588543  -0.0000830400   0.0001270760   0.0000956897  -0.0002898621
       -0.0022123610   0.0024782590   0.0052609928  -0.0004705105  -0.0004394954
        0.0006336266  -0.1169891557   0.0022762476  -0.1106312844  -0.0159815090
        0.0014261590  -0.0099911121  -0.0034787489   0.0055445610   0.0026573279
        0.0005914139   0.0002335440   0.0000355136   0.0000408237  -0.0000086157
        0.0000383044   0.0000190894   0.0000174274   0.0000144464  -0.0000453095
       -0.0000143216   0.0000447903   0.0016835027  -0.0008053066  -0.0010698000
        0.1359504656  -0.0087903762   0.1158127156   0.0009046591  -0.0013701422
       -0.0011904722  -0.0007634483  -0.0000674255  -0.0005748647   0.0007085313
       -0.0005999860  -0.0009637643
       -0.0001749788  -0.0001179285   0.0000487931   0.0002213490   0.0001398376
       -0.0000972948  -0.0002891239  -0.0004399975  -0.0000011336   0.0002060163
        0.0003059633   0.0000609930  -0.0002123270   0.0006380656   0.0005846632
        0.0000718325   0.0006634808  -0.0004562890   0.0023959025  -0.0003066314
       -0.0033438064   0.0035649937   0.0035190351  -0.0001920479  -0.1375762930
       -0.1239506398   0.0052846361  -0.0175812848  -0.0204798520  -0.0000338108
       -0.0024592959  -0.0013712722  -0.0055320455   0.0000239459  -0.0000348131
        0.0000502125  -0.0000050433   0.0000626665   0.0000558154  -0.0000161249
       -0.0000470447   0.0000300744   0.0001285856   0.0003116388  -0.0000651837
        0.0001358680   0.0013493650   0.0009046591   0.1524946980   0.1407049279
        0.0012329310  -0.0000674898   0.0000696895   0.0014115286  -0.0008612300
       -0.0010164909   0.0000573054
        0.0000373847   0.0001608107  -0.0000184065   0.0000082257  -0.0001967253
        0.0000220180   0.0002792236   0.0003133098  -0.0000430907  -0.0001961104
       -0.0001937335   0.0000066363   0.0002449724  -0.0003883312  -0.0005523484
        0.0007050969   0.0005361904   0.0002257365  -0.0001733949  -0.0019147771
        0.0054470606  -0.0144166057  -0.0206392506   0.0029672258  -0.1240246925
       -0.1995018916   0.0138811872  -0.0023960351  -0.0013957013  -0.0002508076
       -0.0015583400   0.0022443903   0.0021240478  -0.0000166354   0.0000071890
       -0.0000192836   0.0000269428  -0.0000026845   0.0000176725   0.0000622867
        0.0001061657  -0.0000493511  -0.0007699302  -0.0009635003   0.0000431281
        0.0001587449   0.0001168896  -0.0013701422   0.1407049279   0.2214773110
       -0.0217143624   0.0012759367   0.0003092036  -0.0007407539   0.0000480020
       -0.0000748646   0.0000238339
       -0.0000122867   0.0000004787  -0.0000006851  -0.0000044769   0.0000285527
        0.0000259432   0.0005359324   0.0002646303   0.0000946194  -0.0003114366
       -0.0004096631   0.0000178300   0.0004639828  -0.0006258263  -0.0010510008
       -0.0003148762   0.0002916392  -0.0001850121  -0.0035171935   0.0053903690
        0.0027882437   0.0098654149   0.0143785445  -0.0011276730   0.0052543183
        0.0137714466  -0.0399162608  -0.0100237695  -0.0115118921   0.0009642409
       -0.0054756501   0.0020921544   0.0031860222  -0.0000305245   0.0000186041
       -0.0000049582   0.0000106024  -0.0000075855  -0.0000094871  -0.0000615116
        0.0000004802   0.0000002277   0.0005691888   0.0007735340  -0.0001261700
        0.0015609523  -0.0006085386  -0.0011904722   0.0012329310  -0.0217143624
        0.0377819523   0.0007579984  -0.0015041091  -0.0011747715  -0.0004995955
       -0.0006284567  -0.0000725886
       -0.0000879991  -0.0000933758   0.0001120496   0.0001380565   0.0001066324
       -0.0001745325  -0.0000003337  -0.0002118173   0.0002262093   0.0000255274
        0.0001552379  -0.0000799647   0.0003486319  -0.0005608879   0.0003230953
        0.0001567890  -0.0046702142  -0.0024293294  -0.0004486394  -0.0004546016
        0.0000685255  -0.0024634407  -0.0014807338  -0.0055307744  -0.0070738149
        0.0191858066  -0.0156081312  -0.0568292922   0.0456174461  -0.0384190213
        0.0036254059  -0.0141435758   0.0097044116   0.0000049528  -0.0000088920
        0.0000261211   0.0000019261  -0.0000128623   0.0000685902  -0.0002066497
       -0.0002036984   0.0001175558  -0.0003329359   0.0003375711   0.0006811123
       -0.0003796922   0.0010392660  -0.0007634483  -0.0000674898   0.0012759367
        0.0007579984   0.0634867485  -0.0458167385   0.0491745222   0.0001022495
       -0.0000604994   0.0017450107
        0.0000199974   0.0000746743  -0.0001524265   0.0000673885  -0.0001894895
        0.0002152394  -0.0000003483   0.0003242769  -0.0002630246   0.0000451290
       -0.0001619545   0.0001971582   0.0004515027  -0.0008995799   0.0009661624
       -0.0048841128  -0.0018118775   0.0023268600  -0.0003647787   0.0004698923
       -0.0005611501  -0.0012380552   0.0023443969   0.0022499263   0.0012419340
       -0.0009023783   0.0017935795   0.0452686114  -0.1964399251   0.1169062539
        0.0038120811  -0.0209920950   0.0144549289  -0.0000004707   0.0000529285
       -0.0000024014   0.0000159065  -0.0000330758   0.0000372729  -0.0001588672
       -0.0003168749  -0.0000276477   0.0003167301  -0.0002342429  -0.0006392049
       -0.0000487151  -0.0000680630  -0.0000674255   0.0000696895   0.0003092036
       -0.0015041091  -0.0458167385   0.2183637512  -0.1351434462   0.0012031160
        0.0001104328  -0.0007865455
        0.0000013150  -0.0000455363  -0.0002093463  -0.0000232591   0.0001304210
        0.0002652259   0.0002029066   0.0001356134  -0.0003027584  -0.0000134596
       -0.0002367786   0.0001760545  -0.0003420878   0.0000893989   0.0001316073
       -0.0021110556   0.0025928188   0.0053915444  -0.0000158980  -0.0005580828
        0.0001912824  -0.0057001045   0.0021393203   0.0030326892  -0.0056684990
        0.0129676230  -0.0097610295  -0.0382086905   0.1169722690  -0.1237175462
       -0.0004311305   0.0033471059  -0.0014573872  -0.0000137330   0.0000174741
        0.0000027727   0.0000074022   0.0000217816  -0.0000493164   0.0000483815
       -0.0000666685  -0.0000719235   0.0007121439  -0.0006295538  -0.0009312127
       -0.0001277840   0.0006208046  -0.0005748647   0.0014115286  -0.0007407539
       -0.0011747715   0.0491745222  -0.1351434462   0.1301533618   0.0010975017
       -0.0016138104  -0.0010943818
       -0.0003530629   0.0003551623  -0.0000826957   0.0003467515   0.0000983788
       -0.0003592529   0.0008268356  -0.0021789903   0.0008376849   0.0000232798
        0.0000356784   0.0001900649  -0.0013137220   0.0000515898   0.0008747772
       -0.0080075817   0.0021514310  -0.0068812583   0.0021271165   0.0000162748
       -0.0033172480   0.0005125400   0.0000074833   0.0004885451   0.0003054538
       -0.0050321290  -0.0020663454  -0.0181758065  -0.0023789240  -0.0107477643
       -0.2162178122  -0.0014846850  -0.1137547358   0.0000117064  -0.0001702519
        0.0001565598   0.0003483976   0.0002847055   0.0002661024  -0.0001157426
       -0.0001260776   0.0001664256  -0.0003404050  -0.0001339241  -0.0002444534
       -0.0003069345   0.0003643194   0.0007085313  -0.0008612300   0.0000480020
       -0.0004995955   0.0001022495   0.0012031160   0.0010975017   0.2410879667
        0.0068888406   0.1331671562
        0.0000139135  -0.0002576572  -0.0000815535  -0.0001755169   0.0003283905
        0.0003295746  -0.0002931346  -0.0002572307   0.0002802277  -0.0001059553
       -0.0014022754   0.0006735796   0.0008643536   0.0001866027  -0.0008272130
        0.0185671355   0.0004610659   0.0120324025  -0.0003571541  -0.0020808937
        0.0049658859  -0.0000667403  -0.0005309550   0.0000716765  -0.0046795165
       -0.0019210307   0.0025505955  -0.0200033807  -0.0007716201  -0.0116951408
       -0.0010664213  -0.0420602163   0.0042564459   0.0000471504   0.0001732166
       -0.0002504145  -0.0000040517  -0.0012816787  -0.0008073903   0.0001242698
        0.0002416430  -0.0001675387   0.0009698559  -0.0001129429   0.0007762425
        0.0003533424  -0.0002776906  -0.0005999860  -0.0010164909  -0.0000748646
       -0.0006284567  -0.0000604994   0.0001104328  -0.0016138104   0.0068888406
        0.0495277044  -0.0092651269
       -0.0004332806   0.0002255278  -0.0001595019   0.0009107337   0.0004187613
       -0.0002739158   0.0020467330  -0.0004447724  -0.0004774891  -0.0006742092
       -0.0001691714   0.0004374534  -0.0003831366  -0.0016009285  -0.0012538776
       -0.0159081188   0.0018916250  -0.0100146590  -0.0029010512   0.0053307636
        0.0023711710   0.0004803965  -0.0000608516   0.0000506118  -0.0023664599
        0.0023646883   0.0051151280  -0.0006659164  -0.0000141757   0.0007117630
       -0.1149178921   0.0033893959  -0.1066175820  -0.0000770284  -0.0001086183
       -0.0000819155   0.0000480157  -0.0004027149   0.0004412486   0.0000175038
       -0.0002218255   0.0000585797  -0.0008537607   0.0000293478  -0.0004435978
        0.0007079988  -0.0005992126  -0.0009637643   0.0000573054   0.0000238339
       -0.0000725886   0.0017450107  -0.0007865455  -0.0010943818   0.1331671562
       -0.0092651269   0.1122673180
