$hessian                                                                        
        0.0221710553   0.0396346295  -0.0132919290  -0.0152930039  -0.0341875412
        0.0122159280  -0.0088573872  -0.0068307603   0.0020530886   0.0005437756
        0.0004536294  -0.0024107831   0.0026766333  -0.0013615146  -0.0003361861
       -0.0001729667   0.0001674239   0.0004822687  -0.0013982192  -0.0000475903
        0.0000593736   0.0001126137   0.0000623905   0.0002083384  -0.0000589878
        0.0000088210  -0.0001453963   0.0001131613   0.0000685954   0.0000519422
        0.0000814832  -0.0000601902   0.0000053342  -0.0000417373   0.0000691209
        0.0001253631  -0.0003727843   0.0001030150   0.0007977689  -0.0003016702
       -0.0002116469  -0.0002912822   0.0018402522   0.0023300104   0.0008182090
        0.0001937453  -0.0005102030  -0.0002615587  -0.0004867381  -0.0004791669
        0.0002566517   0.0000027875   0.0000318889  -0.0000001104  -0.0002163098
       -0.0000234417  -0.0001717889   0.0000658350  -0.0000417810  -0.0000850056
        0.0000188896   0.0000558479  -0.0000198266   0.0000025362   0.0000486022
        0.0000140337  -0.0000214851   0.0000485657  -0.0000005610   0.0001700232
        0.0000393806   0.0000238425  -0.0007715018   0.0006319148  -0.0000977146
        0.0396346295   0.1351012103  -0.0394558689  -0.0344974938  -0.1209976116
        0.0387907573  -0.0038519850  -0.0038259859   0.0009977508  -0.0023360361
       -0.0027994305   0.0003051928   0.0005092797  -0.0074072158  -0.0026627852
       -0.0007135120  -0.0000767513   0.0016086626  -0.0019078707  -0.0002054259
        0.0006360903   0.0002960030   0.0000980102   0.0001840182   0.0000170572
        0.0001954735  -0.0001193393   0.0000094862   0.0000750934  -0.0000975195
       -0.0000971632  -0.0000342620   0.0000208857   0.0000626421  -0.0002907967
        0.0001017867   0.0004622262  -0.0004877839  -0.0004868400  -0.0002904587
        0.0001534296  -0.0002643194   0.0019131671   0.0011098631   0.0007544570
       -0.0001698016  -0.0002144431  -0.0002069361  -0.0004353733  -0.0002840969
        0.0002710579   0.0002165336   0.0000743885   0.0000658351   0.0001304711
        0.0001894604  -0.0000452678   0.0003363735   0.0000264010  -0.0002566020
        0.0000024673   0.0000433966  -0.0000597686   0.0000308510  -0.0000367290
       -0.0000542098   0.0000305094  -0.0000193271   0.0000319898  -0.0000292094
        0.0000499283   0.0000183078   0.0006772068  -0.0004367949  -0.0000773353
       -0.0132919290  -0.0394558689   0.0177849907   0.0111442685   0.0351689161
       -0.0166059784   0.0021757395   0.0023201960   0.0012177732  -0.0003741653
        0.0047875572  -0.0020183757   0.0008163510  -0.0017739454  -0.0007717541
       -0.0000272549  -0.0005050036   0.0003662964  -0.0005434232  -0.0001240011
        0.0002434822   0.0000160599   0.0001078914   0.0000779710  -0.0000038617
        0.0000565217   0.0000227430  -0.0000109824   0.0000180249   0.0000511086
        0.0000353602   0.0001048875   0.0000463023   0.0000800613  -0.0001508453
        0.0000851853  -0.0001132047   0.0001287946  -0.0004211623   0.0000972424
       -0.0000677477   0.0002201674  -0.0006023267  -0.0005847518  -0.0008198920
       -0.0001142807   0.0000835286   0.0003121205   0.0001386177   0.0001609697
        0.0000530072   0.0000893735   0.0000879674   0.0001010494  -0.0001434703
        0.0002904518   0.0001558297   0.0001532932  -0.0000725458  -0.0001172868
        0.0000089139  -0.0000687298   0.0000250819   0.0000459279   0.0000026106
        0.0000534376   0.0000533512  -0.0000117678   0.0000220177   0.0000236401
       -0.0000254439  -0.0001048644   0.0003466985  -0.0004776666   0.0000207493
       -0.0152930039  -0.0344974938   0.0111442685   0.0879498322   0.0002687954
        0.0159835350  -0.0356754200   0.0094449139   0.0055870972  -0.0229530866
        0.0195934746  -0.0424410496  -0.0091657934   0.0087989537   0.0094786435
       -0.0000107509   0.0009685396  -0.0004658504   0.0033087178   0.0016939800
        0.0027830033  -0.0000723606   0.0009862460  -0.0008474300  -0.0000826021
        0.0006507567   0.0000040757  -0.0003247811   0.0001248165  -0.0004676754
       -0.0005261902  -0.0000997104  -0.0001466614  -0.0008741059  -0.0006642412
       -0.0007343986   0.0010639584  -0.0008180181  -0.0012329157   0.0027092884
        0.0003778695   0.0023996051  -0.0121347750  -0.0115768106  -0.0039316873
       -0.0008940992   0.0031967256   0.0016679555   0.0026288624   0.0020154442
       -0.0015744611   0.0005298370   0.0001089738  -0.0004103874  -0.0000677139
       -0.0001386486   0.0008867024  -0.0000152400   0.0004266163   0.0005774949
       -0.0000514751   0.0000385407   0.0001249579   0.0000204122  -0.0000781009
       -0.0000360303   0.0000635408  -0.0000621370   0.0000326799  -0.0001769035
       -0.0000378805   0.0000291742   0.0000438519  -0.0007216054   0.0015893538
       -0.0341875412  -0.1209976116   0.0351689161   0.0002687954   0.1982159546
       -0.0367056422   0.0011968477  -0.0061112971  -0.0005553310   0.0206507161
       -0.0260453382   0.0475822680   0.0036199851  -0.0359759225  -0.0349129811
        0.0027368144  -0.0047816365  -0.0041160401   0.0077319657  -0.0059448577
       -0.0078938675  -0.0018055832  -0.0000864351  -0.0006158955   0.0002319152
       -0.0008582955   0.0011286334  -0.0002064941  -0.0005219061   0.0002909834
        0.0002430760   0.0002014601   0.0000901170   0.0000912652   0.0003168021
       -0.0004213676  -0.0001118802   0.0016661489  -0.0013082166  -0.0000398748
       -0.0008678992  -0.0001921339  -0.0011907968   0.0051116345   0.0009838435
        0.0020411757  -0.0011611385  -0.0001187028  -0.0000071855  -0.0004788866
        0.0001075993  -0.0006403417  -0.0004409637  -0.0003607300  -0.0006134219
        0.0009983906   0.0016688008   0.0003866397  -0.0012302208  -0.0004589197
       -0.0000239211  -0.0004918885   0.0003043267  -0.0001260073   0.0000504007
        0.0001262981  -0.0001050296  -0.0000424024  -0.0000185259  -0.0002832835
       -0.0002720584  -0.0001592236   0.0001421648  -0.0002520330   0.0003857913
        0.0122159280   0.0387907573  -0.0166059784   0.0159835350  -0.0367056422
        0.1838809917   0.0002520133  -0.0007709328  -0.0051868281  -0.0415098793
        0.0445831307  -0.1035530745   0.0036357470  -0.0343117285  -0.0413176588
        0.0036590537  -0.0076785901  -0.0082132700   0.0078166379  -0.0042835086
       -0.0060011151  -0.0029491823  -0.0010368926  -0.0010689299   0.0001382039
       -0.0013991642   0.0002774884  -0.0001385854  -0.0003840405  -0.0002565247
        0.0000957468  -0.0003528170  -0.0000144403  -0.0002891979   0.0004792997
       -0.0006768176   0.0003664406   0.0008289805   0.0006977115  -0.0002225727
        0.0000246527  -0.0008255270   0.0004941855   0.0015183008   0.0037352210
        0.0011201523  -0.0002158588  -0.0013644555  -0.0002367979  -0.0003562609
       -0.0007331341  -0.0001924964  -0.0004996756  -0.0013843139   0.0010554637
        0.0008648143  -0.0010726199  -0.0006130769  -0.0003968597   0.0001250850
       -0.0000119330   0.0001694216   0.0001227771  -0.0002142665   0.0000616727
       -0.0001200414  -0.0001706330   0.0000613523  -0.0000236263  -0.0001689873
        0.0000426588   0.0001058954  -0.0001154993   0.0009669300  -0.0005268146
       -0.0088573872  -0.0038519850   0.0021757395  -0.0356754200   0.0011968477
        0.0002520133   0.0708876108   0.0093584723  -0.0000018401  -0.0069434807
        0.0015207939  -0.0017423993  -0.0045689640   0.0046826158   0.0047488850
       -0.0001564164   0.0000811279  -0.0008397673   0.0016312004  -0.0014825173
       -0.0006065103  -0.0008077199  -0.0001953325  -0.0001766617   0.0000798492
       -0.0004042366   0.0002697130   0.0000449889  -0.0001451306   0.0000801124
        0.0001949721  -0.0000062787   0.0000927304   0.0000516236   0.0001501392
       -0.0000632036   0.0001673022   0.0005090874   0.0000000720  -0.0058173999
       -0.0020653637  -0.0046221877  -0.0060173030  -0.0014796185  -0.0006046110
        0.0010144290  -0.0024407682  -0.0010661140  -0.0055201306  -0.0050206072
        0.0024950954  -0.0000530132  -0.0001370179  -0.0000233149   0.0000447214
       -0.0000113319  -0.0000257521  -0.0000393635  -0.0001933874  -0.0000794418
        0.0001218758   0.0000249070  -0.0000359929   0.0000576237   0.0000112310
       -0.0000459634   0.0000289658  -0.0000096028  -0.0000243349   0.0000685875
       -0.0000570296  -0.0000269941   0.0000628479  -0.0000350142  -0.0001292718
       -0.0068307603  -0.0038259859   0.0023201960   0.0094449139  -0.0061112971
       -0.0007709328   0.0093584723   0.0291358838   0.0048915353   0.0012612770
        0.0013677564   0.0001984369   0.0009153982  -0.0003504315  -0.0006773350
        0.0003086953   0.0000583482  -0.0000663553  -0.0001193444   0.0005396367
       -0.0000636923   0.0000598047   0.0000617886   0.0000075830  -0.0000424002
       -0.0000014066  -0.0000890741   0.0000832276   0.0000314791  -0.0000046117
        0.0000199621  -0.0000232518   0.0000195941  -0.0000888880   0.0000280643
        0.0000134869   0.0000183441  -0.0000629812   0.0000947165  -0.0003736811
       -0.0001830769   0.0003773571  -0.0086867596  -0.0130097965  -0.0031796074
       -0.0021792918  -0.0062011614  -0.0031954623  -0.0032452751  -0.0015228527
        0.0002293255  -0.0000206684  -0.0000659766   0.0000112944   0.0000424271
       -0.0000395324  -0.0000158083  -0.0000702321   0.0000285844   0.0000029118
        0.0000615830   0.0000292873  -0.0000733610   0.0000520356   0.0000065246
       -0.0000497186   0.0000298992   0.0000317417  -0.0000069062   0.0000318481
        0.0000634533   0.0000361143  -0.0000305871   0.0000152023  -0.0000096869
        0.0020530886   0.0009977508   0.0012177732   0.0055870972  -0.0005553310
       -0.0051868281  -0.0000018401   0.0048915353   0.0136217650  -0.0041446067
        0.0018780825  -0.0019691709   0.0021628086  -0.0019560567  -0.0010646099
        0.0002168844  -0.0000725001   0.0001785603  -0.0009687971   0.0006129424
        0.0004125341   0.0003975691   0.0001109119   0.0001854984  -0.0000535726
        0.0001363536  -0.0000960834   0.0000321169   0.0000751276   0.0000998543
       -0.0000164562   0.0000200080   0.0000531665   0.0000315649  -0.0000029339
        0.0000603904  -0.0000963944  -0.0002266841   0.0000035393  -0.0036328531
       -0.0011693715  -0.0013412859  -0.0036652594  -0.0036626437  -0.0055158995
       -0.0008827490  -0.0029908008   0.0000956780   0.0030296108   0.0020573469
       -0.0008989971  -0.0000089913   0.0000201984   0.0000396553  -0.0000945604
       -0.0001176655   0.0000069131   0.0000134651   0.0000170894  -0.0000324087
        0.0000008251  -0.0000186598   0.0000331011  -0.0000033057   0.0000258107
        0.0000941576   0.0000016184   0.0000147451   0.0000487813   0.0000067379
       -0.0000119086  -0.0000089318   0.0000359990  -0.0000733467  -0.0000371525
        0.0005437756  -0.0023360361  -0.0003741653  -0.0229530866   0.0206507161
       -0.0415098793  -0.0069434807   0.0012612770  -0.0041446067   0.0278194947
       -0.0217893708   0.0462833152   0.0022348804  -0.0002334489  -0.0022818326
       -0.0001376725   0.0002099378   0.0004611609  -0.0015582339   0.0002358524
        0.0000734505  -0.0002266717   0.0002837665   0.0009247225  -0.0003032871
        0.0001265868   0.0002699036  -0.0000192281   0.0000218930   0.0001470756
        0.0001282655   0.0000798208   0.0000659563   0.0001503376   0.0001483169
        0.0000988687  -0.0002212549   0.0001359781   0.0000570564  -0.0004360209
       -0.0000767496  -0.0005021168   0.0018533735   0.0019927348   0.0008970068
        0.0001227368  -0.0003796465  -0.0002794319  -0.0003086238  -0.0002500560
        0.0000504727   0.0000239747  -0.0000250429   0.0000361287  -0.0000271036
        0.0001072447  -0.0000621503   0.0000133243  -0.0000392944  -0.0000400877
       -0.0000004060  -0.0000512758  -0.0000663807   0.0000818215  -0.0000724545
       -0.0000067996   0.0000518080   0.0000031129  -0.0000145421   0.0000463490
       -0.0000165802  -0.0000214817   0.0000649279   0.0000127178  -0.0000616432
        0.0004536294  -0.0027994305   0.0047875572   0.0195934746  -0.0260453382
        0.0445831307   0.0015207939   0.0013677564   0.0018780825  -0.0217893708
        0.0283310381  -0.0489700248   0.0005765196  -0.0002788312  -0.0018812398
       -0.0001287857   0.0003255566   0.0001457344   0.0001341519   0.0002580727
        0.0000683699   0.0000053393  -0.0002337599  -0.0002965217   0.0000932526
       -0.0002240720  -0.0003387548   0.0000349912  -0.0000481431  -0.0001122208
       -0.0000463418  -0.0001412369   0.0000212628  -0.0000420296  -0.0000337716
        0.0000730390  -0.0000546683  -0.0000464883   0.0001972398   0.0001511591
        0.0002170229   0.0001296686  -0.0003982482  -0.0014912045  -0.0001002840
       -0.0002793347   0.0003872359  -0.0001192213   0.0000222165   0.0001739790
       -0.0001211614   0.0001207584   0.0000145130  -0.0000281056   0.0000117376
       -0.0001985303  -0.0000883102   0.0000041242   0.0001433774   0.0001863707
        0.0000217463   0.0002193233   0.0000312751  -0.0000722423   0.0000065897
       -0.0000368591   0.0000359722  -0.0000001466   0.0000233623   0.0000687557
        0.0000576528   0.0000351316  -0.0000376009   0.0000388354  -0.0000675211
       -0.0024107831   0.0003051928  -0.0020183757  -0.0424410496   0.0475822680
       -0.1035530745  -0.0017423993   0.0001984369  -0.0019691709   0.0462833152
       -0.0489700248   0.1167319437   0.0011469118  -0.0000977062  -0.0100090552
       -0.0019880851  -0.0003228540   0.0013433075  -0.0012645305   0.0009537366
        0.0008157365   0.0009183687  -0.0001366459  -0.0008721423   0.0001439119
        0.0001229157  -0.0003343516  -0.0000145379   0.0001201965  -0.0000481361
       -0.0001199003   0.0000379691  -0.0000163722  -0.0000021259  -0.0000989828
        0.0000539999   0.0000025270  -0.0004808599  -0.0002262010  -0.0003362521
       -0.0000390919  -0.0001528295   0.0014367388   0.0015439289  -0.0001765827
       -0.0000839607  -0.0002748717   0.0001728370  -0.0001456696  -0.0001222946
        0.0004373041   0.0004886530  -0.0000420257  -0.0002038192  -0.0001864632
       -0.0003238741   0.0001515819   0.0001592123   0.0001214409  -0.0000001584
        0.0000187470   0.0000564796  -0.0000136498   0.0000317626  -0.0000187814
       -0.0000430886   0.0000687684  -0.0000011703  -0.0000411980   0.0000322816
        0.0000032157  -0.0000610450   0.0000045590  -0.0001165975   0.0000325403
        0.0026766333   0.0005092797   0.0008163510  -0.0091657934   0.0036199851
        0.0036357470  -0.0045689640   0.0009153982   0.0021628086   0.0022348804
        0.0005765196   0.0011469118   0.1351336817  -0.0321731821  -0.0719156142
       -0.0439753780  -0.0177549518   0.0499727795  -0.0426380144   0.0272762630
        0.0058672910  -0.0458028494   0.0078320932   0.0033954071   0.0012444380
       -0.0049012612   0.0057929943  -0.0007446204  -0.0030316612  -0.0021144423
        0.0008341999  -0.0000389454   0.0010118473  -0.0010227019   0.0008056820
       -0.0038341294   0.0040821342   0.0075116081  -0.0004930835  -0.0006186995
        0.0000365849  -0.0006532629   0.0036789215   0.0012886357  -0.0001925463
       -0.0016866722  -0.0010950646  -0.0002282877  -0.0006992364  -0.0003346317
        0.0002578243   0.0100837646  -0.0025017482  -0.0127413084  -0.0062431379
        0.0048221659   0.0122453938  -0.0022078264   0.0059942775   0.0026546333
       -0.0001915577   0.0002796973   0.0009406752  -0.0000260229  -0.0000324597
        0.0000437105  -0.0002774731   0.0002861759   0.0008003952   0.0000256474
        0.0000204850   0.0001514957  -0.0001253533   0.0000890550   0.0012764091
       -0.0013615146  -0.0074072158  -0.0017739454   0.0087989537  -0.0359759225
       -0.0343117285   0.0046826158  -0.0003504315  -0.0019560567  -0.0002334489
       -0.0002788312  -0.0000977062  -0.0321731821   0.1421523316   0.0519383437
       -0.0131539697  -0.0327715854  -0.0075485244   0.0005272656  -0.0585529484
       -0.0055744537   0.0178980562   0.0061832324   0.0096748670  -0.0008435299
        0.0032376946  -0.0035299100   0.0005852882   0.0017327912   0.0004974791
       -0.0006228803   0.0005974920  -0.0007701397   0.0021025713  -0.0009428536
        0.0025430166  -0.0040077963  -0.0044881446   0.0009947263   0.0003321282
        0.0001417255   0.0004650563  -0.0019244012  -0.0033800605  -0.0012108274
       -0.0008077212   0.0004658470   0.0002232825   0.0003835932  -0.0001438948
       -0.0002541315   0.0073433003  -0.0005592724  -0.0076806486  -0.0102627007
        0.0063188207   0.0212594783   0.0222644586  -0.0164591534  -0.0211184122
        0.0000785964  -0.0000077143  -0.0010013704   0.0001360144  -0.0000634295
       -0.0002363878   0.0000880183  -0.0000283488  -0.0002439809   0.0000698075
        0.0002267139   0.0002376765   0.0001004771   0.0003531581  -0.0005257031
       -0.0003361861  -0.0026627852  -0.0007717541   0.0094786435  -0.0349129811
       -0.0413176588   0.0047488850  -0.0006773350  -0.0010646099  -0.0022818326
       -0.0018812398  -0.0100090552  -0.0719156142   0.0519383437   0.2865840062
        0.0304637014   0.0115107413  -0.1626858798   0.0083415506  -0.0211414854
       -0.0314384709   0.0013401831   0.0071323411   0.0104685343  -0.0009829566
        0.0019573470  -0.0010910763   0.0006096968   0.0005134371  -0.0006834262
       -0.0002029259   0.0004580456  -0.0003071641   0.0014736572  -0.0008453396
        0.0011241200  -0.0020283392  -0.0023081470   0.0009759852   0.0005063008
        0.0000365667   0.0004038536  -0.0031158550  -0.0025293212  -0.0018554682
        0.0002086695   0.0006685328   0.0007571457   0.0004778071   0.0004342081
       -0.0003993815   0.0116484955  -0.0056622211  -0.0276449219   0.0099373545
       -0.0018530742  -0.0185922443   0.0021153746  -0.0004051150  -0.0022535419
       -0.0001469820   0.0000057500  -0.0001489692  -0.0000188844  -0.0000024617
        0.0001642255  -0.0001173916   0.0000607945   0.0002335075   0.0000981583
       -0.0000056768   0.0000646244  -0.0003015101   0.0001710750  -0.0005123802
       -0.0001729667  -0.0007135120  -0.0000272549  -0.0000107509   0.0027368144
        0.0036590537  -0.0001564164   0.0003086953   0.0002168844  -0.0001376725
       -0.0001287857  -0.0019880851  -0.0439753780  -0.0131539697   0.0304637014
        0.4053582837   0.1143422979   0.1505065261  -0.0977663422   0.0627246896
       -0.0779324400  -0.0060937418   0.0111149935  -0.0212255021  -0.0030383567
       -0.0016371729  -0.0025698963  -0.0010862119   0.0011821498  -0.0002757308
        0.0000936932   0.0002916331  -0.0002756362  -0.0000078016   0.0008756600
        0.0005388408   0.0002131418  -0.0006633454   0.0004357338   0.0000420764
       -0.0000750613   0.0002194648  -0.0005760822  -0.0001503824   0.0002009219
        0.0000699524   0.0000887809   0.0001552388   0.0001337918  -0.0000251657
        0.0001189046  -0.1691059647  -0.0783262491  -0.1087113691  -0.0819224667
       -0.0985520378   0.0225850401  -0.0001170618  -0.0000064930   0.0061737171
        0.0001131866  -0.0001993607  -0.0002016905  -0.0002625947  -0.0000352781
       -0.0001756906   0.0001350843  -0.0000339791  -0.0003356601   0.0000752537
        0.0000659947  -0.0000470064  -0.0018046552  -0.0000309163  -0.0015080655
        0.0001674239  -0.0000767513  -0.0005050036   0.0009685396  -0.0047816365
       -0.0076785901   0.0000811279   0.0000583482  -0.0000725001   0.0002099378
        0.0003255566  -0.0003228540  -0.0177549518  -0.0327715854   0.0115107413
        0.1143422979   0.5104017185  -0.1088820242   0.0680945639  -0.1404092226
        0.0899933249   0.0061692099   0.0020333676  -0.0043609591  -0.0012685350
        0.0006599716   0.0001222484   0.0001020044   0.0002801388   0.0002298488
       -0.0000724352  -0.0001256095  -0.0000362988  -0.0001093147   0.0001312399
       -0.0002206922  -0.0005065143  -0.0006147154  -0.0003954456  -0.0000040284
       -0.0000919373  -0.0001179864   0.0000953580   0.0004528191   0.0002203981
       -0.0000558177  -0.0001244347   0.0000735755  -0.0000147187   0.0002624514
        0.0000310731  -0.0781007463  -0.0825680364  -0.0594547137  -0.0956959121
       -0.2397545658   0.0550176063   0.0052541751  -0.0133318591   0.0256027995
       -0.0001247445   0.0001421955   0.0001788255  -0.0000342846   0.0001084872
        0.0001192760  -0.0000078431   0.0001089483   0.0000230651  -0.0000189629
       -0.0000549806  -0.0001671997  -0.0017158289  -0.0002599079  -0.0009085152
        0.0004822687   0.0016086626   0.0003662964  -0.0004658504  -0.0041160401
       -0.0082132700  -0.0008397673  -0.0000663553   0.0001785603   0.0004611609
        0.0001457344   0.0013433075   0.0499727795  -0.0075485244  -0.1626858798
        0.1505065261  -0.1088820242   0.4798445026  -0.1013716711   0.1114787056
       -0.1176198903  -0.0025067106   0.0047892642  -0.0099564486  -0.0023256692
       -0.0013057505  -0.0018570599  -0.0006624035   0.0010161035   0.0003005847
       -0.0000005040   0.0001081655  -0.0000663152  -0.0002860392   0.0004772009
        0.0001922821   0.0002354887  -0.0000024463   0.0002021016  -0.0001994623
        0.0000062966  -0.0002142330   0.0014607386   0.0005039645   0.0004398483
       -0.0004737439  -0.0001326576  -0.0002954691  -0.0001990715  -0.0000311781
        0.0002487906  -0.1162446189  -0.0611888210  -0.1264978072   0.0233045282
        0.0617990824  -0.0533625304  -0.0014113764   0.0017452174  -0.0020281190
        0.0001159144  -0.0001816350   0.0000524778  -0.0001761795  -0.0000166393
       -0.0000647563   0.0001261964  -0.0000620892  -0.0002235494   0.0000593748
        0.0000109406  -0.0000659191   0.0004380914  -0.0001551770  -0.0000175046
       -0.0013982192  -0.0019078707  -0.0005434232   0.0033087178   0.0077319657
        0.0078166379   0.0016312004  -0.0001193444  -0.0009687971  -0.0015582339
        0.0001341519  -0.0012645305  -0.0426380144   0.0005272656   0.0083415506
       -0.0977663422   0.0680945639  -0.1013716711   0.4094448749   0.0374816147
        0.1731308873  -0.1579739273  -0.0275190104  -0.0486981611  -0.0252756337
        0.0114818657  -0.0217613510   0.0042309115   0.0048316483  -0.0026029719
       -0.0017116621   0.0003648935  -0.0014275083   0.0055592127  -0.0065895222
        0.0031672725  -0.0295921794  -0.0216714426  -0.0060247411   0.0004575119
       -0.0000069859   0.0001885118  -0.0023902114  -0.0002561634   0.0005317048
        0.0008924610   0.0004953856  -0.0001407676   0.0003844089   0.0002110229
       -0.0003356056  -0.0137369772   0.0136216679  -0.0054710044   0.0101275801
       -0.0067914471   0.0016128417  -0.0605225896  -0.0807191642  -0.0046432265
        0.0000311302  -0.0007402234   0.0013599589  -0.0005942281  -0.0002133078
       -0.0003364745  -0.0003948989   0.0001540344   0.0003454217  -0.0006051621
       -0.0001923017  -0.0005303189   0.0000902702   0.0015967037  -0.0003742344
       -0.0000475903  -0.0002054259  -0.0001240011   0.0016939800  -0.0059448577
       -0.0042835086  -0.0014825173   0.0005396367   0.0006129424   0.0002358524
        0.0002580727   0.0009537366   0.0272762630  -0.0585529484  -0.0211414854
        0.0627246896  -0.1404092226   0.1114787056   0.0374816147   0.5764164124
       -0.0923245723  -0.0478033063  -0.0776552172  -0.0161468675   0.0178504073
       -0.0004631242   0.0109177501   0.0009357225  -0.0020658082   0.0041703548
        0.0005360640  -0.0012366379   0.0007648899  -0.0054937956  -0.0031678626
        0.0016733709  -0.0219816100  -0.0038763391  -0.0120424684  -0.0001257259
        0.0000871484  -0.0000934808   0.0008561296   0.0005940303  -0.0000997934
       -0.0001953174  -0.0002298443   0.0001396088  -0.0001154892   0.0001297154
        0.0001215034  -0.0073131613   0.0066860318   0.0002073808   0.0160834763
       -0.0181778593   0.0053989868  -0.0841361387  -0.2722163007   0.0099414016
        0.0025497906   0.0001836453   0.0008719034   0.0007862296   0.0000687090
        0.0006419605   0.0003522144  -0.0002695869  -0.0003939843  -0.0012550936
       -0.0004317677  -0.0006626712   0.0005873116  -0.0000605990  -0.0005816625
        0.0000593736   0.0006360903   0.0002434822   0.0027830033  -0.0078938675
       -0.0060011151  -0.0006065103  -0.0000636923   0.0004125341   0.0000734505
        0.0000683699   0.0008157365   0.0058672910  -0.0055744537  -0.0314384709
       -0.0779324400   0.0899933249  -0.1176198903   0.1731308873  -0.0923245723
        0.2913849810  -0.0628788854  -0.0117185357  -0.0838230900  -0.0215627241
        0.0019279074  -0.0116163978  -0.0041219254   0.0047216822   0.0029442401
       -0.0002392911   0.0000605448  -0.0006535523  -0.0018141257   0.0025988662
        0.0049302861   0.0000064260  -0.0040152951  -0.0003815075  -0.0000915768
        0.0000617350   0.0000726836   0.0006473796   0.0001335535   0.0003765621
       -0.0001412741  -0.0000706263  -0.0002608528  -0.0000378305  -0.0001786347
        0.0001293848  -0.0120910092   0.0114551995  -0.0066084455  -0.0025289179
        0.0072022324  -0.0033578374  -0.0001702529   0.0056730472  -0.0350114687
        0.0005311479  -0.0017605633  -0.0014960442  -0.0007319679  -0.0002273636
       -0.0006290016   0.0007566874  -0.0006298094  -0.0012482736   0.0000003436
        0.0002008280   0.0002753021   0.0010927413  -0.0002759676  -0.0014392452
        0.0001126137   0.0002960030   0.0000160599  -0.0000723606  -0.0018055832
       -0.0029491823  -0.0008077199   0.0000598047   0.0003975691  -0.0002266717
        0.0000053393   0.0009183687  -0.0458028494   0.0178980562   0.0013401831
       -0.0060937418   0.0061692099  -0.0025067106  -0.1579739273  -0.0478033063
       -0.0628788854   0.5005895349   0.0825839964   0.1611094790  -0.1100894967
        0.0795339158  -0.0748486188  -0.0259850737   0.0137884479  -0.0225721855
        0.0021838406  -0.0005970453   0.0058967321  -0.0338664487  -0.0232114380
       -0.0094124894  -0.1209156282  -0.1162429385   0.0129265893  -0.0001127812
       -0.0000438397  -0.0000865737   0.0004541494   0.0003708459   0.0000431760
       -0.0000278523  -0.0001511466  -0.0000570561  -0.0001048941  -0.0000821383
        0.0000690615   0.0003218432  -0.0002236628   0.0005216972  -0.0000505155
       -0.0004222988   0.0001854906  -0.0082972024  -0.0048028510  -0.0027562736
        0.0046653473  -0.0095335636   0.0063502472  -0.0023077823  -0.0022599525
       -0.0052014477   0.0009676044   0.0000890994   0.0004290362  -0.0022018727
       -0.0022103516  -0.0053083467   0.0056418850   0.0085953976  -0.0016259201
        0.0000623905   0.0000980102   0.0001078914   0.0009862460  -0.0000864351
       -0.0010368926  -0.0001953325   0.0000617886   0.0001109119   0.0002837665
       -0.0002337599  -0.0001366459   0.0078320932   0.0061832324   0.0071323411
        0.0111149935   0.0020333676   0.0047892642  -0.0275190104  -0.0776552172
       -0.0117185357   0.0825839964   0.5821131766  -0.1627189583   0.0289466240
       -0.2016889794   0.0901921361   0.0593701000   0.0359461847   0.0179799298
       -0.0002090639  -0.0538306802   0.0226867078  -0.0694772503   0.0060071884
       -0.0440969270  -0.0689026662  -0.2514558132   0.0601958838  -0.0000182465
        0.0000650214   0.0000116645   0.0000803499  -0.0000530407  -0.0000847081
       -0.0001618174  -0.0000218809   0.0000390974  -0.0000295793   0.0000146165
        0.0000595766   0.0013583907  -0.0012641440   0.0003443701  -0.0003748296
        0.0001139147   0.0004332800  -0.0215685672  -0.0072588890  -0.0083305906
        0.0072817052  -0.0217264585   0.0154309403  -0.0024779909   0.0020218883
        0.0014968071   0.0001667820  -0.0006614124   0.0004680121  -0.0017641701
        0.0021114942   0.0016064838  -0.0073689139  -0.0208331731   0.0050379602
        0.0002083384   0.0001840182   0.0000779710  -0.0008474300  -0.0006158955
       -0.0010689299  -0.0001766617   0.0000075830   0.0001854984   0.0009247225
       -0.0002965217  -0.0008721423   0.0033954071   0.0096748670   0.0104685343
       -0.0212255021  -0.0043609591  -0.0099564486  -0.0486981611  -0.0161468675
       -0.0838230900   0.1611094790  -0.1627189583   0.3019759417  -0.0505587011
        0.1199975803  -0.1345883353  -0.0441893911  -0.0090827965  -0.0213387944
        0.0052332367   0.0218138850  -0.0136968859   0.0120448289  -0.0157779567
        0.0152507709  -0.0095039957   0.0297416370  -0.0683127214  -0.0000825644
        0.0000013103   0.0000085264   0.0002624437   0.0000721250  -0.0001457814
       -0.0000947767  -0.0000392249   0.0000941033  -0.0000455006   0.0000053649
        0.0001033081  -0.0027336138   0.0031392590   0.0001145448   0.0007265978
       -0.0011426754  -0.0000454900  -0.0011955765   0.0009541710   0.0021768348
       -0.0013233763   0.0050679648  -0.0025985537  -0.0050090485   0.0014985560
        0.0043701536   0.0004348153   0.0004617434   0.0002549615  -0.0053127062
        0.0015664145   0.0041034647   0.0066571363   0.0159953763  -0.0027374407
       -0.0000589878   0.0000170572  -0.0000038617  -0.0000826021   0.0002319152
        0.0001382039   0.0000798492  -0.0000424002  -0.0000535726  -0.0003032871
        0.0000932526   0.0001439119   0.0012444380  -0.0008435299  -0.0009829566
       -0.0030383567  -0.0012685350  -0.0023256692  -0.0252756337   0.0178504073
       -0.0215627241  -0.1100894967   0.0289466240  -0.0505587011   0.5361400922
        0.1063324476   0.1976970389  -0.2627185060  -0.0103466598  -0.1243509063
       -0.0308420952  -0.0714054728   0.0145885814  -0.0352615398   0.0163851780
       -0.0254571000   0.0405541295   0.0258520610   0.0117987387  -0.0000176702
       -0.0000234312   0.0000440097   0.0000591292   0.0000510537   0.0000099191
        0.0000142687  -0.0000925174   0.0000681377   0.0000108959  -0.0000381699
        0.0000136846  -0.0005959251   0.0007671979  -0.0000657635   0.0000105149
       -0.0000613158  -0.0000378266   0.0000228710   0.0018380354  -0.0003112648
       -0.0991429737  -0.1054763951   0.0131621854  -0.0123367234  -0.0005746343
       -0.0074634282   0.0008784373  -0.0042559269  -0.0023289098  -0.0001242384
        0.0005087031  -0.0003992378   0.0008734101  -0.0044449448  -0.0017624892
        0.0000088210   0.0001954735   0.0000565217   0.0006507567  -0.0008582955
       -0.0013991642  -0.0004042366  -0.0000014066   0.0001363536   0.0001265868
       -0.0002240720   0.0001229157  -0.0049012612   0.0032376946   0.0019573470
       -0.0016371729   0.0006599716  -0.0013057505   0.0114818657  -0.0004631242
        0.0019279074   0.0795339158  -0.2016889794   0.1199975803   0.1063324476
        0.5782330429  -0.1555303149  -0.0711101086  -0.0954784695  -0.0204441826
       -0.0259897322   0.0052876871  -0.0177987581   0.0178144802  -0.0040273028
        0.0099087183  -0.0149839791  -0.0509766936   0.0160427080  -0.0000674058
       -0.0000590732  -0.0000403795   0.0002915120   0.0001405274  -0.0000874111
       -0.0000426395  -0.0001281714   0.0001057016  -0.0000422145  -0.0000463803
        0.0000800843  -0.0003005876   0.0003022272   0.0001099982  -0.0002940932
       -0.0004181140   0.0000286554  -0.0016184188   0.0014517348  -0.0014255540
       -0.1051327819  -0.2321483152   0.0321911657   0.0177518841   0.0026007673
        0.0098606095  -0.0041668647  -0.0032248685   0.0027376898   0.0005165310
        0.0006406828   0.0000044716  -0.0038173041  -0.0030065430   0.0027630870
       -0.0001453963  -0.0001193393   0.0000227430   0.0000040757   0.0011286334
        0.0002774884   0.0002697130  -0.0000890741  -0.0000960834   0.0002699036
       -0.0003387548  -0.0003343516   0.0057929943  -0.0035299100  -0.0010910763
       -0.0025698963   0.0001222484  -0.0018570599  -0.0217613510   0.0109177501
       -0.0116163978  -0.0748486188   0.0901921361  -0.1345883353   0.1976970389
       -0.1555303149   0.3115089805  -0.0946310857   0.0160428058  -0.1150133766
       -0.0069154612  -0.0450026965   0.0187044514  -0.0262776090   0.0089997633
       -0.0256432404   0.0305829893   0.0411002304   0.0010820800   0.0000476780
       -0.0000018333   0.0000112731  -0.0002065586  -0.0000029155  -0.0000326709
        0.0000788961  -0.0000156955  -0.0000184768   0.0000288688   0.0000316078
       -0.0000640158  -0.0003187742   0.0003109263  -0.0000914704   0.0001652072
        0.0000813535  -0.0000107789   0.0014170280   0.0001760300   0.0000891538
        0.0123629493   0.0317948460  -0.0422484275  -0.0163660755  -0.0012851960
       -0.0085033869  -0.0024069915   0.0027720000   0.0053647322  -0.0002113168
       -0.0000755063  -0.0004277238  -0.0020582072   0.0023209050   0.0045759700
        0.0001131613   0.0000094862  -0.0000109824  -0.0003247811  -0.0002064941
       -0.0001385854   0.0000449889   0.0000832276   0.0000321169  -0.0000192281
        0.0000349912  -0.0000145379  -0.0007446204   0.0005852882   0.0006096968
       -0.0010862119   0.0001020044  -0.0006624035   0.0042309115   0.0009357225
       -0.0041219254  -0.0259850737   0.0593701000  -0.0441893911  -0.2627185060
       -0.0711101086  -0.0946310857   0.5240895028   0.0810594849   0.2061113874
       -0.1349153402  -0.0695609195  -0.0192507246   0.0463407921  -0.0157233052
        0.0342822241  -0.0387455260  -0.0303313905  -0.0060232323   0.0000095325
        0.0000237856  -0.0000028973   0.0000109278  -0.0000560650  -0.0000150912
       -0.0000246557   0.0000237201   0.0000072582  -0.0000054240   0.0000224474
       -0.0000275501  -0.0002301014   0.0001907267   0.0000426146  -0.0001029669
       -0.0001881426   0.0000288448   0.0001520588  -0.0000758116   0.0002504862
       -0.0136290667  -0.0047808909  -0.0070248249  -0.0838448128   0.0717007109
       -0.0631120844  -0.0137100221  -0.0229322791   0.0016633027   0.0014721440
        0.0009222370  -0.0040690617  -0.0003776827  -0.0000985255   0.0002664463
        0.0000685954   0.0000750934   0.0000180249   0.0001248165  -0.0005219061
       -0.0003840405  -0.0001451306   0.0000314791   0.0000751276   0.0000218930
       -0.0000481431   0.0001201965  -0.0030316612   0.0017327912   0.0005134371
        0.0011821498   0.0002801388   0.0010161035   0.0048316483  -0.0020658082
        0.0047216822   0.0137884479   0.0359461847  -0.0090827965  -0.0103466598
       -0.0954784695   0.0160428058   0.0810594849   0.5802821307  -0.1679028992
       -0.1311246421  -0.2638540275   0.0208088535   0.0278892655  -0.0525630260
        0.0426480741  -0.0286255127  -0.0212650103  -0.0099006053  -0.0000358192
        0.0000510916  -0.0000047860   0.0002121905  -0.0000103961   0.0000186431
       -0.0001007915   0.0000065589  -0.0000370939  -0.0000404337  -0.0000168653
        0.0000135106   0.0002137800  -0.0001927157   0.0000359651  -0.0001165608
       -0.0000389141  -0.0000154821   0.0001423708  -0.0001730440   0.0002205327
       -0.0230089111  -0.0053104349  -0.0108392952   0.0713989327  -0.1702633710
        0.1070239714  -0.0046215568  -0.0054598776   0.0004229908   0.0006179225
       -0.0014763447   0.0049276897  -0.0003538183   0.0003328856  -0.0004606098
        0.0000519422  -0.0000975195   0.0000511086  -0.0004676754   0.0002909834
       -0.0002565247   0.0000801124  -0.0000046117   0.0000998543   0.0001470756
       -0.0001122208  -0.0000481361  -0.0021144423   0.0004974791  -0.0006834262
       -0.0002757308   0.0002298488   0.0003005847  -0.0026029719   0.0041703548
        0.0029442401  -0.0225721855   0.0179799298  -0.0213387944  -0.1243509063
       -0.0204441826  -0.1150133766   0.2061113874  -0.1679028992   0.3249291094
        0.0103141704   0.0580945018  -0.0712882880   0.0134447273   0.0162724988
        0.0020000412  -0.0062795462  -0.0103627908  -0.0040973163   0.0000187649
        0.0000136627   0.0000421233  -0.0000950313  -0.0000161749  -0.0000429137
        0.0000343402   0.0000078931  -0.0000149968   0.0000308407  -0.0000029145
        0.0000048533   0.0000391217  -0.0001043124   0.0000068275   0.0000376080
       -0.0000723530   0.0000184921   0.0001867399   0.0002795081   0.0000006876
        0.0021986958   0.0003340014   0.0023312641  -0.0629172362   0.1070939358
       -0.1251080185  -0.0070532366  -0.0107598566   0.0022522203  -0.0041258857
        0.0049706845   0.0028683170   0.0001593218  -0.0003554458   0.0000420676
        0.0000814832  -0.0000971632   0.0000353602  -0.0005261902   0.0002430760
        0.0000957468   0.0001949721   0.0000199621  -0.0000164562   0.0001282655
       -0.0000463418  -0.0001199003   0.0008341999  -0.0006228803  -0.0002029259
        0.0000936932  -0.0000724352  -0.0000005040  -0.0017116621   0.0005360640
       -0.0002392911   0.0021838406  -0.0002090639   0.0052332367  -0.0308420952
       -0.0259897322  -0.0069154612  -0.1349153402  -0.1311246421   0.0103141704
        0.5414352998   0.0989433665   0.2083820502  -0.1222714937   0.0851769971
       -0.0843021779  -0.0228880994   0.0167013319  -0.0229888881   0.0000436966
       -0.0000103379   0.0000071010  -0.0001766404  -0.0000374550  -0.0000108578
        0.0000279609   0.0000052123  -0.0000209841   0.0000314602   0.0000170985
       -0.0000294192  -0.0000011358  -0.0000690586   0.0000327304   0.0000628243
       -0.0000333240   0.0000556291   0.0002458560   0.0001252978   0.0000336970
       -0.0028097825  -0.0024476518  -0.0053953065   0.0054151732   0.0091690469
       -0.0017636797  -0.2372592882  -0.0387330161  -0.1037478482   0.0053510773
       -0.0092625293   0.0071427554  -0.0027280753  -0.0021818218  -0.0055787770
       -0.0000601902  -0.0000342620   0.0001048875  -0.0000997104   0.0002014601
       -0.0003528170  -0.0000062787  -0.0000232518   0.0000200080   0.0000798208
       -0.0001412369   0.0000379691  -0.0000389454   0.0005974920   0.0004580456
        0.0002916331  -0.0001256095   0.0001081655   0.0003648935  -0.0012366379
        0.0000605448  -0.0005970453  -0.0538306802   0.0218138850  -0.0714054728
        0.0052876871  -0.0450026965  -0.0695609195  -0.2638540275   0.0580945018
        0.0989433665   0.5636009402  -0.1487094612   0.0235193204  -0.2014556619
        0.0870838859   0.0618916773   0.0381823670   0.0200557087   0.0000050717
        0.0000420018   0.0000116438   0.0000295815   0.0000028597   0.0000035082
       -0.0000304886  -0.0000060030  -0.0000146778  -0.0000010363   0.0000030509
        0.0000159982   0.0000976622   0.0000046436   0.0000002670   0.0000770343
        0.0001995484   0.0000110357  -0.0000242900   0.0002873327   0.0000058030
       -0.0022405729   0.0018491092   0.0018041140  -0.0090577934  -0.0206098341
        0.0046730806  -0.0386551826  -0.0503148043  -0.0172413722   0.0090232800
       -0.0205100921   0.0156184953  -0.0025454152   0.0018836085   0.0013394772
        0.0000053342   0.0000208857   0.0000463023  -0.0001466614   0.0000901170
       -0.0000144403   0.0000927304   0.0000195941   0.0000531665   0.0000659563
        0.0000212628  -0.0000163722   0.0010118473  -0.0007701397  -0.0003071641
       -0.0002756362  -0.0000362988  -0.0000663152  -0.0014275083   0.0007648899
       -0.0006535523   0.0058967321   0.0226867078  -0.0136968859   0.0145885814
       -0.0177987581   0.0187044514  -0.0192507246   0.0208088535  -0.0712882880
        0.2083820502  -0.1487094612   0.3202589258  -0.0545137735   0.1239670297
       -0.1430593822  -0.0447963056  -0.0077233699  -0.0222323657   0.0000150779
       -0.0000040386   0.0000353084  -0.0001075132  -0.0000321228  -0.0000519252
        0.0000212482   0.0000079854  -0.0000028628   0.0000357329   0.0000066545
        0.0000026993  -0.0000550279  -0.0000322547   0.0000074539   0.0000272221
       -0.0000852997   0.0000608883   0.0001010542  -0.0000276481   0.0000690923
       -0.0054972303   0.0015006674   0.0039424936   0.0068449721   0.0158479361
       -0.0020928855  -0.1036690705  -0.0172054527  -0.0916221176  -0.0018173286
        0.0048353488  -0.0020168528  -0.0055317594   0.0018469117   0.0039406279
       -0.0000417373   0.0000626421   0.0000800613  -0.0008741059   0.0000912652
       -0.0002891979   0.0000516236  -0.0000888880   0.0000315649   0.0001503376
       -0.0000420296  -0.0000021259  -0.0010227019   0.0021025713   0.0014736572
       -0.0000078016  -0.0001093147  -0.0002860392   0.0055592127  -0.0054937956
       -0.0018141257  -0.0338664487  -0.0694772503   0.0120448289  -0.0352615398
        0.0178144802  -0.0262776090   0.0463407921   0.0278892655   0.0134447273
       -0.1222714937   0.0235193204  -0.0545137735   0.5247484900   0.1111805077
        0.1939464328  -0.2607073441  -0.0133847152  -0.1245923494  -0.0000157181
       -0.0000416457   0.0000136056   0.0000335306   0.0000017348  -0.0000338610
       -0.0000349588  -0.0000428160   0.0000087164  -0.0000076660  -0.0000387798
        0.0000025947   0.0000485524   0.0000055986   0.0000832973  -0.0000294207
        0.0000926996  -0.0000041315  -0.0008880519   0.0000359745  -0.0001359596
       -0.0003187909   0.0003671609   0.0000455023   0.0012407833  -0.0042128194
       -0.0021246796  -0.0119378160   0.0172778096  -0.0163354933  -0.0988460445
       -0.1070055302   0.0129700078  -0.0120416825  -0.0005034458  -0.0077356507
        0.0000691209  -0.0002907967  -0.0001508453  -0.0006642412   0.0003168021
        0.0004792997   0.0001501392   0.0000280643  -0.0000029339   0.0001483169
       -0.0000337716  -0.0000989828   0.0008056820  -0.0009428536  -0.0008453396
        0.0008756600   0.0001312399   0.0004772009  -0.0065895222  -0.0031678626
        0.0025988662  -0.0232114380   0.0060071884  -0.0157779567   0.0163851780
       -0.0040273028   0.0089997633  -0.0157233052  -0.0525630260   0.0162724988
        0.0851769971  -0.2014556619   0.1239670297   0.1111805077   0.5861661689
       -0.1566589809  -0.0741986351  -0.0959254874  -0.0227324273   0.0000499073
        0.0000052166   0.0000164396  -0.0001719301  -0.0000970055   0.0000055013
        0.0000223185   0.0000197056  -0.0000254151   0.0000426186   0.0000251244
       -0.0000152598   0.0000912955   0.0000152106  -0.0000535779  -0.0003223104
        0.0000929547  -0.0002016403  -0.0008805422  -0.0006154175  -0.0005440962
        0.0004677955   0.0005496561  -0.0001572550  -0.0040053612  -0.0033585450
        0.0028616813  -0.0011242733   0.0029587094  -0.0013142079  -0.1065295669
       -0.2365926871   0.0325435106   0.0179555885   0.0027543768   0.0103571269
        0.0001253631   0.0001017867   0.0000851853  -0.0007343986  -0.0004213676
       -0.0006768176  -0.0000632036   0.0000134869   0.0000603904   0.0000988687
        0.0000730390   0.0000539999  -0.0038341294   0.0025430166   0.0011241200
        0.0005388408  -0.0002206922   0.0001922821   0.0031672725   0.0016733709
        0.0049302861  -0.0094124894  -0.0440969270   0.0152507709  -0.0254571000
        0.0099087183  -0.0256432404   0.0342822241   0.0426480741   0.0020000412
       -0.0843021779   0.0870838859  -0.1430593822   0.1939464328  -0.1566589809
        0.3150377707  -0.0951944003   0.0137546639  -0.1145675279  -0.0000311211
       -0.0000136706  -0.0000008208   0.0001170349   0.0000344545  -0.0000861453
       -0.0000472064  -0.0000167768   0.0000805618  -0.0000110939   0.0000316385
        0.0000278946   0.0000677061  -0.0001910344   0.0001002554   0.0001990245
        0.0000708455   0.0000761685   0.0005094529   0.0002971693   0.0001551552
       -0.0001980700  -0.0002125861  -0.0002051954  -0.0021618527   0.0027596170
        0.0052300333  -0.0075474531   0.0097703266  -0.0079990448   0.0130880615
        0.0320502323  -0.0438085567  -0.0171455855  -0.0009822908  -0.0083581844
       -0.0003727843   0.0004622262  -0.0001132047   0.0010639584  -0.0001118802
        0.0003664406   0.0001673022   0.0000183441  -0.0000963944  -0.0002212549
       -0.0000546683   0.0000025270   0.0040821342  -0.0040077963  -0.0020283392
        0.0002131418  -0.0005065143   0.0002354887  -0.0295921794  -0.0219816100
        0.0000064260  -0.1209156282  -0.0689026662  -0.0095039957   0.0405541295
       -0.0149839791   0.0305829893  -0.0387455260  -0.0286255127  -0.0062795462
       -0.0228880994   0.0618916773  -0.0447963056  -0.2607073441  -0.0741986351
       -0.0951944003   0.5193153850   0.0904635275   0.2040513651   0.0000055793
        0.0000363542   0.0000259907  -0.0000031469  -0.0000022592   0.0000433687
       -0.0000176231  -0.0000087856   0.0000156529   0.0000024959   0.0000296561
       -0.0000093056  -0.0000246281  -0.0001740329   0.0000803077  -0.0008050149
       -0.0005482512  -0.0000413346  -0.0031721462  -0.0015408615  -0.0023870779
        0.0012141994   0.0012193870  -0.0040172030  -0.0003170476  -0.0005305823
        0.0001599845   0.0012467554   0.0007969285  -0.0043126047  -0.0145910032
       -0.0047077218  -0.0066997656  -0.0754916547   0.0659676559  -0.0600910637
        0.0001030150  -0.0004877839   0.0001287946  -0.0008180181   0.0016661489
        0.0008289805   0.0005090874  -0.0000629812  -0.0002266841   0.0001359781
       -0.0000464883  -0.0004808599   0.0075116081  -0.0044881446  -0.0023081470
       -0.0006633454  -0.0006147154  -0.0000024463  -0.0216714426  -0.0038763391
       -0.0040152951  -0.1162429385  -0.2514558132   0.0297416370   0.0258520610
       -0.0509766936   0.0411002304  -0.0303313905  -0.0212650103  -0.0103627908
        0.0167013319   0.0381823670  -0.0077233699  -0.0133847152  -0.0959254874
        0.0137546639   0.0904635275   0.5666789447  -0.1686325897   0.0000736173
       -0.0000528082   0.0000502851  -0.0003491288  -0.0001109514   0.0000371452
        0.0001461698   0.0000086313   0.0000104657   0.0000732462   0.0000145792
       -0.0000877071   0.0000896364  -0.0004540855  -0.0000061386   0.0016295725
        0.0001382391   0.0005149936  -0.0006535897  -0.0002734474   0.0002429437
        0.0006285192  -0.0014135222   0.0041990160  -0.0005415396   0.0001950779
       -0.0005165639   0.0006117305  -0.0012274103   0.0048392011  -0.0231686106
       -0.0058336109  -0.0107942627   0.0632956182  -0.1683186952   0.1097084983
        0.0007977689  -0.0004868400  -0.0004211623  -0.0012329157  -0.0013082166
        0.0006977115   0.0000000720   0.0000947165   0.0000035393   0.0000570564
        0.0001972398  -0.0002262010  -0.0004930835   0.0009947263   0.0009759852
        0.0004357338  -0.0003954456   0.0002021016  -0.0060247411  -0.0120424684
       -0.0003815075   0.0129265893   0.0601958838  -0.0683127214   0.0117987387
        0.0160427080   0.0010820800  -0.0060232323  -0.0099006053  -0.0040973163
       -0.0229888881   0.0200557087  -0.0222323657  -0.1245923494  -0.0227324273
       -0.1145675279   0.2040513651  -0.1686325897   0.3267620624  -0.0000011781
        0.0000496897  -0.0000152550   0.0000954235  -0.0001244965  -0.0001116717
       -0.0000909368   0.0000584219   0.0000295629  -0.0000084130   0.0000147595
       -0.0000077624   0.0000530599   0.0000607277   0.0000755364  -0.0012170112
       -0.0005995510  -0.0006440477  -0.0033044858  -0.0004865691  -0.0001083543
       -0.0037839966   0.0047036341   0.0024826751   0.0002093315  -0.0005264778
        0.0001043835  -0.0043295944   0.0048021581   0.0028773419   0.0019857252
        0.0002543203   0.0017234720  -0.0583200384   0.1097109929  -0.1258905589
       -0.0003016702  -0.0002904587   0.0000972424   0.0027092884  -0.0000398748
       -0.0002225727  -0.0058173999  -0.0003736811  -0.0036328531  -0.0004360209
        0.0001511591  -0.0003362521  -0.0006186995   0.0003321282   0.0005063008
        0.0000420764  -0.0000040284  -0.0001994623   0.0004575119  -0.0001257259
       -0.0000915768  -0.0001127812  -0.0000182465  -0.0000825644  -0.0000176702
       -0.0000674058   0.0000476780   0.0000095325  -0.0000358192   0.0000187649
        0.0000436966   0.0000050717   0.0000150779  -0.0000157181   0.0000499073
       -0.0000311211   0.0000055793   0.0000736173  -0.0000011781   0.0474961379
       -0.0346950420   0.0511257219  -0.0413045533   0.0315099089  -0.0468403682
       -0.0016189792   0.0034511223  -0.0025155547  -0.0006854392   0.0001676955
        0.0022871263   0.0000436528  -0.0000205180  -0.0000458639   0.0000542465
       -0.0000099491  -0.0000203907   0.0000207194  -0.0000366122  -0.0000031015
        0.0000154887  -0.0000229719   0.0000032048   0.0000125012  -0.0000017456
       -0.0000142054   0.0000088439   0.0000034559  -0.0000194414   0.0000053766
       -0.0000000604  -0.0000217407   0.0000042796  -0.0000019265  -0.0000228699
       -0.0002116469   0.0001534296  -0.0000677477   0.0003778695  -0.0008678992
        0.0000246527  -0.0020653637  -0.0001830769  -0.0011693715  -0.0000767496
        0.0002170229  -0.0000390919   0.0000365849   0.0001417255   0.0000365667
       -0.0000750613  -0.0000919373   0.0000062966  -0.0000069859   0.0000871484
        0.0000617350  -0.0000438397   0.0000650214   0.0000013103  -0.0000234312
       -0.0000590732  -0.0000018333   0.0000237856   0.0000510916   0.0000136627
       -0.0000103379   0.0000420018  -0.0000040386  -0.0000416457   0.0000052166
       -0.0000136706   0.0000363542  -0.0000528082   0.0000496897  -0.0346950420
        0.0368448172  -0.0438667437   0.0303524790  -0.0344541917   0.0406627718
        0.0047207084  -0.0026021985   0.0021416990   0.0018324946   0.0006368609
        0.0021703707  -0.0000385848  -0.0000899279   0.0000318948   0.0000211582
        0.0000161778   0.0000013478  -0.0001145622   0.0000020749  -0.0000204703
        0.0000247962   0.0000047347   0.0000155038   0.0000239597   0.0000522342
        0.0000183406  -0.0000073815   0.0000652000  -0.0000027609  -0.0000261664
        0.0000381836  -0.0000202703  -0.0000133916  -0.0000218283  -0.0000298436
       -0.0002912822  -0.0002643194   0.0002201674   0.0023996051  -0.0001921339
       -0.0008255270  -0.0046221877   0.0003773571  -0.0013412859  -0.0005021168
        0.0001296686  -0.0001528295  -0.0006532629   0.0004650563   0.0004038536
        0.0002194648  -0.0001179864  -0.0002142330   0.0001885118  -0.0000934808
        0.0000726836  -0.0000865737   0.0000116645   0.0000085264   0.0000440097
       -0.0000403795   0.0000112731  -0.0000028973  -0.0000047860   0.0000421233
        0.0000071010   0.0000116438   0.0000353084   0.0000136056   0.0000164396
       -0.0000008208   0.0000259907   0.0000502851  -0.0000152550   0.0511257219
       -0.0438667437   0.0714772603  -0.0460323098   0.0411597441  -0.0631427834
        0.0004358220  -0.0013260307  -0.0009506893  -0.0021966405   0.0037297618
       -0.0056260253  -0.0000912301   0.0000342919  -0.0000193904  -0.0000011451
        0.0000051119  -0.0000082161  -0.0000160498  -0.0000181226  -0.0000309955
       -0.0000082937  -0.0000218984  -0.0000135176  -0.0000121653  -0.0000099781
        0.0000430764   0.0000028869  -0.0000021344   0.0000434366   0.0000222100
       -0.0000041668   0.0000096447   0.0000312254  -0.0000288642  -0.0000257851
        0.0018402522   0.0019131671  -0.0006023267  -0.0121347750  -0.0011907968
        0.0004941855  -0.0060173030  -0.0086867596  -0.0036652594   0.0018533735
       -0.0003982482   0.0014367388   0.0036789215  -0.0019244012  -0.0031158550
       -0.0005760822   0.0000953580   0.0014607386  -0.0023902114   0.0008561296
        0.0006473796   0.0004541494   0.0000803499   0.0002624437   0.0000591292
        0.0002915120  -0.0002065586   0.0000109278   0.0002121905  -0.0000950313
       -0.0001766404   0.0000295815  -0.0001075132   0.0000335306  -0.0001719301
        0.0001170349  -0.0000031469  -0.0003491288   0.0000954235  -0.0413045533
        0.0303524790  -0.0460323098   0.1314131871  -0.0618708074  -0.0246452208
       -0.0448799302   0.0502358937   0.0235064338  -0.0314587511  -0.0100616150
        0.0498838996   0.0000285249   0.0001121089   0.0003588054  -0.0001825041
       -0.0000849807   0.0000233513  -0.0000643389   0.0002763521   0.0000594637
       -0.0000530699   0.0001198169  -0.0000120660  -0.0000068479   0.0000401606
        0.0000297107  -0.0000183426   0.0000466280   0.0000268902  -0.0000319843
        0.0000539007   0.0000401451  -0.0000735152   0.0000230393   0.0000394964
        0.0023300104   0.0011098631  -0.0005847518  -0.0115768106   0.0051116345
        0.0015183008  -0.0014796185  -0.0130097965  -0.0036626437   0.0019927348
       -0.0014912045   0.0015439289   0.0012886357  -0.0033800605  -0.0025293212
       -0.0001503824   0.0004528191   0.0005039645  -0.0002561634   0.0005940303
        0.0001335535   0.0003708459  -0.0000530407   0.0000721250   0.0000510537
        0.0001405274  -0.0000029155  -0.0000560650  -0.0000103961  -0.0000161749
       -0.0000374550   0.0000028597  -0.0000321228   0.0000017348  -0.0000970055
        0.0000344545  -0.0000022592  -0.0001109514  -0.0001244965   0.0315099089
       -0.0344541917   0.0411597441  -0.0618708074   0.1240250326  -0.0230727608
        0.0475423790  -0.0709617789  -0.0306609480  -0.0095708620  -0.0078477755
        0.0154821178   0.0000998761   0.0003131066  -0.0000176695  -0.0001132849
       -0.0000707721   0.0000063805   0.0001547142  -0.0000030892   0.0000300769
       -0.0000731862  -0.0001085726   0.0000489717  -0.0000354876  -0.0000419742
        0.0000591634  -0.0000343389  -0.0000409561   0.0000311775  -0.0000560276
       -0.0000498753   0.0000104537  -0.0000291447  -0.0000184327   0.0000693919
        0.0008182090   0.0007544570  -0.0008198920  -0.0039316873   0.0009838435
        0.0037352210  -0.0006046110  -0.0031796074  -0.0055158995   0.0008970068
       -0.0001002840  -0.0001765827  -0.0001925463  -0.0012108274  -0.0018554682
        0.0002009219   0.0002203981   0.0004398483   0.0005317048  -0.0000997934
        0.0003765621   0.0000431760  -0.0000847081  -0.0001457814   0.0000099191
       -0.0000874111  -0.0000326709  -0.0000150912   0.0000186431  -0.0000429137
       -0.0000108578   0.0000035082  -0.0000519252  -0.0000338610   0.0000055013
       -0.0000861453   0.0000433687   0.0000371452  -0.0001116717  -0.0468403682
        0.0406627718  -0.0631427834  -0.0246452208  -0.0230727608   0.1896669879
        0.0224729467  -0.0311877793  -0.0189868993   0.0510644893   0.0162951818
       -0.1030952201   0.0002178327  -0.0000392290  -0.0001111428  -0.0000109716
       -0.0000290960  -0.0000214664   0.0000712227  -0.0000449677   0.0001309388
       -0.0000010010   0.0000269460   0.0000314142  -0.0000258992   0.0000445159
       -0.0000248797  -0.0000114731   0.0000385967  -0.0000541712  -0.0000354484
        0.0000129623  -0.0000694153  -0.0000117607   0.0000319933  -0.0000360436
        0.0001937453  -0.0001698016  -0.0001142807  -0.0008940992   0.0020411757
        0.0011201523   0.0010144290  -0.0021792918  -0.0008827490   0.0001227368
       -0.0002793347  -0.0000839607  -0.0016866722  -0.0008077212   0.0002086695
        0.0000699524  -0.0000558177  -0.0004737439   0.0008924610  -0.0001953174
       -0.0001412741  -0.0000278523  -0.0001618174  -0.0000947767   0.0000142687
       -0.0000426395   0.0000788961  -0.0000246557  -0.0001007915   0.0000343402
        0.0000279609  -0.0000304886   0.0000212482  -0.0000349588   0.0000223185
       -0.0000472064  -0.0000176231   0.0001461698  -0.0000909368  -0.0016189792
        0.0047207084   0.0004358220  -0.0448799302   0.0475423790   0.0224729467
        0.0471908897  -0.0536093548  -0.0244770266  -0.0008226242   0.0032977626
        0.0024444181   0.0000290744   0.0002434632  -0.0003458936  -0.0000011678
       -0.0000242489  -0.0000211583   0.0004930180  -0.0001291209  -0.0000538380
        0.0000320012  -0.0000997282   0.0000545140  -0.0000479691  -0.0000263392
       -0.0000132655  -0.0000265464  -0.0000533461  -0.0000143493  -0.0000177428
       -0.0000550003  -0.0000184553   0.0000202837   0.0000061826   0.0000019079
       -0.0005102030  -0.0002144431   0.0000835286   0.0031967256  -0.0011611385
       -0.0002158588  -0.0024407682  -0.0062011614  -0.0029908008  -0.0003796465
        0.0003872359  -0.0002748717  -0.0010950646   0.0004658470   0.0006685328
        0.0000887809  -0.0001244347  -0.0001326576   0.0004953856  -0.0002298443
       -0.0000706263  -0.0001511466  -0.0000218809  -0.0000392249  -0.0000925174
       -0.0001281714  -0.0000156955   0.0000237201   0.0000065589   0.0000078931
        0.0000052123  -0.0000060030   0.0000079854  -0.0000428160   0.0000197056
       -0.0000167768  -0.0000087856   0.0000086313   0.0000584219   0.0034511223
       -0.0026021985  -0.0013260307   0.0502358937  -0.0709617789  -0.0311877793
       -0.0536093548   0.0820260959   0.0345996291   0.0005920996  -0.0011891031
        0.0012132778   0.0001622161   0.0000245602  -0.0001983998  -0.0000444931
       -0.0000472203  -0.0000544044   0.0000495634  -0.0001425593   0.0000000250
        0.0000644336   0.0000073345  -0.0000065121   0.0000071229   0.0000281367
       -0.0000296043  -0.0000031943   0.0000243719  -0.0000145757  -0.0000034316
        0.0000125070  -0.0000096335   0.0000091459   0.0000189526  -0.0000558416
       -0.0002615587  -0.0002069361   0.0003121205   0.0016679555  -0.0001187028
       -0.0013644555  -0.0010661140  -0.0031954623   0.0000956780  -0.0002794319
       -0.0001192213   0.0001728370  -0.0002282877   0.0002232825   0.0007571457
        0.0001552388   0.0000735755  -0.0002954691  -0.0001407676   0.0001396088
       -0.0002608528  -0.0000570561   0.0000390974   0.0000941033   0.0000681377
        0.0001057016  -0.0000184768   0.0000072582  -0.0000370939  -0.0000149968
       -0.0000209841  -0.0000146778  -0.0000028628   0.0000087164  -0.0000254151
        0.0000805618   0.0000156529   0.0000104657   0.0000295629  -0.0025155547
        0.0021416990  -0.0009506893   0.0235064338  -0.0306609480  -0.0189868993
       -0.0244770266   0.0345996291   0.0229862106   0.0038855645  -0.0027155769
       -0.0025808217  -0.0002920302  -0.0002274484   0.0001441034   0.0000336099
        0.0000201459   0.0000947940  -0.0000829095   0.0000667056  -0.0002553792
        0.0000443747  -0.0000194925  -0.0001229021   0.0000070744  -0.0000548744
       -0.0000446470  -0.0000035420  -0.0000453413   0.0000365060   0.0000174879
        0.0000081696   0.0000823964   0.0000077586   0.0000131100   0.0000124326
       -0.0004867381  -0.0004353733   0.0001386177   0.0026288624  -0.0000071855
       -0.0002367979  -0.0055201306  -0.0032452751   0.0030296108  -0.0003086238
        0.0000222165  -0.0001456696  -0.0006992364   0.0003835932   0.0004778071
        0.0001337918  -0.0000147187  -0.0001990715   0.0003844089  -0.0001154892
       -0.0000378305  -0.0001048941  -0.0000295793  -0.0000455006   0.0000108959
       -0.0000422145   0.0000288688  -0.0000054240  -0.0000404337   0.0000308407
        0.0000314602  -0.0000010363   0.0000357329  -0.0000076660   0.0000426186
       -0.0000110939   0.0000024959   0.0000732462  -0.0000084130  -0.0006854392
        0.0018324946  -0.0021966405  -0.0314587511  -0.0095708620   0.0510644893
       -0.0008226242   0.0005920996   0.0038855645   0.0368365722   0.0106360107
       -0.0557308265  -0.0000222946   0.0000001713  -0.0000487494   0.0000312439
        0.0000033503  -0.0000188015   0.0000293100  -0.0000346398  -0.0000146791
        0.0000120288  -0.0000234561  -0.0000119112  -0.0000049147  -0.0000086788
        0.0000034931  -0.0000046678  -0.0000073164   0.0000157696   0.0000103154
       -0.0000067357   0.0000103023   0.0000200192  -0.0000028065  -0.0000151115
       -0.0004791669  -0.0002840969   0.0001609697   0.0020154442  -0.0004788866
       -0.0003562609  -0.0050206072  -0.0015228527   0.0020573469  -0.0002500560
        0.0001739790  -0.0001222946  -0.0003346317  -0.0001438948   0.0004342081
       -0.0000251657   0.0002624514  -0.0000311781   0.0002110229   0.0001297154
       -0.0001786347  -0.0000821383   0.0000146165   0.0000053649  -0.0000381699
       -0.0000463803   0.0000316078   0.0000224474  -0.0000168653  -0.0000029145
        0.0000170985   0.0000030509   0.0000066545  -0.0000387798   0.0000251244
        0.0000316385   0.0000296561   0.0000145792   0.0000147595   0.0001676955
        0.0006368609   0.0037297618  -0.0100616150  -0.0078477755   0.0162951818
        0.0032977626  -0.0011891031  -0.0027155769   0.0106360107   0.0102964564
       -0.0193302755  -0.0000317685  -0.0000903283   0.0000053808   0.0000366343
        0.0000176640  -0.0000203009  -0.0001042391  -0.0000246611   0.0000460151
        0.0000226171  -0.0000035906  -0.0000420042   0.0000207272  -0.0000022608
       -0.0000350460  -0.0000000919   0.0000197614   0.0000019671  -0.0000123754
        0.0000335531   0.0000326653   0.0000016888   0.0000228834  -0.0000190355
        0.0002566517   0.0002710579   0.0000530072  -0.0015744611   0.0001075993
       -0.0007331341   0.0024950954   0.0002293255  -0.0008989971   0.0000504727
       -0.0001211614   0.0004373041   0.0002578243  -0.0002541315  -0.0003993815
        0.0001189046   0.0000310731   0.0002487906  -0.0003356056   0.0001215034
        0.0001293848   0.0000690615   0.0000595766   0.0001033081   0.0000136846
        0.0000800843  -0.0000640158  -0.0000275501   0.0000135106   0.0000048533
       -0.0000294192   0.0000159982   0.0000026993   0.0000025947  -0.0000152598
        0.0000278946  -0.0000093056  -0.0000877071  -0.0000077624   0.0022871263
        0.0021703707  -0.0056260253   0.0498838996   0.0154821178  -0.1030952201
        0.0024444181   0.0012132778  -0.0025808217  -0.0557308265  -0.0193302755
        0.1122892203  -0.0000526004  -0.0000111759   0.0000520741  -0.0000498269
       -0.0000049298  -0.0000076135  -0.0000484507   0.0000173518  -0.0000010982
       -0.0000095534   0.0000046123  -0.0000317644  -0.0000178082  -0.0000052837
        0.0000240156  -0.0000210418  -0.0000009402   0.0000405942   0.0000027864
        0.0000008813   0.0000373970   0.0000239298   0.0000125244  -0.0000047091
        0.0000027875   0.0002165336   0.0000893735   0.0005298370  -0.0006403417
       -0.0001924964  -0.0000530132  -0.0000206684  -0.0000089913   0.0000239747
        0.0001207584   0.0004886530   0.0100837646   0.0073433003   0.0116484955
       -0.1691059647  -0.0781007463  -0.1162446189  -0.0137369772  -0.0073131613
       -0.0120910092   0.0003218432   0.0013583907  -0.0027336138  -0.0005959251
       -0.0003005876  -0.0003187742  -0.0002301014   0.0002137800   0.0000391217
       -0.0000011358   0.0000976622  -0.0000550279   0.0000485524   0.0000912955
        0.0000677061  -0.0000246281   0.0000896364   0.0000530599   0.0000436528
       -0.0000385848  -0.0000912301   0.0000285249   0.0000998761   0.0002178327
        0.0000290744   0.0001622161  -0.0002920302  -0.0000222946  -0.0000317685
       -0.0000526004   0.1792194105   0.0821721723   0.1247016854  -0.0070430064
       -0.0052109066  -0.0065052729   0.0003481442  -0.0004319685   0.0013160702
       -0.0000004412  -0.0000577090  -0.0000292899  -0.0000555172  -0.0000147706
       -0.0000020443   0.0000117192   0.0000041739  -0.0000012368   0.0000132249
        0.0000335729   0.0000158157   0.0001644944   0.0001578449  -0.0000195773
        0.0000318889   0.0000743885   0.0000879674   0.0001089738  -0.0004409637
       -0.0004996756  -0.0001370179  -0.0000659766   0.0000201984  -0.0000250429
        0.0000145130  -0.0000420257  -0.0025017482  -0.0005592724  -0.0056622211
       -0.0783262491  -0.0825680364  -0.0611888210   0.0136216679   0.0066860318
        0.0114551995  -0.0002236628  -0.0012641440   0.0031392590   0.0007671979
        0.0003022272   0.0003109263   0.0001907267  -0.0001927157  -0.0001043124
       -0.0000690586   0.0000046436  -0.0000322547   0.0000055986   0.0000152106
       -0.0001910344  -0.0001740329  -0.0004540855   0.0000607277  -0.0000205180
       -0.0000899279   0.0000342919   0.0001121089   0.0003131066  -0.0000392290
        0.0002434632   0.0000245602  -0.0002274484   0.0000001713  -0.0000903283
       -0.0000111759   0.0821721723   0.0865741866   0.0656259754  -0.0169332328
       -0.0091903012  -0.0125930182   0.0011180362   0.0005101546  -0.0001099075
       -0.0000378189   0.0000847368  -0.0000344259   0.0000634574  -0.0000020638
        0.0000086122  -0.0000321509   0.0000180570   0.0000145801   0.0000161172
        0.0000144178   0.0000041023   0.0000289527   0.0002815811  -0.0000262905
       -0.0000001104   0.0000658351   0.0001010494  -0.0004103874  -0.0003607300
       -0.0013843139  -0.0000233149   0.0000112944   0.0000396553   0.0000361287
       -0.0000281056  -0.0002038192  -0.0127413084  -0.0076806486  -0.0276449219
       -0.1087113691  -0.0594547137  -0.1264978072  -0.0054710044   0.0002073808
       -0.0066084455   0.0005216972   0.0003443701   0.0001145448  -0.0000657635
        0.0001099982  -0.0000914704   0.0000426146   0.0000359651   0.0000068275
        0.0000327304   0.0000002670   0.0000074539   0.0000832973  -0.0000535779
        0.0001002554   0.0000803077  -0.0000061386   0.0000755364  -0.0000458639
        0.0000318948  -0.0000193904   0.0003588054  -0.0000176695  -0.0001111428
       -0.0003458936  -0.0001983998   0.0001441034  -0.0000487494   0.0000053808
        0.0000520741   0.1247016854   0.0656259754   0.1563134059   0.0026041630
        0.0014712610   0.0056531608  -0.0005167494   0.0000663463  -0.0000314761
        0.0000042867  -0.0000428464  -0.0000015330   0.0000148368  -0.0000105350
        0.0000119136   0.0000068961  -0.0000075571   0.0000058026   0.0000178186
        0.0000017022   0.0000084579  -0.0001247532  -0.0001167491  -0.0000399204
       -0.0002163098   0.0001304711  -0.0001434703  -0.0000677139  -0.0006134219
        0.0010554637   0.0000447214   0.0000424271  -0.0000945604  -0.0000271036
        0.0000117376  -0.0001864632  -0.0062431379  -0.0102627007   0.0099373545
       -0.0819224667  -0.0956959121   0.0233045282   0.0101275801   0.0160834763
       -0.0025289179  -0.0000505155  -0.0003748296   0.0007265978   0.0000105149
       -0.0002940932   0.0001652072  -0.0001029669  -0.0001165608   0.0000376080
        0.0000628243   0.0000770343   0.0000272221  -0.0000294207  -0.0003223104
        0.0001990245  -0.0008050149   0.0016295725  -0.0012170112   0.0000542465
        0.0000211582  -0.0000011451  -0.0001825041  -0.0001132849  -0.0000109716
       -0.0000011678  -0.0000444931   0.0000336099   0.0000312439   0.0000366343
       -0.0000498269  -0.0070430064  -0.0169332328   0.0026041630   0.0883545820
        0.1071852324  -0.0294290689  -0.0003554038   0.0012494309  -0.0036257915
        0.0000395450  -0.0001229436   0.0001064463   0.0000055329  -0.0000268365
        0.0000162659   0.0000482808  -0.0000678179   0.0000393717  -0.0000356867
       -0.0000441937  -0.0000105801  -0.0016966531  -0.0014345437  -0.0009550557
       -0.0000234417   0.0001894604   0.0002904518  -0.0001386486   0.0009983906
        0.0008648143  -0.0000113319  -0.0000395324  -0.0001176655   0.0001072447
       -0.0001985303  -0.0003238741   0.0048221659   0.0063188207  -0.0018530742
       -0.0985520378  -0.2397545658   0.0617990824  -0.0067914471  -0.0181778593
        0.0072022324  -0.0004222988   0.0001139147  -0.0011426754  -0.0000613158
       -0.0004181140   0.0000813535  -0.0001881426  -0.0000389141  -0.0000723530
       -0.0000333240   0.0001995484  -0.0000852997   0.0000926996   0.0000929547
        0.0000708455  -0.0005482512   0.0001382391  -0.0005995510  -0.0000099491
        0.0000161778   0.0000051119  -0.0000849807  -0.0000707721  -0.0000290960
       -0.0000242489  -0.0000472203   0.0000201459   0.0000033503   0.0000176640
       -0.0000049298  -0.0052109066  -0.0091903012   0.0014712610   0.1071852324
        0.2591980842  -0.0701926497   0.0002915536  -0.0002644931   0.0030538488
       -0.0000217022   0.0001203168  -0.0000721906  -0.0000462643   0.0000028611
       -0.0000395439  -0.0000129067  -0.0000025101  -0.0000380526  -0.0000741051
       -0.0000149598  -0.0000356984  -0.0002469437   0.0008113399  -0.0002524939
       -0.0001717889  -0.0000452678   0.0001558297   0.0008867024   0.0016688008
       -0.0010726199  -0.0000257521  -0.0000158083   0.0000069131  -0.0000621503
       -0.0000883102   0.0001515819   0.0122453938   0.0212594783  -0.0185922443
        0.0225850401   0.0550176063  -0.0533625304   0.0016128417   0.0053989868
       -0.0033578374   0.0001854906   0.0004332800  -0.0000454900  -0.0000378266
        0.0000286554  -0.0000107789   0.0000288448  -0.0000154821   0.0000184921
        0.0000556291   0.0000110357   0.0000608883  -0.0000041315  -0.0002016403
        0.0000761685  -0.0000413346   0.0005149936  -0.0006440477  -0.0000203907
        0.0000013478  -0.0000082161   0.0000233513   0.0000063805  -0.0000214664
       -0.0000211583  -0.0000544044   0.0000947940  -0.0000188015  -0.0000203009
       -0.0000076135  -0.0065052729  -0.0125930182   0.0056531608  -0.0294290689
       -0.0701926497   0.0708609648   0.0001189947  -0.0000641488  -0.0003417082
        0.0000238130  -0.0000868116   0.0000271462   0.0000226647  -0.0000109296
        0.0000015214   0.0000170284  -0.0000355080   0.0000233679   0.0000296041
       -0.0000168832   0.0000383477  -0.0014977225  -0.0008994022   0.0002953764
        0.0000658350   0.0003363735   0.0001532932  -0.0000152400   0.0003866397
       -0.0006130769  -0.0000393635  -0.0000702321   0.0000134651   0.0000133243
        0.0000041242   0.0001592123  -0.0022078264   0.0222644586   0.0021153746
       -0.0001170618   0.0052541751  -0.0014113764  -0.0605225896  -0.0841361387
       -0.0001702529  -0.0082972024  -0.0215685672  -0.0011955765   0.0000228710
       -0.0016184188   0.0014170280   0.0001520588   0.0001423708   0.0001867399
        0.0002458560  -0.0000242900   0.0001010542  -0.0008880519  -0.0008805422
        0.0005094529  -0.0031721462  -0.0006535897  -0.0033044858   0.0000207194
       -0.0001145622  -0.0000160498  -0.0000643389   0.0001547142   0.0000712227
        0.0004930180   0.0000495634  -0.0000829095   0.0000293100  -0.0001042391
       -0.0000484507   0.0003481442   0.0011180362  -0.0005167494  -0.0003554038
        0.0002915536   0.0001189947   0.0747270810   0.0777682063   0.0036831691
       -0.0003224923   0.0008585897  -0.0009867783   0.0000769255   0.0000445792
        0.0000480807   0.0000947618   0.0000766900  -0.0000462131  -0.0003594851
        0.0000506375  -0.0000918345   0.0000712971   0.0003698681  -0.0000933337
       -0.0000417810   0.0000264010  -0.0000725458   0.0004266163  -0.0012302208
       -0.0003968597  -0.0001933874   0.0000285844   0.0000170894  -0.0000392944
        0.0001433774   0.0001214409   0.0059942775  -0.0164591534  -0.0004051150
       -0.0000064930  -0.0133318591   0.0017452174  -0.0807191642  -0.2722163007
        0.0056730472  -0.0048028510  -0.0072588890   0.0009541710   0.0018380354
        0.0014517348   0.0001760300  -0.0000758116  -0.0001730440   0.0002795081
        0.0001252978   0.0002873327  -0.0000276481   0.0000359745  -0.0006154175
        0.0002971693  -0.0015408615  -0.0002734474  -0.0004865691  -0.0000366122
        0.0000020749  -0.0000181226   0.0002763521  -0.0000030892  -0.0000449677
       -0.0001291209  -0.0001425593   0.0000667056  -0.0000346398  -0.0000246611
        0.0000173518  -0.0004319685   0.0005101546   0.0000663463   0.0012494309
       -0.0002644931  -0.0000641488   0.0777682063   0.3091473285  -0.0078012957
        0.0001539378   0.0002055740   0.0000021761   0.0001456556   0.0000302137
        0.0000751747   0.0000224210   0.0000018495  -0.0000237467  -0.0000557019
        0.0000035239  -0.0000770839   0.0000714825   0.0001549851  -0.0000733249
       -0.0000850056  -0.0002566020  -0.0001172868   0.0005774949  -0.0004589197
        0.0001250850  -0.0000794418   0.0000029118  -0.0000324087  -0.0000400877
        0.0001863707  -0.0000001584   0.0026546333  -0.0211184122  -0.0022535419
        0.0061737171   0.0256027995  -0.0020281190  -0.0046432265   0.0099414016
       -0.0350114687  -0.0027562736  -0.0083305906   0.0021768348  -0.0003112648
       -0.0014255540   0.0000891538   0.0002504862   0.0002205327   0.0000006876
        0.0000336970   0.0000058030   0.0000690923  -0.0001359596  -0.0005440962
        0.0001551552  -0.0023870779   0.0002429437  -0.0001083543  -0.0000031015
       -0.0000204703  -0.0000309955   0.0000594637   0.0000300769   0.0001309388
       -0.0000538380   0.0000000250  -0.0002553792  -0.0000146791   0.0000460151
       -0.0000010982   0.0013160702  -0.0001099075  -0.0000314761  -0.0036257915
        0.0030538488  -0.0003417082   0.0036831691  -0.0078012957   0.0380382267
       -0.0005886085   0.0006869567  -0.0003294416   0.0000076606   0.0000273887
        0.0000444029   0.0000098131   0.0000707338   0.0000360746  -0.0000829960
       -0.0000531800  -0.0001841440   0.0000411469   0.0000012201  -0.0001400711
        0.0000188896   0.0000024673   0.0000089139  -0.0000514751  -0.0000239211
       -0.0000119330   0.0001218758   0.0000615830   0.0000008251  -0.0000004060
        0.0000217463   0.0000187470  -0.0001915577   0.0000785964  -0.0001469820
        0.0001131866  -0.0001247445   0.0001159144   0.0000311302   0.0025497906
        0.0005311479   0.0046653473   0.0072817052  -0.0013233763  -0.0991429737
       -0.1051327819   0.0123629493  -0.0136290667  -0.0230089111   0.0021986958
       -0.0028097825  -0.0022405729  -0.0054972303  -0.0003187909   0.0004677955
       -0.0001980700   0.0012141994   0.0006285192  -0.0037839966   0.0000154887
        0.0000247962  -0.0000082937  -0.0000530699  -0.0000731862  -0.0000010010
        0.0000320012   0.0000644336   0.0000443747   0.0000120288   0.0000226171
       -0.0000095534  -0.0000004412  -0.0000378189   0.0000042867   0.0000395450
       -0.0000217022   0.0000238130  -0.0003224923   0.0001539378  -0.0005886085
        0.1111589124   0.1196771421  -0.0057819949  -0.0001185013  -0.0000571999
        0.0015056442  -0.0006552927  -0.0011503720   0.0002455803  -0.0003516648
        0.0003437086   0.0006322258   0.0002229096   0.0004923717  -0.0003420784
        0.0000558479   0.0000433966  -0.0000687298   0.0000385407  -0.0004918885
        0.0001694216   0.0000249070   0.0000292873  -0.0000186598  -0.0000512758
        0.0002193233   0.0000564796   0.0002796973  -0.0000077143   0.0000057500
       -0.0001993607   0.0001421955  -0.0001816350  -0.0007402234   0.0001836453
       -0.0017605633  -0.0095335636  -0.0217264585   0.0050679648  -0.1054763951
       -0.2321483152   0.0317948460  -0.0047808909  -0.0053104349   0.0003340014
       -0.0024476518   0.0018491092   0.0015006674   0.0003671609   0.0005496561
       -0.0002125861   0.0012193870  -0.0014135222   0.0047036341  -0.0000229719
        0.0000047347  -0.0000218984   0.0001198169  -0.0001085726   0.0000269460
       -0.0000997282   0.0000073345  -0.0000194925  -0.0000234561  -0.0000035906
        0.0000046123  -0.0000577090   0.0000847368  -0.0000428464  -0.0001229436
        0.0001203168  -0.0000868116   0.0008585897   0.0002055740   0.0006869567
        0.1196771421   0.2585520966  -0.0410161802   0.0012146461   0.0004567179
       -0.0006758288   0.0000190648  -0.0002861720   0.0000272357   0.0003638462
       -0.0000992734  -0.0005314836  -0.0006824766  -0.0008521824   0.0002581997
       -0.0000198266  -0.0000597686   0.0000250819   0.0001249579   0.0003043267
        0.0001227771  -0.0000359929  -0.0000733610   0.0000331011  -0.0000663807
        0.0000312751  -0.0000136498   0.0009406752  -0.0010013704  -0.0001489692
       -0.0002016905   0.0001788255   0.0000524778   0.0013599589   0.0008719034
       -0.0014960442   0.0063502472   0.0154309403  -0.0025985537   0.0131621854
        0.0321911657  -0.0422484275  -0.0070248249  -0.0108392952   0.0023312641
       -0.0053953065   0.0018041140   0.0039424936   0.0000455023  -0.0001572550
       -0.0002051954  -0.0040172030   0.0041990160   0.0024826751   0.0000032048
        0.0000155038  -0.0000135176  -0.0000120660   0.0000489717   0.0000314142
        0.0000545140  -0.0000065121  -0.0001229021  -0.0000119112  -0.0000420042
       -0.0000317644  -0.0000292899  -0.0000344259  -0.0000015330   0.0001064463
       -0.0000721906   0.0000271462  -0.0009867783   0.0000021761  -0.0003294416
       -0.0057819949  -0.0410161802   0.0405191592   0.0008674515  -0.0014501502
       -0.0013675367  -0.0002498094  -0.0006791799  -0.0001276370   0.0006414707
       -0.0005440107  -0.0009982254   0.0001764604   0.0008974856   0.0001358073
        0.0000025362   0.0000308510   0.0000459279   0.0000204122  -0.0001260073
       -0.0002142665   0.0000576237   0.0000520356  -0.0000033057   0.0000818215
       -0.0000722423   0.0000317626  -0.0000260229   0.0001360144  -0.0000188844
       -0.0002625947  -0.0000342846  -0.0001761795  -0.0005942281   0.0007862296
       -0.0007319679  -0.0023077823  -0.0024779909  -0.0050090485  -0.0123367234
        0.0177518841  -0.0163660755  -0.0838448128   0.0713989327  -0.0629172362
        0.0054151732  -0.0090577934   0.0068449721   0.0012407833  -0.0040053612
       -0.0021618527  -0.0003170476  -0.0005415396   0.0002093315   0.0000125012
        0.0000239597  -0.0000121653  -0.0000068479  -0.0000354876  -0.0000258992
       -0.0000479691   0.0000071229   0.0000070744  -0.0000049147   0.0000207272
       -0.0000178082  -0.0000555172   0.0000634574   0.0000148368   0.0000055329
       -0.0000462643   0.0000226647   0.0000769255   0.0001456556   0.0000076606
       -0.0001185013   0.0012146461   0.0008674515   0.0931673627  -0.0748597970
        0.0768206126   0.0000518173  -0.0001939567   0.0016074470   0.0001659018
       -0.0004922952   0.0004704032  -0.0003754295   0.0003115038   0.0007045447
        0.0000486022  -0.0000367290   0.0000026106  -0.0000781009   0.0000504007
        0.0000616727   0.0000112310   0.0000065246   0.0000258107  -0.0000724545
        0.0000065897  -0.0000187814  -0.0000324597  -0.0000634295  -0.0000024617
       -0.0000352781   0.0001084872  -0.0000166393  -0.0002133078   0.0000687090
       -0.0002273636  -0.0022599525   0.0020218883   0.0014985560  -0.0005746343
        0.0026007673  -0.0012851960   0.0717007109  -0.1702633710   0.1070939358
        0.0091690469  -0.0206098341   0.0158479361  -0.0042128194  -0.0033585450
        0.0027596170  -0.0005305823   0.0001950779  -0.0005264778  -0.0000017456
        0.0000522342  -0.0000099781   0.0000401606  -0.0000419742   0.0000445159
       -0.0000263392   0.0000281367  -0.0000548744  -0.0000086788  -0.0000022608
       -0.0000052837  -0.0000147706  -0.0000020638  -0.0000105350  -0.0000268365
        0.0000028611  -0.0000109296   0.0000445792   0.0000302137   0.0000273887
       -0.0000571999   0.0004567179  -0.0014501502  -0.0748597970   0.1896553666
       -0.1233596252   0.0010967599   0.0001598727  -0.0005511043   0.0005928649
       -0.0009383016   0.0007419656   0.0003010014  -0.0001273385  -0.0005746086
        0.0000140337  -0.0000542098   0.0000534376  -0.0000360303   0.0001262981
       -0.0001200414  -0.0000459634  -0.0000497186   0.0000941576  -0.0000067996
       -0.0000368591  -0.0000430886   0.0000437105  -0.0002363878   0.0001642255
       -0.0001756906   0.0001192760  -0.0000647563  -0.0003364745   0.0006419605
       -0.0006290016  -0.0052014477   0.0014968071   0.0043701536  -0.0074634282
        0.0098606095  -0.0085033869  -0.0631120844   0.1070239714  -0.1251080185
       -0.0017636797   0.0046730806  -0.0020928855  -0.0021246796   0.0028616813
        0.0052300333   0.0001599845  -0.0005165639   0.0001043835  -0.0000142054
        0.0000183406   0.0000430764   0.0000297107   0.0000591634  -0.0000248797
       -0.0000132655  -0.0000296043  -0.0000446470   0.0000034931  -0.0000350460
        0.0000240156  -0.0000020443   0.0000086122   0.0000119136   0.0000162659
       -0.0000395439   0.0000015214   0.0000480807   0.0000751747   0.0000444029
        0.0015056442  -0.0006758288  -0.0013675367   0.0768206126  -0.1233596252
        0.1303031471   0.0009802168  -0.0013614847  -0.0012012817  -0.0000440737
        0.0000197641  -0.0002307808   0.0007181142  -0.0005898674  -0.0010141637
       -0.0000214851   0.0000305094   0.0000533512   0.0000635408  -0.0001050296
       -0.0001706330   0.0000289658   0.0000298992   0.0000016184   0.0000518080
        0.0000359722   0.0000687684  -0.0002774731   0.0000880183  -0.0001173916
        0.0001350843  -0.0000078431   0.0001261964  -0.0003948989   0.0003522144
        0.0007566874   0.0009676044   0.0001667820   0.0004348153   0.0008784373
       -0.0041668647  -0.0024069915  -0.0137100221  -0.0046215568  -0.0070532366
       -0.2372592882  -0.0386551826  -0.1036690705  -0.0119378160  -0.0011242733
       -0.0075474531   0.0012467554   0.0006117305  -0.0043295944   0.0000088439
       -0.0000073815   0.0000028869  -0.0000183426  -0.0000343389  -0.0000114731
       -0.0000265464  -0.0000031943  -0.0000035420  -0.0000046678  -0.0000000919
       -0.0000210418   0.0000117192  -0.0000321509   0.0000068961   0.0000482808
       -0.0000129067   0.0000170284   0.0000947618   0.0000224210   0.0000098131
       -0.0006552927   0.0000190648  -0.0002498094   0.0000518173   0.0010967599
        0.0009802168   0.2612525808   0.0463694803   0.1217985676   0.0000687372
        0.0000561100   0.0014746766  -0.0006031039  -0.0001081476  -0.0001512856
        0.0000485657  -0.0000193271  -0.0000117678  -0.0000621370  -0.0000424024
        0.0000613523  -0.0000096028   0.0000317417   0.0000147451   0.0000031129
       -0.0000001466  -0.0000011703   0.0002861759  -0.0000283488   0.0000607945
       -0.0000339791   0.0001089483  -0.0000620892   0.0001540344  -0.0002695869
       -0.0006298094   0.0000890994  -0.0006614124   0.0004617434  -0.0042559269
       -0.0032248685   0.0027720000  -0.0229322791  -0.0054598776  -0.0107598566
       -0.0387330161  -0.0503148043  -0.0172054527   0.0172778096   0.0029587094
        0.0097703266   0.0007969285  -0.0012274103   0.0048021581   0.0000034559
        0.0000652000  -0.0000021344   0.0000466280  -0.0000409561   0.0000385967
       -0.0000533461   0.0000243719  -0.0000453413  -0.0000073164   0.0000197614
       -0.0000009402   0.0000041739   0.0000180570  -0.0000075571  -0.0000678179
       -0.0000025101  -0.0000355080   0.0000766900   0.0000018495   0.0000707338
       -0.0011503720  -0.0002861720  -0.0006791799  -0.0001939567   0.0001598727
       -0.0013614847   0.0463694803   0.0578869138   0.0127142437   0.0013473606
        0.0002573302  -0.0004349395   0.0009962348   0.0000450674   0.0004705367
       -0.0000005610   0.0000319898   0.0000220177   0.0000326799  -0.0000185259
       -0.0000236263  -0.0000243349  -0.0000069062   0.0000487813  -0.0000145421
        0.0000233623  -0.0000411980   0.0008003952  -0.0002439809   0.0002335075
       -0.0003356601   0.0000230651  -0.0002235494   0.0003454217  -0.0003939843
       -0.0012482736   0.0004290362   0.0004680121   0.0002549615  -0.0023289098
        0.0027376898   0.0053647322   0.0016633027   0.0004229908   0.0022522203
       -0.1037478482  -0.0172413722  -0.0916221176  -0.0163354933  -0.0013142079
       -0.0079990448  -0.0043126047   0.0048392011   0.0028773419  -0.0000194414
       -0.0000027609   0.0000434366   0.0000268902   0.0000311775  -0.0000541712
       -0.0000143493  -0.0000145757   0.0000365060   0.0000157696   0.0000019671
        0.0000405942  -0.0000012368   0.0000145801   0.0000058026   0.0000393717
       -0.0000380526   0.0000233679  -0.0000462131  -0.0000237467   0.0000360746
        0.0002455803   0.0000272357  -0.0001276370   0.0016074470  -0.0005511043
       -0.0012012817   0.1217985676   0.0127142437   0.0931639930   0.0008682208
       -0.0012493306  -0.0012857570  -0.0006914882  -0.0002369669  -0.0005766808
        0.0001700232  -0.0000292094   0.0000236401  -0.0001769035  -0.0002832835
       -0.0001689873   0.0000685875   0.0000318481   0.0000067379   0.0000463490
        0.0000687557   0.0000322816   0.0000256474   0.0000698075   0.0000981583
        0.0000752537  -0.0000189629   0.0000593748  -0.0006051621  -0.0012550936
        0.0000003436  -0.0022018727  -0.0017641701  -0.0053127062  -0.0001242384
        0.0005165310  -0.0002113168   0.0014721440   0.0006179225  -0.0041258857
        0.0053510773   0.0090232800  -0.0018173286  -0.0988460445  -0.1065295669
        0.0130880615  -0.0145910032  -0.0231686106   0.0019857252   0.0000053766
       -0.0000261664   0.0000222100  -0.0000319843  -0.0000560276  -0.0000354484
       -0.0000177428  -0.0000034316   0.0000174879   0.0000103154  -0.0000123754
        0.0000027864   0.0000132249   0.0000161172   0.0000178186  -0.0000356867
       -0.0000741051   0.0000296041  -0.0003594851  -0.0000557019  -0.0000829960
       -0.0003516648   0.0003638462   0.0006414707   0.0001659018   0.0005928649
       -0.0000440737   0.0000687372   0.0013473606   0.0008682208   0.1100633289
        0.1207063537  -0.0066131744  -0.0001941789  -0.0000779823   0.0015179959
        0.0000393806   0.0000499283  -0.0000254439  -0.0000378805  -0.0002720584
        0.0000426588  -0.0000570296   0.0000634533  -0.0000119086  -0.0000165802
        0.0000576528   0.0000032157   0.0000204850   0.0002267139  -0.0000056768
        0.0000659947  -0.0000549806   0.0000109406  -0.0001923017  -0.0004317677
        0.0002008280  -0.0022103516   0.0021114942   0.0015664145   0.0005087031
        0.0006406828  -0.0000755063   0.0009222370  -0.0014763447   0.0049706845
       -0.0092625293  -0.0205100921   0.0048353488  -0.1070055302  -0.2365926871
        0.0320502323  -0.0047077218  -0.0058336109   0.0002543203  -0.0000000604
        0.0000381836  -0.0000041668   0.0000539007  -0.0000498753   0.0000129623
       -0.0000550003   0.0000125070   0.0000081696  -0.0000067357   0.0000335531
        0.0000008813   0.0000335729   0.0000144178   0.0000017022  -0.0000441937
       -0.0000149598  -0.0000168832   0.0000506375   0.0000035239  -0.0000531800
        0.0003437086  -0.0000992734  -0.0005440107  -0.0004922952  -0.0009383016
        0.0000197641   0.0000561100   0.0002573302  -0.0012493306   0.1207063537
        0.2623433472  -0.0412904563   0.0012871267   0.0004211638  -0.0007015599
        0.0000238425   0.0000183078  -0.0001048644   0.0000291742  -0.0001592236
        0.0001058954  -0.0000269941   0.0000361143  -0.0000089318  -0.0000214817
        0.0000351316  -0.0000610450   0.0001514957   0.0002376765   0.0000646244
       -0.0000470064  -0.0001671997  -0.0000659191  -0.0005303189  -0.0006626712
        0.0002753021  -0.0053083467   0.0016064838   0.0041034647  -0.0003992378
        0.0000044716  -0.0004277238  -0.0040690617   0.0049276897   0.0028683170
        0.0071427554   0.0156184953  -0.0020168528   0.0129700078   0.0325435106
       -0.0438085567  -0.0066997656  -0.0107942627   0.0017234720  -0.0000217407
       -0.0000202703   0.0000096447   0.0000401451   0.0000104537  -0.0000694153
       -0.0000184553  -0.0000096335   0.0000823964   0.0000103023   0.0000326653
        0.0000373970   0.0000158157   0.0000041023   0.0000084579  -0.0000105801
       -0.0000356984   0.0000383477  -0.0000918345  -0.0000770839  -0.0001841440
        0.0006322258  -0.0005314836  -0.0009982254   0.0004704032   0.0007419656
       -0.0002307808   0.0014746766  -0.0004349395  -0.0012857570  -0.0066131744
       -0.0412904563   0.0412361559   0.0008971537  -0.0016341454  -0.0012912593
       -0.0007715018   0.0006772068   0.0003466985   0.0000438519   0.0001421648
       -0.0001154993   0.0000628479  -0.0000305871   0.0000359990   0.0000649279
       -0.0000376009   0.0000045590  -0.0001253533   0.0001004771  -0.0003015101
       -0.0018046552  -0.0017158289   0.0004380914   0.0000902702   0.0005873116
        0.0010927413   0.0056418850  -0.0073689139   0.0066571363   0.0008734101
       -0.0038173041  -0.0020582072  -0.0003776827  -0.0003538183   0.0001593218
       -0.0027280753  -0.0025454152  -0.0055317594  -0.0120416825   0.0179555885
       -0.0171455855  -0.0754916547   0.0632956182  -0.0583200384   0.0000042796
       -0.0000133916   0.0000312254  -0.0000735152  -0.0000291447  -0.0000117607
        0.0000202837   0.0000091459   0.0000077586   0.0000200192   0.0000016888
        0.0000239298   0.0001644944   0.0000289527  -0.0001247532  -0.0016966531
       -0.0002469437  -0.0014977225   0.0000712971   0.0000714825   0.0000411469
        0.0002229096  -0.0006824766   0.0001764604  -0.0003754295   0.0003010014
        0.0007181142  -0.0006031039   0.0009962348  -0.0006914882  -0.0001941789
        0.0012871267   0.0008971537   0.0890030094  -0.0686125748   0.0751679885
        0.0006319148  -0.0004367949  -0.0004776666  -0.0007216054  -0.0002520330
        0.0009669300  -0.0000350142   0.0000152023  -0.0000733467   0.0000127178
        0.0000388354  -0.0001165975   0.0000890550   0.0003531581   0.0001710750
       -0.0000309163  -0.0002599079  -0.0001551770   0.0015967037  -0.0000605990
       -0.0002759676   0.0085953976  -0.0208331731   0.0159953763  -0.0044449448
       -0.0030065430   0.0023209050  -0.0000985255   0.0003328856  -0.0003554458
       -0.0021818218   0.0018836085   0.0018469117  -0.0005034458   0.0027543768
       -0.0009822908   0.0659676559  -0.1683186952   0.1097109929  -0.0000019265
       -0.0000218283  -0.0000288642   0.0000230393  -0.0000184327   0.0000319933
        0.0000061826   0.0000189526   0.0000131100  -0.0000028065   0.0000228834
        0.0000125244   0.0001578449   0.0002815811  -0.0001167491  -0.0014345437
        0.0008113399  -0.0008994022   0.0003698681   0.0001549851   0.0000012201
        0.0004923717  -0.0008521824   0.0008974856   0.0003115038  -0.0001273385
       -0.0005898674  -0.0001081476   0.0000450674  -0.0002369669  -0.0000779823
        0.0004211638  -0.0016341454  -0.0686125748   0.1870534882  -0.1260260368
       -0.0000977146  -0.0000773353   0.0000207493   0.0015893538   0.0003857913
       -0.0005268146  -0.0001292718  -0.0000096869  -0.0000371525  -0.0000616432
       -0.0000675211   0.0000325403   0.0012764091  -0.0005257031  -0.0005123802
       -0.0015080655  -0.0009085152  -0.0000175046  -0.0003742344  -0.0005816625
       -0.0014392452  -0.0016259201   0.0050379602  -0.0027374407  -0.0017624892
        0.0027630870   0.0045759700   0.0002664463  -0.0004606098   0.0000420676
       -0.0055787770   0.0013394772   0.0039406279  -0.0077356507   0.0103571269
       -0.0083581844  -0.0600910637   0.1097084983  -0.1258905589  -0.0000228699
       -0.0000298436  -0.0000257851   0.0000394964   0.0000693919  -0.0000360436
        0.0000019079  -0.0000558416   0.0000124326  -0.0000151115  -0.0000190355
       -0.0000047091  -0.0000195773  -0.0000262905  -0.0000399204  -0.0009550557
       -0.0002524939   0.0002953764  -0.0000933337  -0.0000733249  -0.0001400711
       -0.0003420784   0.0002581997   0.0001358073   0.0007045447  -0.0005746086
       -0.0010141637  -0.0001512856   0.0004705367  -0.0005766808   0.0015179959
       -0.0007015599  -0.0012912593   0.0751679885  -0.1260260368   0.1335923428
