$hessian                                                                        
        0.0044542589  -0.0017995686  -0.0057986535  -0.0054846089   0.0011626100
        0.0054971537   0.0000837088   0.0017146072   0.0010119872   0.0020007024
       -0.0006959108   0.0004885589  -0.0005976431   0.0003991806  -0.0004511268
        0.0000703911  -0.0001911378   0.0001202134  -0.0004270260  -0.0000875651
       -0.0001175046  -0.0003212071   0.0000098913   0.0000382903  -0.0000006506
        0.0001862489   0.0000205168  -0.0000046178   0.0001884363  -0.0000834375
       -0.0000482257   0.0000256079  -0.0003179487  -0.0002340068   0.0000709420
       -0.0002367614   0.0001543002   0.0000070281  -0.0002460648  -0.0001826360
       -0.0006142195   0.0003994663   0.0001910783  -0.0000938856  -0.0000874977
        0.0002285206  -0.0000020739   0.0000295919   0.0000905716  -0.0000800785
       -0.0000208177  -0.0000379786  -0.0000650475  -0.0000590721  -0.0000341178
        0.0000250338  -0.0001264653   0.0000991865  -0.0001600986  -0.0000604284
       -0.0017995686   0.0055850552   0.0073472458   0.0012399708  -0.0059436439
       -0.0068303905   0.0015183235  -0.0015060096  -0.0011763873  -0.0000758294
        0.0016806381   0.0002170745   0.0006686894  -0.0001665958   0.0006926112
       -0.0006708243  -0.0001684818   0.0002526977  -0.0002672110  -0.0000708322
        0.0000231004  -0.0001087878   0.0000859086  -0.0001259388  -0.0000162004
        0.0000926338  -0.0001754302  -0.0000438716   0.0000546546  -0.0001285202
        0.0000271962  -0.0000037144  -0.0000687137   0.0001277160  -0.0002618230
       -0.0000169946  -0.0002072860   0.0001434882   0.0003174467  -0.0005525696
        0.0000928529  -0.0003878339   0.0000742043   0.0002636016   0.0001881826
        0.0000148828   0.0000829438   0.0000085427   0.0000254712   0.0001217453
       -0.0001344895   0.0000451982   0.0000063282  -0.0001309276   0.0000728379
       -0.0000998415  -0.0000186515  -0.0000723417   0.0000110919   0.0001473762
       -0.0057986535   0.0073472458   0.0465855738   0.0089521480  -0.0115440410
       -0.0372132281   0.0015683527  -0.0022302871  -0.0012978218  -0.0025268362
        0.0059062575  -0.0067619243  -0.0006917041   0.0009020068  -0.0009892074
       -0.0010948735   0.0006999956  -0.0002143819  -0.0008913816  -0.0000746371
       -0.0001626559  -0.0003024850  -0.0001706862  -0.0001595152   0.0000205892
       -0.0001276944  -0.0000041451  -0.0000507962   0.0000548047   0.0001138452
        0.0000982718  -0.0000065919  -0.0000556093  -0.0001692799  -0.0000003517
       -0.0001472726   0.0002187090  -0.0001445549  -0.0000442821   0.0003614488
       -0.0004355843   0.0006327282   0.0000754448  -0.0001946951  -0.0001698382
       -0.0000426132  -0.0000330681  -0.0001020924   0.0000697431   0.0000163744
       -0.0000369032   0.0000329524  -0.0000222413   0.0000189443   0.0000471218
        0.0000350057   0.0000347954   0.0001238417   0.0000227425  -0.0000270095
       -0.0054846089   0.0012399708   0.0089521480   0.0447978814  -0.0397024296
       -0.0023938773  -0.0190805808   0.0177625539   0.0052729207  -0.0132884268
        0.0130198040  -0.0076449784  -0.0020279806   0.0022005075  -0.0007909249
       -0.0036345521   0.0053497863  -0.0045366801  -0.0002638728   0.0021930507
        0.0013556938   0.0025148082  -0.0015940684  -0.0007866759  -0.0003694634
       -0.0016253915   0.0004211153  -0.0000242115  -0.0004897941   0.0000109526
       -0.0001206778   0.0000721239   0.0003578577  -0.0013910083   0.0004853417
        0.0007255652  -0.0004256368   0.0001096287  -0.0001389366  -0.0000992231
        0.0006731670   0.0004872607  -0.0010628172   0.0005494764  -0.0000204272
       -0.0006822966  -0.0004116151  -0.0013568379   0.0001453738   0.0001966464
       -0.0000035366   0.0002730281   0.0000519983  -0.0000064910   0.0002895092
       -0.0000472584   0.0000431330  -0.0000652440  -0.0000334982   0.0000527189
        0.0011626100  -0.0059436439  -0.0115440410  -0.0397024296   0.0785692425
        0.0031148678   0.0190875263  -0.0354696269  -0.0084743603   0.0075519359
       -0.0317975452   0.0164253029   0.0038010195  -0.0051161937   0.0008640542
        0.0061525642   0.0023492567  -0.0003470647   0.0004436209   0.0010653384
        0.0005599223   0.0020151487   0.0002444900   0.0011560413  -0.0002719040
       -0.0010638377   0.0008404200  -0.0000791484  -0.0002565911   0.0001019263
        0.0001247823   0.0000767501  -0.0000156557  -0.0001151900  -0.0001634462
       -0.0006741038   0.0004491237  -0.0007490267  -0.0001241406   0.0003957592
       -0.0004548922  -0.0009172939  -0.0006756635  -0.0002988162   0.0001963086
       -0.0003435917   0.0000895177  -0.0010770622  -0.0000703412  -0.0004838665
        0.0000794457   0.0000700460  -0.0001454577   0.0000225113  -0.0000454173
       -0.0002007629   0.0000173078   0.0000495490  -0.0002508885  -0.0002043861
        0.0054971537  -0.0068303905  -0.0372132281  -0.0023938773   0.0031148678
        0.0545221407   0.0022831526  -0.0035608093  -0.0057953002  -0.0029977465
        0.0091553159  -0.0133878032   0.0001200608  -0.0020201101   0.0042840844
       -0.0021845766   0.0006906870  -0.0002538718  -0.0010771626   0.0001772575
        0.0003956279   0.0000824332   0.0002920265   0.0008496187  -0.0000129306
       -0.0002836310   0.0000047421  -0.0000585826  -0.0000027155  -0.0001338247
       -0.0001676590  -0.0000123404  -0.0001505149   0.0001220027   0.0002645090
       -0.0006433078   0.0007469376  -0.0000553268  -0.0004490724   0.0000075970
       -0.0005294823  -0.0001149327  -0.0002812599  -0.0000136609  -0.0006371692
        0.0001342941  -0.0005629569  -0.0011200437   0.0002041501  -0.0000623222
        0.0003217181   0.0000637159   0.0001352451   0.0000661972  -0.0001036768
        0.0001485899  -0.0001866372   0.0000159742  -0.0000447528  -0.0003584233
        0.0000837088   0.0015183235   0.0015683527  -0.0190805808   0.0190875263
        0.0022831526   0.0179487578  -0.0197540750  -0.0054656236   0.0021123094
       -0.0009574291   0.0012042474   0.0000394623  -0.0000031527   0.0004664809
       -0.0000751483  -0.0002303973   0.0005498377  -0.0005157187  -0.0001031607
       -0.0002074492  -0.0008317204   0.0000594934  -0.0002692171  -0.0002277004
        0.0001143373  -0.0001202749   0.0000180008   0.0001655651  -0.0000219579
       -0.0000101324  -0.0000112578   0.0000584846   0.0002134652   0.0001185351
        0.0000221047   0.0002627933  -0.0000961959   0.0000464295   0.0001106413
       -0.0000525521  -0.0001577856   0.0002693705  -0.0000879235   0.0000130740
       -0.0002719905  -0.0000967563  -0.0000796505  -0.0000525967   0.0000704145
        0.0000007185  -0.0001122748   0.0000758280   0.0000299052  -0.0000108578
        0.0001291348   0.0000388731   0.0001302113   0.0000537423   0.0000402980
        0.0017146072  -0.0015060096  -0.0022302871   0.0177625539  -0.0354696269
       -0.0035608093  -0.0197540750   0.0341468353   0.0081638196  -0.0002767693
        0.0017756828  -0.0020680320   0.0004051412   0.0004659863  -0.0006007245
       -0.0000622103  -0.0000158275  -0.0001075285   0.0004440880  -0.0001045426
       -0.0000886271   0.0002984627  -0.0000470679  -0.0000181767  -0.0000602737
       -0.0000429711  -0.0001028809  -0.0000408146  -0.0000024063  -0.0000857204
       -0.0000147064   0.0001252144   0.0000243685  -0.0000458068   0.0000032218
        0.0000744643  -0.0001138108   0.0001067737  -0.0000663471   0.0000100807
        0.0000313263   0.0002021757  -0.0000481353   0.0000343995  -0.0000264956
        0.0000357644  -0.0000782060   0.0002981014  -0.0000732508   0.0001690753
        0.0000772555  -0.0001340908   0.0001153820   0.0000511539  -0.0000375829
        0.0001516827   0.0000360874  -0.0000091713   0.0001410776   0.0000282030
        0.0010119872  -0.0011763873  -0.0012978218   0.0052729207  -0.0084743603
       -0.0057953002  -0.0054656236   0.0081638196   0.0064713049  -0.0011350768
        0.0011491103  -0.0003592849   0.0002078440   0.0001533447   0.0003215176
        0.0005011197   0.0000642984   0.0006093527   0.0000861624  -0.0000610223
       -0.0000467423  -0.0000875880  -0.0000016339  -0.0003492565  -0.0000604136
        0.0000646603  -0.0001133009   0.0000560045   0.0000095514  -0.0000395965
        0.0001049360  -0.0001054016   0.0001018608  -0.0000930540  -0.0000060038
        0.0001711295  -0.0001703999   0.0001152397   0.0001699810  -0.0000626532
        0.0000895119   0.0000599010  -0.0000298022   0.0000162812   0.0000770965
       -0.0001815970   0.0001168592   0.0000512253  -0.0000597825   0.0000956774
       -0.0002455073  -0.0000130919  -0.0000832281  -0.0000675174   0.0000852483
       -0.0001069372   0.0001103142   0.0000328598  -0.0000233794   0.0001706444
        0.0020007024  -0.0000758294  -0.0025268362  -0.0132884268   0.0075519359
       -0.0029977465   0.0021123094  -0.0002767693  -0.0011350768   0.3131074998
       -0.0765474176  -0.0176947684  -0.0914784825   0.0728582849   0.0486420386
       -0.1520124706  -0.0085783166  -0.0300347335  -0.0307911928  -0.0103943662
        0.0092647578   0.0021464970   0.0052221498   0.0027151834  -0.0001841045
        0.0000352713   0.0016714172   0.0000652591   0.0005646146  -0.0004134992
        0.0010443340  -0.0011365785   0.0019060341  -0.0011546655  -0.0030623849
       -0.0036809298  -0.0020239062   0.0037461806  -0.0000460577  -0.0075069655
        0.0045568651   0.0016995095  -0.0207689544   0.0054576614  -0.0055288331
       -0.0002325637   0.0001121965  -0.0011133048  -0.0003057303  -0.0000165576
       -0.0002128782  -0.0004835024   0.0000844794  -0.0002894733  -0.0001085885
       -0.0001197223   0.0002300670  -0.0001370479   0.0000183028  -0.0004548701
       -0.0006959108   0.0016806381   0.0059062575   0.0130198040  -0.0317975452
        0.0091553159  -0.0009574291   0.0017756828   0.0011491103  -0.0765474176
        0.2043114204   0.0280733202   0.0612833395  -0.1084223789  -0.0372147768
       -0.0015586947  -0.0426384901   0.0083251007  -0.0321492404  -0.0006830587
        0.0022307957  -0.0017083714   0.0021281799  -0.0007641734   0.0004651115
        0.0009450586   0.0008266139  -0.0004477126   0.0004930589   0.0001480370
        0.0005500202  -0.0006023479   0.0013927745  -0.0003825157  -0.0020001700
       -0.0008660732   0.0300203750  -0.0209840802  -0.0086246224   0.0061150559
       -0.0041514251  -0.0055991581   0.0039755790  -0.0009683601  -0.0034123419
       -0.0002794816  -0.0000802974  -0.0003284711  -0.0001911809   0.0003448570
       -0.0001225100  -0.0004755860   0.0002917554  -0.0002016663  -0.0000156475
        0.0001789624   0.0001185729  -0.0000200969   0.0001785403  -0.0001921055
        0.0004885589   0.0002170745  -0.0067619243  -0.0076449784   0.0164253029
       -0.0133878032   0.0012042474  -0.0020680320  -0.0003592849  -0.0176947684
        0.0280733202   0.1473494392   0.0415458727  -0.0317490532  -0.0781648219
       -0.0188686869   0.0056694706  -0.0455518763   0.0095070141  -0.0030171592
        0.0021797492   0.0002570807  -0.0000327426   0.0006753033  -0.0005488983
       -0.0002078399   0.0001674695   0.0003160553  -0.0001432268  -0.0001967577
        0.0000795527   0.0003428462  -0.0003269410   0.0006526256   0.0004466421
       -0.0004099555  -0.0072853170  -0.0018721835   0.0032993117   0.0296434498
       -0.0192021939  -0.0090955411  -0.0317464468   0.0070009245  -0.0002033702
       -0.0003759823   0.0003269922  -0.0001575529  -0.0003336790  -0.0000050536
       -0.0002693517   0.0002050747  -0.0001347064   0.0001454009   0.0004136652
       -0.0001755235   0.0004905073   0.0001855600   0.0001051414   0.0005779993
       -0.0005976431   0.0006686894  -0.0006917041  -0.0020279806   0.0038010195
        0.0001200608   0.0000394623   0.0004051412   0.0002078440  -0.0914784825
        0.0612833395   0.0415458727   0.2192584559   0.0645396810  -0.0119303688
       -0.0501338344  -0.0730369879  -0.0533254986  -0.0023232062  -0.0119810897
       -0.0063421622  -0.0011589183  -0.0008969229   0.0002698906   0.0005686159
       -0.0004702337   0.0000792698   0.0000890773  -0.0002400081   0.0000112914
        0.0003427421  -0.0000991051  -0.0004501845   0.0001255739   0.0005775743
       -0.0002969271  -0.0378683683  -0.0344802175   0.0159675078  -0.0327132771
       -0.0049607269   0.0207186528  -0.0020135515  -0.0048508154  -0.0058430603
        0.0000362556   0.0001180396   0.0001878555   0.0001256356  -0.0000399301
        0.0001022380   0.0001033879  -0.0000747156  -0.0000555968   0.0000381742
       -0.0000056144  -0.0001431748  -0.0004121187  -0.0002571171  -0.0001318062
        0.0003991806  -0.0001665958   0.0009020068   0.0022005075  -0.0051161937
       -0.0020201101  -0.0000031527   0.0004659863   0.0001533447   0.0728582849
       -0.1084223789  -0.0317490532   0.0645396810   0.5986542899   0.0249613301
       -0.0925793365  -0.1700585255  -0.1072402836   0.0014488711  -0.0212092218
       -0.0120462093  -0.0028181657  -0.0036743043   0.0019531030   0.0007020573
       -0.0015364811  -0.0003757116   0.0002795443  -0.0001052827  -0.0002176760
        0.0002690353   0.0001118121  -0.0004437700   0.0008210040   0.0013273049
       -0.0008143445  -0.0397699773  -0.2505413612   0.0987483138  -0.0059993180
       -0.0426898945   0.0260692996  -0.0023263811   0.0034875677   0.0021723776
       -0.0000656924   0.0000037815   0.0000003268   0.0000738210  -0.0003190640
        0.0001594877   0.0001490729  -0.0000914826  -0.0000557215   0.0001050261
       -0.0000381786  -0.0001244447  -0.0002840622  -0.0000817776  -0.0000322656
       -0.0004511268   0.0006926112  -0.0009892074  -0.0007909249   0.0008640542
        0.0042840844   0.0004664809  -0.0006007245   0.0003215176   0.0486420386
       -0.0372147768  -0.0781648219  -0.0119303688   0.0249613301   0.6017974337
       -0.0658293049  -0.1019865474  -0.1352685429  -0.0033424313   0.0060701790
        0.0076053718   0.0010982020   0.0020133729  -0.0006183858   0.0001784460
        0.0004781532   0.0000858723  -0.0001037093   0.0001263566   0.0001739350
       -0.0001623008  -0.0001127263   0.0001246732  -0.0000389860   0.0009029835
        0.0000817909   0.0150710023   0.0950488980  -0.0850630781   0.0146996100
        0.0317490702  -0.2965212265   0.0020538300  -0.0232236240  -0.0175044491
        0.0001872345  -0.0001500004   0.0000835917   0.0001165552   0.0000615126
        0.0001329519  -0.0000891375   0.0000620597   0.0000216013  -0.0002010725
        0.0001063422  -0.0002370782   0.0004259632   0.0001514758  -0.0003460338
        0.0000703911  -0.0006708243  -0.0010948735  -0.0036345521   0.0061525642
       -0.0021845766  -0.0000751483  -0.0000622103   0.0005011197  -0.1520124706
       -0.0015586947  -0.0188686869  -0.0501338344  -0.0925793365  -0.0658293049
        0.3253822363   0.1478223293   0.0952985451  -0.0746518882  -0.0483033896
        0.0249189076   0.0002859162  -0.0053547591  -0.0057901504   0.0050972342
        0.0018708383   0.0018208846  -0.0005167490  -0.0002963454   0.0005648465
        0.0019020504   0.0015817068   0.0054238283  -0.0107134842  -0.0150265669
        0.0157040709  -0.0033567197  -0.0011505697  -0.0027826431   0.0009580794
        0.0010720178   0.0019464969  -0.0354673309   0.0069873174  -0.0472968745
       -0.0013303206   0.0006060033  -0.0006857236   0.0002958285   0.0003208037
        0.0000945275  -0.0008200332   0.0000074419  -0.0006873012  -0.0002425285
       -0.0007352693   0.0003607752  -0.0010366765  -0.0006830569  -0.0014138676
       -0.0001911378  -0.0001684818   0.0006999956   0.0053497863   0.0023492567
        0.0006906870  -0.0002303973  -0.0000158275   0.0000642984  -0.0085783166
       -0.0426384901   0.0056694706  -0.0730369879  -0.1700585255  -0.1019865474
        0.1478223293   0.4796655918  -0.0091738996  -0.0508213415  -0.1626468044
        0.0517473947  -0.0107922889  -0.0377906986   0.0084857368   0.0018731402
       -0.0036586151  -0.0042689547  -0.0000854423  -0.0004210587   0.0005119624
       -0.0007709753   0.0016254992  -0.0011558068  -0.0062445104  -0.0017453458
        0.0082906614  -0.0183706408  -0.0148823425  -0.0125907773   0.0036184365
        0.0002897955  -0.0025628381   0.0093549523  -0.0497277876   0.0543107275
       -0.0003051009   0.0008013586   0.0012753143  -0.0001196710  -0.0012819258
        0.0007474080   0.0004546775  -0.0000427221   0.0002238264   0.0001460075
       -0.0001226541  -0.0001484394   0.0009274813   0.0004697780  -0.0008302197
        0.0001202134   0.0002526977  -0.0002143819  -0.0045366801  -0.0003470647
       -0.0002538718   0.0005498377  -0.0001075285   0.0006093527  -0.0300347335
        0.0083251007  -0.0455518763  -0.0533254986  -0.1072402836  -0.1352685429
        0.0952985451  -0.0091738996   0.5633478195   0.0285761146   0.0516858786
       -0.0906822661  -0.0036918530  -0.0041884841   0.0052388096   0.0032337208
       -0.0032549674   0.0031804367   0.0003361962  -0.0001513716  -0.0009278426
        0.0068238025  -0.0008384145  -0.0006439789   0.0124986450   0.0194476498
       -0.0136978184   0.0097811615   0.0029385575   0.0038539825  -0.0209379879
       -0.0132879071  -0.0145708607  -0.0406242985   0.0561313793  -0.2716580316
       -0.0015084618  -0.0011283232  -0.0005048089  -0.0000237974  -0.0006736147
        0.0003144148  -0.0010464314  -0.0000038626  -0.0007940974   0.0001941921
        0.0009786119  -0.0007881661  -0.0016826866   0.0006358463  -0.0009882722
       -0.0004270260  -0.0002672110  -0.0008913816  -0.0002638728   0.0004436209
       -0.0010771626  -0.0005157187   0.0004440880   0.0000861624  -0.0307911928
       -0.0321492404   0.0095070141  -0.0023232062   0.0014488711  -0.0033424313
       -0.0746518882  -0.0508213415   0.0285761146   0.3433104889   0.0264119377
       -0.2413009444  -0.0737743134   0.0249347910   0.0399992464   0.0216108464
        0.0093758893  -0.0254620405  -0.0189040210   0.0196910791   0.0177533734
       -0.0194108414  -0.0474351643   0.0199437495  -0.1473066875   0.0321092454
        0.1298127915   0.0011828127   0.0008758977   0.0008988716  -0.0001180976
        0.0001447115  -0.0001119360   0.0028499585   0.0014724338   0.0008478896
       -0.0049918331   0.0153652812   0.0085154530   0.0044173985  -0.0024510020
        0.0042742472   0.0000141232   0.0004902453   0.0001680561   0.0043697869
       -0.0024888590   0.0044190179  -0.0042767162   0.0024047261   0.0073839093
       -0.0000875651  -0.0000708322  -0.0000746371   0.0021930507   0.0010653384
        0.0001772575  -0.0001031607  -0.0001045426  -0.0000610223  -0.0103943662
       -0.0006830587  -0.0030171592  -0.0119810897  -0.0212092218   0.0060701790
       -0.0483033896  -0.1626468044   0.0516858786   0.0264119377   0.6033668956
        0.0380443214   0.0646366237  -0.2582003344  -0.1043020349  -0.0272090505
       -0.0656496586   0.0276132562   0.0196495083  -0.0176094602  -0.0262038393
       -0.0108198904   0.0329461244   0.0174184679  -0.0122179493  -0.0915712979
        0.0077429960  -0.0031069433  -0.0009572034  -0.0015499823   0.0010534626
        0.0001349369   0.0006545995  -0.0043007857  -0.0050574827   0.0057303728
        0.0026224408  -0.0029981940  -0.0027556928  -0.0022906901  -0.0032226338
        0.0021463875   0.0006017693   0.0005069789  -0.0006306204  -0.0025500432
       -0.0034710304   0.0021670048   0.0161961306  -0.0045685189  -0.0208557328
       -0.0001175046   0.0000231004  -0.0001626559   0.0013556938   0.0005599223
        0.0003956279  -0.0002074492  -0.0000886271  -0.0000467423   0.0092647578
        0.0022307957   0.0021797492  -0.0063421622  -0.0120462093   0.0076053718
        0.0249189076   0.0517473947  -0.0906822661  -0.2413009444   0.0380443214
        0.4491819299   0.0413643807  -0.0515512686  -0.1093154301  -0.0295062547
       -0.0171528462   0.0349334742   0.0180164706  -0.0258610572  -0.0312451883
        0.0228610116   0.0637356424  -0.0233826261   0.1261991718  -0.0470392524
       -0.2108782046  -0.0026774388  -0.0013445019  -0.0012863841   0.0004890500
       -0.0008960564   0.0005002799   0.0103187914   0.0203462451  -0.0121505123
        0.0081660706  -0.0207250035  -0.0104117310   0.0044685203   0.0024101469
        0.0026276923   0.0003954716  -0.0006566360   0.0000812246   0.0042580562
        0.0019847933   0.0027997609   0.0080753998  -0.0037209036  -0.0107433699
       -0.0003212071  -0.0001087878  -0.0003024850   0.0025148082   0.0020151487
        0.0000824332  -0.0008317204   0.0002984627  -0.0000875880   0.0021464970
       -0.0017083714   0.0002570807  -0.0011589183  -0.0028181657   0.0010982020
        0.0002859162  -0.0107922889  -0.0036918530  -0.0737743134   0.0646366237
        0.0413643807   0.3088184596   0.0251136720  -0.2574832600  -0.0955266278
       -0.0922203196   0.0543557935  -0.0175345409  -0.0111801112   0.0236558768
       -0.0023712655  -0.0048257861  -0.0043422671  -0.0065107096   0.0177360696
        0.0129077705  -0.0006921099  -0.0003885489  -0.0003872824  -0.0000386381
        0.0001007526   0.0002470739   0.0000893021  -0.0009112809  -0.0001440556
       -0.1229527555   0.0102224246   0.1223336203   0.0026768444   0.0049439071
       -0.0023714483   0.0026900970  -0.0000588850   0.0067062033   0.0001926992
       -0.0001045835  -0.0005678165   0.0022981829   0.0000500681   0.0063696209
        0.0000098913   0.0000859086  -0.0001706862  -0.0015940684   0.0002444900
        0.0002920265   0.0000594934  -0.0000470679  -0.0000016339   0.0052221498
        0.0021281799  -0.0000327426  -0.0008969229  -0.0036743043   0.0020133729
       -0.0053547591  -0.0377906986  -0.0041884841   0.0249347910  -0.2582003344
       -0.0515512686   0.0251136720   0.6322837587   0.0107951673  -0.0460463990
       -0.2529380785   0.0481349027  -0.0467999133   0.0348493898   0.0630332750
       -0.0059688307  -0.0642386801   0.0018863294   0.0523524605   0.0176782050
       -0.0640140299  -0.0008099819  -0.0005362541  -0.0007266864   0.0001930033
       -0.0000423230  -0.0000583690   0.0003112762   0.0002055037  -0.0010684136
        0.0094077406  -0.0459747594  -0.0134862596  -0.0096611073  -0.0255063471
        0.0098479061  -0.0001494578   0.0010306195  -0.0005766470  -0.0001091079
       -0.0006309958   0.0000474505  -0.0002139295   0.0010737881  -0.0001752096
        0.0000382903  -0.0001259388  -0.0001595152  -0.0007866759   0.0011560413
        0.0008496187  -0.0002692171  -0.0000181767  -0.0003492565   0.0027151834
       -0.0007641734   0.0006753033   0.0002698906   0.0019531030  -0.0006183858
       -0.0057901504   0.0084857368   0.0052388096   0.0399992464  -0.1043020349
       -0.1093154301  -0.2574832600   0.0107951673   0.4592811942   0.0598207931
        0.1085944178  -0.1181831767   0.0202566171   0.0176112190  -0.0235057733
       -0.0045162057   0.0012464161   0.0003699078   0.0148656101  -0.0216845095
       -0.0192720252   0.0006519101   0.0001209154   0.0002057163  -0.0000039285
       -0.0000338018  -0.0003425791   0.0007224984   0.0006651090  -0.0000916876
        0.1203748694  -0.0144085947  -0.1981523199  -0.0032288733  -0.0082091639
        0.0043861948   0.0066334853  -0.0003670060  -0.0006723107  -0.0006444250
        0.0000977432   0.0004498525   0.0063743418  -0.0008124691  -0.0007941372
       -0.0000006506  -0.0000162004   0.0000205892  -0.0003694634  -0.0002719040
       -0.0000129306  -0.0002277004  -0.0000602737  -0.0000604136  -0.0001841045
        0.0004651115  -0.0005488983   0.0005686159   0.0007020573   0.0001784460
        0.0050972342   0.0018731402   0.0032337208   0.0216108464  -0.0272090505
       -0.0295062547  -0.0955266278  -0.0460463990   0.0598207931   0.3158378087
        0.0085628605  -0.2508298557  -0.1519871977  -0.0159575651   0.1288312694
       -0.0064041955   0.0545971876   0.0146801919  -0.0248196219  -0.0165238258
        0.0227404778   0.0000785009   0.0000190745   0.0000574785  -0.0000136813
        0.0000473194   0.0000943689  -0.0005595008  -0.0003610125   0.0006562263
       -0.0073486438  -0.0147423442   0.0093986063  -0.0531779955   0.0546471679
        0.0270298477  -0.0071064887  -0.0006940735   0.0104004222   0.0049094609
        0.0012929776   0.0039696500  -0.0003765951  -0.0003242477  -0.0001537352
        0.0001862489   0.0000926338  -0.0001276944  -0.0016253915  -0.0010638377
       -0.0002836310   0.0001143373  -0.0000429711   0.0000646603   0.0000352713
        0.0009450586  -0.0002078399  -0.0004702337  -0.0015364811   0.0004781532
        0.0018708383  -0.0036586151  -0.0032549674   0.0093758893  -0.0656496586
       -0.0171528462  -0.0922203196  -0.2529380785   0.1085944178   0.0085628605
        0.6619211725   0.0251780927   0.0322655095  -0.0983095240  -0.0449710096
        0.0193992791   0.0207816209  -0.0228419584  -0.0175083180  -0.0093237348
        0.0217113496  -0.0002988617  -0.0000514920  -0.0001025345   0.0001197702
       -0.0000379825   0.0002128882  -0.0001059979   0.0001512347   0.0001022023
       -0.0007413672   0.0009148573   0.0005376484   0.0550555011  -0.2484575492
       -0.0848685148  -0.0151479604   0.0002717467   0.0192639443   0.0015046181
       -0.0045041937  -0.0026617994  -0.0003716738   0.0004957939   0.0003294388
        0.0000205168  -0.0001754302  -0.0000041451   0.0004211153   0.0008404200
        0.0000047421  -0.0001202749  -0.0001028809  -0.0001133009   0.0016714172
        0.0008266139   0.0001674695   0.0000792698  -0.0003757116   0.0000858723
        0.0018208846  -0.0042689547   0.0031804367  -0.0254620405   0.0276132562
        0.0349334742   0.0543557935   0.0481349027  -0.1181831767  -0.2508298557
        0.0251780927   0.4452296650   0.1329390872   0.0168092465  -0.2178894816
        0.0115762160  -0.0680548819  -0.0188938941   0.0231425004   0.0207233079
       -0.0324380458  -0.0000547839  -0.0000661703  -0.0001297368   0.0000365912
        0.0000351579  -0.0001021155  -0.0001140263  -0.0005518790   0.0001122680
        0.0106267910   0.0194028150  -0.0112019345   0.0267091277  -0.0848233844
       -0.0763248567   0.0092178639   0.0008256326  -0.0110958633   0.0038806531
       -0.0024533776   0.0026676171   0.0000831537   0.0004832252  -0.0000049943
       -0.0000046178  -0.0000438716  -0.0000507962  -0.0000242115  -0.0000791484
       -0.0000585826   0.0000180008  -0.0000408146   0.0000560045   0.0000652591
       -0.0004477126   0.0003160553   0.0000890773   0.0002795443  -0.0001037093
       -0.0005167490  -0.0000854423   0.0003361962  -0.0189040210   0.0196495083
        0.0180164706  -0.0175345409  -0.0467999133   0.0202566171  -0.1519871977
        0.0322655095   0.1329390872   0.3219490540   0.0272383550  -0.2535211110
       -0.0813975520   0.0234835715   0.0409765397   0.0226265551   0.0099236724
       -0.0264953177   0.0000602330   0.0000060873  -0.0000361980   0.0000113790
       -0.0000216697  -0.0000967935   0.0000122933  -0.0000390716  -0.0001732577
        0.0045873582  -0.0023028774   0.0043120454  -0.0045720282   0.0018530031
        0.0070360881  -0.0741163474  -0.0782278090   0.0433838633  -0.0047904287
        0.0161699959   0.0084320960   0.0044284843  -0.0027809167   0.0044747025
        0.0001884363   0.0000546546   0.0000548047  -0.0004897941  -0.0002565911
       -0.0000027155   0.0001655651  -0.0000024063   0.0000095514   0.0005646146
        0.0004930589  -0.0001432268  -0.0002400081  -0.0001052827   0.0001263566
       -0.0002963454  -0.0004210587  -0.0001513716   0.0196910791  -0.0176094602
       -0.0258610572  -0.0111801112   0.0348493898   0.0176112190  -0.0159575651
       -0.0983095240   0.0168092465   0.0272383550   0.6554805977   0.0005764354
        0.0714255599  -0.2761308550  -0.1054285149  -0.0260873246  -0.0659407802
        0.0274953405   0.0000018752   0.0000766480   0.0000318632   0.0000956618
       -0.0000026522   0.0001339121   0.0000132818   0.0002085253  -0.0000892801
       -0.0026166570  -0.0037888787   0.0024937819   0.0161343152  -0.0034396754
       -0.0210044317  -0.0780123917  -0.2183673379   0.0879050231   0.0018770829
       -0.0030866614  -0.0025030252  -0.0025156296  -0.0037017106   0.0019360888
       -0.0000834375  -0.0001285202   0.0001138452   0.0000109526   0.0001019263
       -0.0001338247  -0.0000219579  -0.0000857204  -0.0000395965  -0.0004134992
        0.0001480370  -0.0001967577   0.0000112914  -0.0002176760   0.0001739350
        0.0005648465   0.0005119624  -0.0009278426   0.0177533734  -0.0262038393
       -0.0312451883   0.0236558768   0.0630332750  -0.0235057733   0.1288312694
       -0.0449710096  -0.2178894816  -0.2535211110   0.0005764354   0.4450703048
        0.0449281750  -0.0434026502  -0.1094616333  -0.0297708135  -0.0181508196
        0.0376290402  -0.0000808950   0.0000123585   0.0000456521  -0.0000063542
        0.0000258635   0.0001211008  -0.0000186835   0.0001211233   0.0002304279
        0.0044944643   0.0021493056   0.0023422764   0.0083224704  -0.0027242570
       -0.0095226636   0.0434679676   0.0878058851  -0.0853932291   0.0075097371
       -0.0209228601  -0.0099012251   0.0043663274   0.0023211802   0.0024906332
       -0.0000482257   0.0000271962   0.0000982718  -0.0001206778   0.0001247823
       -0.0001676590  -0.0000101324  -0.0000147064   0.0001049360   0.0010443340
        0.0005500202   0.0000795527   0.0003427421   0.0002690353  -0.0001623008
        0.0019020504  -0.0007709753   0.0068238025  -0.0194108414  -0.0108198904
        0.0228610116  -0.0023712655  -0.0059688307  -0.0045162057  -0.0064041955
        0.0193992791   0.0115762160  -0.0813975520   0.0714255599   0.0449281750
        0.3323288454   0.0191285096  -0.2659136115  -0.0997870626  -0.0980135275
        0.0559604890   0.0000496505   0.0000718259  -0.0000056198  -0.0001231317
       -0.0000291848  -0.0001094348  -0.0007148314  -0.0012175262   0.0008139087
        0.0000500559  -0.0000538330  -0.0005699328   0.0026974053   0.0002324417
        0.0066382835   0.0028670787  -0.0095388424  -0.0031133495  -0.1339416857
        0.0104570413   0.1266451597   0.0030474396   0.0047416252  -0.0019716925
        0.0000256079  -0.0000037144  -0.0000065919   0.0000721239   0.0000767501
       -0.0000123404  -0.0000112578   0.0001252144  -0.0001054016  -0.0011365785
       -0.0006023479   0.0003428462  -0.0000991051   0.0001118121  -0.0001127263
        0.0015817068   0.0016254992  -0.0008384145  -0.0474351643   0.0329461244
        0.0637356424  -0.0048257861  -0.0642386801   0.0012464161   0.0545971876
        0.0207816209  -0.0680548819   0.0234835715  -0.2761308550  -0.0434026502
        0.0191285096   0.6327688069   0.0156239448  -0.0507993689  -0.2521841090
        0.0440913042   0.0000997413   0.0000787079  -0.0000182805   0.0000822262
       -0.0001707491  -0.0000054100  -0.0002734714  -0.0001615636  -0.0000656098
       -0.0001284124  -0.0004382109   0.0001914587  -0.0001844900   0.0010911827
       -0.0006398380   0.0047066969  -0.0251083527  -0.0080198338   0.0102910396
       -0.0452944074  -0.0138639395  -0.0091747768  -0.0252727285   0.0099143059
       -0.0003179487  -0.0000687137  -0.0000556093   0.0003578577  -0.0000156557
       -0.0001505149   0.0000584846   0.0000243685   0.0001018608   0.0019060341
        0.0013927745  -0.0003269410  -0.0004501845  -0.0004437700   0.0001246732
        0.0054238283  -0.0011558068  -0.0006439789   0.0199437495   0.0174184679
       -0.0233826261  -0.0043422671   0.0018863294   0.0003699078   0.0146801919
       -0.0228419584  -0.0188938941   0.0409765397  -0.1054285149  -0.1094616333
       -0.2659136115   0.0156239448   0.4584387097   0.0609965778   0.1063499111
       -0.1167572205  -0.0000410003  -0.0000661284   0.0000216779   0.0002363918
        0.0001459637   0.0000462389  -0.0002239121   0.0000044536   0.0000882208
       -0.0004081544   0.0000589439   0.0004762490   0.0066512599  -0.0006943083
       -0.0007197735  -0.0022009642   0.0104899635   0.0044307881   0.1263728329
       -0.0140006045  -0.1982440230  -0.0037057055  -0.0086796598   0.0045378885
       -0.0002340068   0.0001277160  -0.0001692799  -0.0013910083  -0.0001151900
        0.0001220027   0.0002134652  -0.0000458068  -0.0000930540  -0.0011546655
       -0.0003825157   0.0006526256   0.0001255739   0.0008210040  -0.0000389860
       -0.0107134842  -0.0062445104   0.0124986450  -0.1473066875  -0.0122179493
        0.1261991718  -0.0065107096   0.0523524605   0.0148656101  -0.0248196219
       -0.0175083180   0.0231425004   0.0226265551  -0.0260873246  -0.0297708135
       -0.0997870626  -0.0507993689   0.0609965778   0.3180697024   0.0228780701
       -0.2517588981   0.0000964659   0.0001993866   0.0002489329   0.0002841006
       -0.0000598729   0.0003294347  -0.0002392472   0.0002369671   0.0000105453
        0.0047960563   0.0008830414   0.0033521441  -0.0001509262  -0.0003196622
        0.0001945247   0.0049407834   0.0012490084   0.0038706257  -0.0077464860
       -0.0149611450   0.0094127333  -0.0510987970   0.0499940096   0.0259349573
        0.0000709420  -0.0002618230  -0.0000003517   0.0004853417  -0.0001634462
        0.0002645090   0.0001185351   0.0000032218  -0.0000060038  -0.0030623849
       -0.0020001700   0.0004466421   0.0005775743   0.0013273049   0.0009029835
       -0.0150265669  -0.0017453458   0.0194476498   0.0321092454  -0.0915712979
       -0.0470392524   0.0177360696   0.0176782050  -0.0216845095  -0.0165238258
       -0.0093237348   0.0207233079   0.0099236724  -0.0659407802  -0.0181508196
       -0.0980135275  -0.2521841090   0.1063499111   0.0228780701   0.6597333058
        0.0278138478  -0.0000352929   0.0000931509   0.0000117551  -0.0008040183
       -0.0002096573   0.0001451640  -0.0013545545  -0.0025555834   0.0017975613
        0.0011925969  -0.0045425291  -0.0027663927  -0.0003409429   0.0006160697
        0.0005523037   0.0011617582  -0.0046450649  -0.0023698418  -0.0007169215
        0.0004597419   0.0006856504   0.0496242294  -0.2447674583  -0.0871241139
       -0.0002367614  -0.0000169946  -0.0001472726   0.0007255652  -0.0006741038
       -0.0006433078   0.0000221047   0.0000744643   0.0001711295  -0.0036809298
       -0.0008660732  -0.0004099555  -0.0002969271  -0.0008143445   0.0000817909
        0.0157040709   0.0082906614  -0.0136978184   0.1298127915   0.0077429960
       -0.2108782046   0.0129077705  -0.0640140299  -0.0192720252   0.0227404778
        0.0217113496  -0.0324380458  -0.0264953177   0.0274953405   0.0376290402
        0.0559604890   0.0440913042  -0.1167572205  -0.2517588981   0.0278138478
        0.4404503759  -0.0002762005  -0.0002529622  -0.0000380338  -0.0003431281
        0.0000267100  -0.0000776889   0.0003528151   0.0009421559  -0.0005589385
        0.0036919905  -0.0022244772   0.0023289653  -0.0000841717   0.0004531089
       -0.0004008773   0.0039278816  -0.0024640299   0.0028328415   0.0107488142
        0.0191517193  -0.0112023498   0.0265775635  -0.0864666426  -0.0769724047
        0.0001543002  -0.0002072860   0.0002187090  -0.0004256368   0.0004491237
        0.0007469376   0.0002627933  -0.0001138108  -0.0001703999  -0.0020239062
        0.0300203750  -0.0072853170  -0.0378683683  -0.0397699773   0.0150710023
       -0.0033567197  -0.0183706408   0.0097811615   0.0011828127  -0.0031069433
       -0.0026774388  -0.0006921099  -0.0008099819   0.0006519101   0.0000785009
       -0.0002988617  -0.0000547839   0.0000602330   0.0000018752  -0.0000808950
        0.0000496505   0.0000997413  -0.0000410003   0.0000964659  -0.0000352929
       -0.0002762005   0.0414733517   0.0332420079  -0.0171448297   0.0012349984
       -0.0020002094   0.0002822387  -0.0001295277   0.0008253796   0.0008223683
       -0.0000878437   0.0000390262   0.0000301541  -0.0000554485  -0.0000895119
        0.0000672043  -0.0000256379   0.0000235572   0.0000204239   0.0000123650
        0.0000215137   0.0000284648   0.0000597271   0.0000799163   0.0000102905
        0.0000070281   0.0001434882  -0.0001445549   0.0001096287  -0.0007490267
       -0.0000553268  -0.0000961959   0.0001067737   0.0001152397   0.0037461806
       -0.0209840802  -0.0018721835  -0.0344802175  -0.2505413612   0.0950488980
       -0.0011505697  -0.0148823425   0.0029385575   0.0008758977  -0.0009572034
       -0.0013445019  -0.0003885489  -0.0005362541   0.0001209154   0.0000190745
       -0.0000514920  -0.0000661703   0.0000060873   0.0000766480   0.0000123585
        0.0000718259   0.0000787079  -0.0000661284   0.0001993866   0.0000931509
       -0.0002529622   0.0332420079   0.2903747441  -0.0984572448  -0.0017149250
       -0.0026639602   0.0033827862  -0.0003549056   0.0004943384   0.0003810381
       -0.0000521309   0.0000437208   0.0001079969   0.0000098931  -0.0000281023
        0.0000547683  -0.0000049988   0.0000098565   0.0000244253   0.0000092361
        0.0000317570  -0.0000090861  -0.0000537541  -0.0000593631   0.0000811751
       -0.0002460648   0.0003174467  -0.0000442821  -0.0001389366  -0.0001241406
       -0.0004490724   0.0000464295  -0.0000663471   0.0001699810  -0.0000460577
       -0.0086246224   0.0032993117   0.0159675078   0.0987483138  -0.0850630781
       -0.0027826431  -0.0125907773   0.0038539825   0.0008988716  -0.0015499823
       -0.0012863841  -0.0003872824  -0.0007266864   0.0002057163   0.0000574785
       -0.0001025345  -0.0001297368  -0.0000361980   0.0000318632   0.0000456521
       -0.0000056198  -0.0000182805   0.0000216779   0.0002489329   0.0000117551
       -0.0000380338  -0.0171448297  -0.0984572448   0.0892910781   0.0043685447
        0.0235530294  -0.0104542624  -0.0005741920  -0.0006122978   0.0004533646
       -0.0000682772   0.0000545120   0.0000277829  -0.0000278948  -0.0000273782
        0.0000069245   0.0000107308   0.0000052773  -0.0000068497   0.0000208405
       -0.0000062958   0.0000291534  -0.0001613402   0.0001843901   0.0000670744
       -0.0001826360  -0.0005525696   0.0003614488  -0.0000992231   0.0003957592
        0.0000075970   0.0001106413   0.0000100807  -0.0000626532  -0.0075069655
        0.0061150559   0.0296434498  -0.0327132771  -0.0059993180   0.0146996100
        0.0009580794   0.0036184365  -0.0209379879  -0.0001180976   0.0010534626
        0.0004890500  -0.0000386381   0.0001930033  -0.0000039285  -0.0000136813
        0.0001197702   0.0000365912   0.0000113790   0.0000956618  -0.0000063542
       -0.0001231317   0.0000822262   0.0002363918   0.0002841006  -0.0008040183
       -0.0003431281   0.0012349984  -0.0017149250   0.0043685447   0.0389681682
        0.0011672680  -0.0265378976   0.0007313495  -0.0036074748  -0.0023271456
       -0.0001004544   0.0000859045   0.0000292270  -0.0000209688   0.0000472237
        0.0000033428  -0.0000200197   0.0000746525   0.0000258333  -0.0000158799
       -0.0000068154   0.0000571971  -0.0013457432  -0.0003733836   0.0002608117
       -0.0006142195   0.0000928529  -0.0004355843   0.0006731670  -0.0004548922
       -0.0005294823  -0.0000525521   0.0000313263   0.0000895119   0.0045568651
       -0.0041514251  -0.0192021939  -0.0049607269  -0.0426898945   0.0317490702
        0.0010720178   0.0002897955  -0.0132879071   0.0001447115   0.0001349369
       -0.0008960564   0.0001007526  -0.0000423230  -0.0000338018   0.0000473194
       -0.0000379825   0.0000351579  -0.0000216697  -0.0000026522   0.0000258635
       -0.0000291848  -0.0001707491   0.0001459637  -0.0000598729  -0.0002096573
        0.0000267100  -0.0020002094  -0.0026639602   0.0235530294   0.0011672680
        0.0511425148  -0.0204147910   0.0006580838  -0.0016376283  -0.0010616516
       -0.0000239111   0.0001013889   0.0000733098   0.0000214680   0.0000075601
        0.0000290521  -0.0000131564   0.0000158129   0.0000100882  -0.0000219347
        0.0000420450  -0.0000072047  -0.0006442156   0.0002029312   0.0001309165
        0.0003994663  -0.0003878339   0.0006327282   0.0004872607  -0.0009172939
       -0.0001149327  -0.0001577856   0.0002021757   0.0000599010   0.0016995095
       -0.0055991581  -0.0090955411   0.0207186528   0.0260692996  -0.2965212265
        0.0019464969  -0.0025628381  -0.0145708607  -0.0001119360   0.0006545995
        0.0005002799   0.0002470739  -0.0000583690  -0.0003425791   0.0000943689
        0.0002128882  -0.0001021155  -0.0000967935   0.0001339121   0.0001211008
       -0.0001094348  -0.0000054100   0.0000462389   0.0003294347   0.0001451640
       -0.0000776889   0.0002822387   0.0033827862  -0.0104542624  -0.0265378976
       -0.0204147910   0.3295239321   0.0009276410  -0.0012554524  -0.0001406463
       -0.0000282398   0.0001248941   0.0000696514   0.0000115710   0.0000669082
       -0.0000242426  -0.0000018783   0.0000363766  -0.0000034742   0.0000481283
        0.0000640412  -0.0000391955  -0.0001478772   0.0001081010   0.0005329332
        0.0001910783   0.0000742043   0.0000754448  -0.0010628172  -0.0006756635
       -0.0002812599   0.0002693705  -0.0000481353  -0.0000298022  -0.0207689544
        0.0039755790  -0.0317464468  -0.0020135515  -0.0023263811   0.0020538300
       -0.0354673309   0.0093549523  -0.0406242985   0.0028499585  -0.0043007857
        0.0103187914   0.0000893021   0.0003112762   0.0007224984  -0.0005595008
       -0.0001059979  -0.0001140263   0.0000122933   0.0000132818  -0.0000186835
       -0.0007148314  -0.0002734714  -0.0002239121  -0.0002392472  -0.0013545545
        0.0003528151  -0.0001295277  -0.0003549056  -0.0005741920   0.0007313495
        0.0006580838   0.0009276410   0.0564032401  -0.0050762776   0.0589930354
        0.0002230413   0.0002152530   0.0001489191  -0.0000178528  -0.0000248472
        0.0000084424   0.0000916004   0.0000176821   0.0000670348  -0.0000805131
       -0.0000490212  -0.0000132950   0.0001928926  -0.0000302715  -0.0000425363
       -0.0000938856   0.0002636016  -0.0001946951   0.0005494764  -0.0002988162
       -0.0000136609  -0.0000879235   0.0000343995   0.0000162812   0.0054576614
       -0.0009683601   0.0070009245  -0.0048508154   0.0034875677  -0.0232236240
        0.0069873174  -0.0497277876   0.0561313793   0.0014724338  -0.0050574827
        0.0203462451  -0.0009112809   0.0002055037   0.0006651090  -0.0003610125
        0.0001512347  -0.0005518790  -0.0000390716   0.0002085253   0.0001211233
       -0.0012175262  -0.0001615636   0.0000044536   0.0002369671  -0.0025555834
        0.0009421559   0.0008253796   0.0004943384  -0.0006122978  -0.0036074748
       -0.0016376283  -0.0012554524  -0.0050762776   0.0560545306  -0.0592561293
        0.0003957255  -0.0002711395  -0.0000934347  -0.0000253527   0.0000361169
       -0.0000543542   0.0001359441   0.0000145524   0.0000172301  -0.0001058329
       -0.0001820135   0.0000448211   0.0003155486  -0.0000899959  -0.0000341959
       -0.0000874977   0.0001881826  -0.0001698382  -0.0000204272   0.0001963086
       -0.0006371692   0.0000130740  -0.0000264956   0.0000770965  -0.0055288331
       -0.0034123419  -0.0002033702  -0.0058430603   0.0021723776  -0.0175044491
       -0.0472968745   0.0543107275  -0.2716580316   0.0008478896   0.0057303728
       -0.0121505123  -0.0001440556  -0.0010684136  -0.0000916876   0.0006562263
        0.0001022023   0.0001122680  -0.0001732577  -0.0000892801   0.0002304279
        0.0008139087  -0.0000656098   0.0000882208   0.0000105453   0.0017975613
       -0.0005589385   0.0008223683   0.0003810381   0.0004533646  -0.0023271456
       -0.0010616516  -0.0001406463   0.0589930354  -0.0592561293   0.3021986922
       -0.0004063208   0.0000883356  -0.0000450757  -0.0000173392  -0.0000735077
        0.0000388477  -0.0001363805  -0.0000280356  -0.0000568436   0.0000590558
        0.0000610309   0.0000322142  -0.0002349110   0.0000533279  -0.0000145696
        0.0002285206   0.0000148828  -0.0000426132  -0.0006822966  -0.0003435917
        0.0001342941  -0.0002719905   0.0000357644  -0.0001815970  -0.0002325637
       -0.0002794816  -0.0003759823   0.0000362556  -0.0000656924   0.0001872345
       -0.0013303206  -0.0003051009  -0.0015084618  -0.0049918331   0.0026224408
        0.0081660706  -0.1229527555   0.0094077406   0.1203748694  -0.0073486438
       -0.0007413672   0.0106267910   0.0045873582  -0.0026166570   0.0044944643
        0.0000500559  -0.0001284124  -0.0004081544   0.0047960563   0.0011925969
        0.0036919905  -0.0000878437  -0.0000521309  -0.0000682772  -0.0001004544
       -0.0000239111  -0.0000282398   0.0002230413   0.0003957255  -0.0004063208
        0.1309871633  -0.0096982530  -0.1428802367  -0.0013427718   0.0004989579
       -0.0016655963  -0.0004247187   0.0000976467   0.0004311994  -0.0010392835
        0.0000458273  -0.0009340504  -0.0001029754  -0.0000569847   0.0003926160
       -0.0000020739   0.0000829438  -0.0000330681  -0.0004116151   0.0000895177
       -0.0005629569  -0.0000967563  -0.0000782060   0.0001168592   0.0001121965
       -0.0000802974   0.0003269922   0.0001180396   0.0000037815  -0.0001500004
        0.0006060033   0.0008013586  -0.0011283232   0.0153652812  -0.0029981940
       -0.0207250035   0.0102224246  -0.0459747594  -0.0144085947  -0.0147423442
        0.0009148573   0.0194028150  -0.0023028774  -0.0037888787   0.0021493056
       -0.0000538330  -0.0004382109   0.0000589439   0.0008830414  -0.0045425291
       -0.0022244772   0.0000390262   0.0000437208   0.0000545120   0.0000859045
        0.0001013889   0.0001248941   0.0002152530  -0.0002711395   0.0000883356
       -0.0096982530   0.0555079466   0.0160189491  -0.0004481568   0.0007262459
        0.0008695036  -0.0007889035   0.0000158022   0.0010389696   0.0000553986
        0.0000680513   0.0000863822   0.0008422443  -0.0001833995  -0.0011040382
        0.0000295919   0.0000085427  -0.0001020924  -0.0013568379  -0.0010770622
       -0.0011200437  -0.0000796505   0.0002981014   0.0000512253  -0.0011133048
       -0.0003284711  -0.0001575529   0.0001878555   0.0000003268   0.0000835917
       -0.0006857236   0.0012753143  -0.0005048089   0.0085154530  -0.0027556928
       -0.0104117310   0.1223336203  -0.0134862596  -0.1981523199   0.0093986063
        0.0005376484  -0.0112019345   0.0043120454   0.0024937819   0.0023422764
       -0.0005699328   0.0001914587   0.0004762490   0.0033521441  -0.0027663927
        0.0023289653   0.0000301541   0.0001079969   0.0000277829   0.0000292270
        0.0000733098   0.0000696514   0.0001489191  -0.0000934347  -0.0000450757
       -0.1428802367   0.0160189491   0.2181489557  -0.0016568424  -0.0004394714
       -0.0003515547   0.0003429361  -0.0001171554  -0.0005865615  -0.0008906865
        0.0000525441  -0.0005302764   0.0005526624   0.0000059657  -0.0003647461
        0.0000905716   0.0000254712   0.0000697431   0.0001453738  -0.0000703412
        0.0002041501  -0.0000525967  -0.0000732508  -0.0000597825  -0.0003057303
       -0.0001911809  -0.0003336790   0.0001256356   0.0000738210   0.0001165552
        0.0002958285  -0.0001196710  -0.0000237974   0.0044173985  -0.0022906901
        0.0044685203   0.0026768444  -0.0096611073  -0.0032288733  -0.0531779955
        0.0550555011   0.0267091277  -0.0045720282   0.0161343152   0.0083224704
        0.0026974053  -0.0001844900   0.0066512599  -0.0001509262  -0.0003409429
       -0.0000841717  -0.0000554485   0.0000098931  -0.0000278948  -0.0000209688
        0.0000214680   0.0000115710  -0.0000178528  -0.0000253527  -0.0000173392
       -0.0013427718  -0.0004481568  -0.0016568424   0.0519394614  -0.0594107212
       -0.0390166557  -0.0012952196   0.0006045915  -0.0014597250  -0.0003562825
        0.0008345353   0.0002631125  -0.0010406983   0.0000563084  -0.0009077491
       -0.0000800785   0.0001217453   0.0000163744   0.0001966464  -0.0004838665
       -0.0000623222   0.0000704145   0.0001690753   0.0000956774  -0.0000165576
        0.0003448570  -0.0000050536  -0.0000399301  -0.0003190640   0.0000615126
        0.0003208037  -0.0012819258  -0.0006736147  -0.0024510020  -0.0032226338
        0.0024101469   0.0049439071  -0.0255063471  -0.0082091639   0.0546471679
       -0.2484575492  -0.0848233844   0.0018530031  -0.0034396754  -0.0027242570
        0.0002324417   0.0010911827  -0.0006943083  -0.0003196622   0.0006160697
        0.0004531089  -0.0000895119  -0.0000281023  -0.0000273782   0.0000472237
        0.0000075601   0.0000669082  -0.0000248472   0.0000361169  -0.0000735077
        0.0004989579   0.0007262459  -0.0004394714  -0.0594107212   0.2787453660
        0.0937895295  -0.0003800949   0.0009093816   0.0007098225  -0.0000073322
       -0.0001548547   0.0000439619   0.0000091717   0.0001264184   0.0000854193
       -0.0000208177  -0.0001344895  -0.0000369032  -0.0000035366   0.0000794457
        0.0003217181   0.0000007185   0.0000772555  -0.0002455073  -0.0002128782
       -0.0001225100  -0.0002693517   0.0001022380   0.0001594877   0.0001329519
        0.0000945275   0.0007474080   0.0003144148   0.0042742472   0.0021463875
        0.0026276923  -0.0023714483   0.0098479061   0.0043861948   0.0270298477
       -0.0848685148  -0.0763248567   0.0070360881  -0.0210044317  -0.0095226636
        0.0066382835  -0.0006398380  -0.0007197735   0.0001945247   0.0005523037
       -0.0004008773   0.0000672043   0.0000547683   0.0000069245   0.0000033428
        0.0000290521  -0.0000242426   0.0000084424  -0.0000543542   0.0000388477
       -0.0016655963   0.0008695036  -0.0003515547  -0.0390166557   0.0937895295
        0.0817757428  -0.0015087776  -0.0005579067  -0.0005738700   0.0002280677
       -0.0010803624  -0.0005423802  -0.0008778218   0.0001093596  -0.0005925062
       -0.0000379786   0.0000451982   0.0000329524   0.0002730281   0.0000700460
        0.0000637159  -0.0001122748  -0.0001340908  -0.0000130919  -0.0004835024
       -0.0004755860   0.0002050747   0.0001033879   0.0001490729  -0.0000891375
       -0.0008200332   0.0004546775  -0.0010464314   0.0000141232   0.0006017693
        0.0003954716   0.0026900970  -0.0001494578   0.0066334853  -0.0071064887
       -0.0151479604   0.0092178639  -0.0741163474  -0.0780123917   0.0434679676
        0.0028670787   0.0047066969  -0.0022009642   0.0049407834   0.0011617582
        0.0039278816  -0.0000256379  -0.0000049988   0.0000107308  -0.0000200197
       -0.0000131564  -0.0000018783   0.0000916004   0.0001359441  -0.0001363805
       -0.0004247187  -0.0007889035   0.0003429361  -0.0012952196  -0.0003800949
       -0.0015087776   0.0745855886   0.0867574400  -0.0575332428  -0.0011825741
        0.0006639628  -0.0015993084   0.0000591078   0.0003600742  -0.0001688674
       -0.0000650475   0.0000063282  -0.0000222413   0.0000519983  -0.0001454577
        0.0001352451   0.0000758280   0.0001153820  -0.0000832281   0.0000844794
        0.0002917554  -0.0001347064  -0.0000747156  -0.0000914826   0.0000620597
        0.0000074419  -0.0000427221  -0.0000038626   0.0004902453   0.0005069789
       -0.0006566360  -0.0000588850   0.0010306195  -0.0003670060  -0.0006940735
        0.0002717467   0.0008256326  -0.0782278090  -0.2183673379   0.0878058851
       -0.0095388424  -0.0251083527   0.0104899635   0.0012490084  -0.0046450649
       -0.0024640299   0.0000235572   0.0000098565   0.0000052773   0.0000746525
        0.0000158129   0.0000363766   0.0000176821   0.0000145524  -0.0000280356
        0.0000976467   0.0000158022  -0.0001171554   0.0006045915   0.0009093816
       -0.0005579067   0.0867574400   0.2457053494  -0.0961169897  -0.0003066977
        0.0006540864   0.0006179584  -0.0005685007  -0.0011472341   0.0005733993
       -0.0000590721  -0.0001309276   0.0000189443  -0.0000064910   0.0000225113
        0.0000661972   0.0000299052   0.0000511539  -0.0000675174  -0.0002894733
       -0.0002016663   0.0001454009  -0.0000555968  -0.0000557215   0.0000216013
       -0.0006873012   0.0002238264  -0.0007940974   0.0001680561  -0.0006306204
        0.0000812246   0.0067062033  -0.0005766470  -0.0006723107   0.0104004222
        0.0192639443  -0.0110958633   0.0433838633   0.0879050231  -0.0853932291
       -0.0031133495  -0.0080198338   0.0044307881   0.0038706257  -0.0023698418
        0.0028328415   0.0000204239   0.0000244253  -0.0000068497   0.0000258333
        0.0000100882  -0.0000034742   0.0000670348   0.0000172301  -0.0000568436
        0.0004311994   0.0010389696  -0.0005865615  -0.0014597250   0.0007098225
       -0.0005738700  -0.0575332428  -0.0961169897   0.0919770624  -0.0016635219
       -0.0006641172  -0.0004269493  -0.0002357939  -0.0005006294   0.0001035058
       -0.0000341178   0.0000728379   0.0000471218   0.0002895092  -0.0000454173
       -0.0001036768  -0.0000108578  -0.0000375829   0.0000852483  -0.0001085885
       -0.0000156475   0.0004136652   0.0000381742   0.0001050261  -0.0002010725
       -0.0002425285   0.0001460075   0.0001941921   0.0043697869  -0.0025500432
        0.0042580562   0.0001926992  -0.0001091079  -0.0006444250   0.0049094609
        0.0015046181   0.0038806531  -0.0047904287   0.0018770829   0.0075097371
       -0.1339416857   0.0102910396   0.1263728329  -0.0077464860  -0.0007169215
        0.0107488142   0.0000123650   0.0000092361   0.0000208405  -0.0000158799
       -0.0000219347   0.0000481283  -0.0000805131  -0.0001058329   0.0000590558
       -0.0010392835   0.0000553986  -0.0008906865  -0.0003562825  -0.0000073322
        0.0002280677  -0.0011825741  -0.0003066977  -0.0016635219   0.1409672277
       -0.0106706844  -0.1487886506  -0.0012299970   0.0005259553  -0.0015743798
        0.0000250338  -0.0000998415   0.0000350057  -0.0000472584  -0.0002007629
        0.0001485899   0.0001291348   0.0001516827  -0.0001069372  -0.0001197223
        0.0001789624  -0.0001755235  -0.0000056144  -0.0000381786   0.0001063422
       -0.0007352693  -0.0001226541   0.0009786119  -0.0024888590  -0.0034710304
        0.0019847933  -0.0001045835  -0.0006309958   0.0000977432   0.0012929776
       -0.0045041937  -0.0024533776   0.0161699959  -0.0030866614  -0.0209228601
        0.0104570413  -0.0452944074  -0.0140006045  -0.0149611450   0.0004597419
        0.0191517193   0.0000215137   0.0000317570  -0.0000062958  -0.0000068154
        0.0000420450   0.0000640412  -0.0000490212  -0.0001820135   0.0000610309
        0.0000458273   0.0000680513   0.0000525441   0.0008345353  -0.0001548547
       -0.0010803624   0.0006639628   0.0006540864  -0.0006641172  -0.0106706844
        0.0554526991   0.0158501754  -0.0004510494   0.0007465684   0.0008794812
       -0.0001264653  -0.0000186515   0.0000347954   0.0000431330   0.0000173078
       -0.0001866372   0.0000388731   0.0000360874   0.0001103142   0.0002300670
        0.0001185729   0.0004905073  -0.0001431748  -0.0001244447  -0.0002370782
        0.0003607752  -0.0001484394  -0.0007881661   0.0044190179   0.0021670048
        0.0027997609  -0.0005678165   0.0000474505   0.0004498525   0.0039696500
       -0.0026617994   0.0026676171   0.0084320960  -0.0025030252  -0.0099012251
        0.1266451597  -0.0138639395  -0.1982440230   0.0094127333   0.0006856504
       -0.0112023498   0.0000284648  -0.0000090861   0.0000291534   0.0000571971
       -0.0000072047  -0.0000391955  -0.0000132950   0.0000448211   0.0000322142
       -0.0009340504   0.0000863822  -0.0005302764   0.0002631125   0.0000439619
       -0.0005423802  -0.0015993084   0.0006179584  -0.0004269493  -0.1487886506
        0.0158501754   0.2159107836  -0.0017275188  -0.0003787823  -0.0004267182
        0.0000991865  -0.0000723417   0.0001238417  -0.0000652440   0.0000495490
        0.0000159742   0.0001302113  -0.0000091713   0.0000328598  -0.0001370479
       -0.0000200969   0.0001855600  -0.0004121187  -0.0002840622   0.0004259632
       -0.0010366765   0.0009274813  -0.0016826866  -0.0042767162   0.0161961306
        0.0080753998   0.0022981829  -0.0002139295   0.0063743418  -0.0003765951
       -0.0003716738   0.0000831537   0.0044284843  -0.0025156296   0.0043663274
        0.0030474396  -0.0091747768  -0.0037057055  -0.0510987970   0.0496242294
        0.0265775635   0.0000597271  -0.0000537541  -0.0001613402  -0.0013457432
       -0.0006442156  -0.0001478772   0.0001928926   0.0003155486  -0.0002349110
       -0.0001029754   0.0008422443   0.0005526624  -0.0010406983   0.0000091717
       -0.0008778218   0.0000591078  -0.0005685007  -0.0002357939  -0.0012299970
       -0.0004510494  -0.0017275188   0.0508073772  -0.0535851532  -0.0380399925
       -0.0001600986   0.0000110919   0.0000227425  -0.0000334982  -0.0002508885
       -0.0000447528   0.0000537423   0.0001410776  -0.0000233794   0.0000183028
        0.0001785403   0.0001051414  -0.0002571171  -0.0000817776   0.0001514758
       -0.0006830569   0.0004697780   0.0006358463   0.0024047261  -0.0045685189
       -0.0037209036   0.0000500681   0.0010737881  -0.0008124691  -0.0003242477
        0.0004957939   0.0004832252  -0.0027809167  -0.0037017106   0.0023211802
        0.0047416252  -0.0252727285  -0.0086796598   0.0499940096  -0.2447674583
       -0.0864666426   0.0000799163  -0.0000593631   0.0001843901  -0.0003733836
        0.0002029312   0.0001081010  -0.0000302715  -0.0000899959   0.0000533279
       -0.0000569847  -0.0001833995   0.0000059657   0.0000563084   0.0001264184
        0.0001093596   0.0003600742  -0.0011472341  -0.0005006294   0.0005259553
        0.0007465684  -0.0003787823  -0.0535851532   0.2766770872   0.0964464633
       -0.0000604284   0.0001473762  -0.0000270095   0.0000527189  -0.0002043861
       -0.0003584233   0.0000402980   0.0000282030   0.0001706444  -0.0004548701
       -0.0001921055   0.0005779993  -0.0001318062  -0.0000322656  -0.0003460338
       -0.0014138676  -0.0008302197  -0.0009882722   0.0073839093  -0.0208557328
       -0.0107433699   0.0063696209  -0.0001752096  -0.0007941372  -0.0001537352
        0.0003294388  -0.0000049943   0.0044747025   0.0019360888   0.0024906332
       -0.0019716925   0.0099143059   0.0045378885   0.0259349573  -0.0871241139
       -0.0769724047   0.0000102905   0.0000811751   0.0000670744   0.0002608117
        0.0001309165   0.0005329332  -0.0000425363  -0.0000341959  -0.0000145696
        0.0003926160  -0.0011040382  -0.0003647461  -0.0009077491   0.0000854193
       -0.0005925062  -0.0001688674   0.0005733993   0.0001035058  -0.0015743798
        0.0008794812  -0.0004267182  -0.0380399925   0.0964464633   0.0831525062
