           1           2   1.1032460353702058     
           2           3   1.1591803191312913     
           2           4  0.23885104140676175     
           4           5  0.91972689049315726     
           4           6  0.88503099847100164     
           5           6  0.97939926976671621     
           6           7   1.0222728889054324     
           7           8   1.3980994260185637     
           8           9   1.4474650057894056     
           7          10  0.10650618141548106     
           9          10   1.4319328685353787     
           8          11  0.10964422717254978     
          10          11   1.4422626273239927     
           7          12   1.4064558478899452     
           9          12  0.10992475641844089     
          11          12   1.4414130591493564     
           5          13  0.97228332136952578     
           5          14  0.96747265538250915     
           6          15  0.96398370859388005     
           8          16  0.94400605106022917     
           9          17  0.96870696189548011     
          10          18  0.97039137498970596     
          11          19  0.97013887304193280     
          12          20  0.96845051574378294     
