$hessian                                                                        
        0.0182400459   0.0095065432   0.0246772853  -0.0252386645  -0.0060939530
       -0.0248010374   0.0051530744  -0.0006973304  -0.0001638324   0.0015329062
       -0.0017426492  -0.0009239962   0.0002903864  -0.0005173078  -0.0002713414
        0.0000365505  -0.0008625039   0.0003854081  -0.0002270083  -0.0000672721
        0.0001439974  -0.0002059249   0.0001656849   0.0004038114   0.0001174216
        0.0003652182   0.0003444408   0.0000227629   0.0002950722   0.0000422416
        0.0001445545   0.0002412215  -0.0001251164  -0.0004886306   0.0000560188
       -0.0000764393   0.0001652550  -0.0000303836  -0.0000110664   0.0000646043
       -0.0000852937  -0.0000802102   0.0000876513  -0.0001863913   0.0000092615
        0.0000243331  -0.0001347587   0.0002320874  -0.0000309113   0.0000576208
        0.0002181587   0.0000193688  -0.0000031304   0.0001875013   0.0001832182
       -0.0000955001   0.0000475012   0.0001090064  -0.0001709054  -0.0002386550
        0.0095065432   0.0228424532   0.0281057088  -0.0115266474  -0.0200558919
       -0.0272196750   0.0009037424   0.0047473572   0.0020004723   0.0020123689
       -0.0080010466  -0.0030403684  -0.0003077675   0.0002721591   0.0003811662
       -0.0010766803   0.0002219549   0.0000688310   0.0003975907  -0.0004867833
        0.0000297125   0.0001117940  -0.0003974867  -0.0001275019  -0.0000204241
       -0.0001550148   0.0001394941   0.0000335318   0.0001500844   0.0001141833
        0.0000532184   0.0003113393   0.0001224699  -0.0000560754   0.0001169210
       -0.0002569018  -0.0000135620   0.0000038028  -0.0003799670  -0.0002352404
        0.0002927800  -0.0000102069   0.0000272396   0.0001060615  -0.0000646836
       -0.0000446539  -0.0001496531  -0.0002013169   0.0001404082  -0.0001774917
        0.0000597896   0.0001234345   0.0000595025   0.0001530266  -0.0000070160
        0.0002102161   0.0001267732  -0.0000218046   0.0000887362  -0.0000010060
        0.0246772853   0.0281057088   0.0795137606  -0.0297449718  -0.0160687046
       -0.0845441937   0.0015508084  -0.0013579449   0.0068107854   0.0006175655
       -0.0082886902  -0.0004624711   0.0003184776  -0.0011171472  -0.0003401259
        0.0006514054  -0.0002131953   0.0000259794   0.0011847375  -0.0009127243
       -0.0001796194  -0.0000319199   0.0001351961  -0.0003616310   0.0000146723
        0.0000139818  -0.0000645270  -0.0001019115  -0.0000193623  -0.0002313505
        0.0002339500   0.0000584663  -0.0000774655   0.0004281550  -0.0001244387
       -0.0010922356  -0.0000495349  -0.0000097471   0.0001959758  -0.0001814168
        0.0002570421   0.0002985768   0.0001204156  -0.0001794070   0.0001531130
        0.0001590211  -0.0001715286   0.0001551997   0.0001755174   0.0000306173
       -0.0000132244   0.0000502853   0.0000209047  -0.0000787441  -0.0001522624
       -0.0001042895   0.0000556367   0.0000797209  -0.0000547374   0.0002365608
       -0.0252386645  -0.0115266474  -0.0297449718   0.0645330342   0.0040333674
        0.0588928947  -0.0285073019  -0.0016852314  -0.0304715392  -0.0078875870
        0.0018999115   0.0005601630  -0.0003632163  -0.0000802231   0.0010569707
        0.0001356727   0.0068237189  -0.0010377920  -0.0015507547   0.0018395269
       -0.0027052132  -0.0006576904   0.0001793870  -0.0006324448  -0.0004173001
       -0.0004739469  -0.0001021688  -0.0004213198  -0.0003077048  -0.0000829120
       -0.0010769232  -0.0016910415   0.0006403014   0.0021577360  -0.0010004602
        0.0013661022  -0.0000209687  -0.0002016229  -0.0002877698   0.0003310329
        0.0003949823   0.0000022688  -0.0006535010   0.0005372472   0.0004687700
       -0.0000390640   0.0000303172  -0.0000692345   0.0001029717   0.0000139960
        0.0000229970   0.0001380735   0.0000724468  -0.0000834360  -0.0000461499
        0.0001539866   0.0000104934  -0.0005180796   0.0009879902   0.0021965210
       -0.0060939530  -0.0200558919  -0.0160687046   0.0040333674   0.0602453893
        0.0309967940  -0.0079226484  -0.0134262631  -0.0155770697  -0.0025415441
       -0.0199476829   0.0081479359   0.0025613462  -0.0026995101  -0.0030118140
        0.0071086857  -0.0016389651  -0.0023842979   0.0014414748   0.0006056474
       -0.0016302686  -0.0002865339   0.0002847716   0.0005701273   0.0000487248
        0.0006017655  -0.0005730131   0.0001958322  -0.0006132613   0.0011043112
       -0.0006474294  -0.0018853080  -0.0007035205   0.0030413842  -0.0008965549
       -0.0003572657  -0.0003448402  -0.0000295943   0.0001846451   0.0002576593
       -0.0006355767  -0.0007258090  -0.0005226431  -0.0001721822   0.0001455660
        0.0000137437  -0.0000007916   0.0001677712  -0.0000491304  -0.0001815971
       -0.0001360580  -0.0002339726  -0.0000495563   0.0000969408  -0.0001999760
       -0.0002365543   0.0002096018   0.0001404527   0.0007317161  -0.0004558723
       -0.0248010374  -0.0272196750  -0.0845441937   0.0588928947   0.0309967940
        0.1811024755  -0.0362400383  -0.0033148121  -0.0902731166   0.0015207602
        0.0038439105  -0.0085186826   0.0001916897  -0.0027539152   0.0037896135
       -0.0014677748  -0.0000296159   0.0015011131   0.0007690622  -0.0007909686
        0.0017577246   0.0000231338  -0.0007011493  -0.0005996466  -0.0000955562
       -0.0001058954  -0.0002796580   0.0001415600  -0.0001471216  -0.0001424261
        0.0004794371   0.0012484474  -0.0000338353  -0.0003134554   0.0009231363
        0.0017164897   0.0006163765  -0.0002668238  -0.0007626298   0.0001695540
       -0.0012714296  -0.0005926758  -0.0002415266   0.0002746557  -0.0004051828
       -0.0002766791   0.0002098995  -0.0004351320  -0.0001621009   0.0000191444
       -0.0001155690  -0.0002380457  -0.0000161301  -0.0000858866   0.0000526712
        0.0003476038  -0.0001725074   0.0009790750  -0.0012460549  -0.0029062741
        0.0051530744   0.0009037424   0.0015508084  -0.0285073019  -0.0079226484
       -0.0362400383   0.0288624739   0.0002183681   0.0368050787  -0.0005284229
        0.0058015690  -0.0020851348  -0.0004179996   0.0004027646  -0.0000479103
       -0.0002535059  -0.0001936928  -0.0001757934  -0.0007394513   0.0001269705
       -0.0000813363   0.0002337719   0.0001212199  -0.0000208378   0.0000699366
        0.0000872248  -0.0001974107   0.0002482970  -0.0000205377   0.0000918666
       -0.0002951372   0.0000507026  -0.0002900278  -0.0013605250   0.0006670809
        0.0011698120  -0.0000170128   0.0000680361   0.0000098710  -0.0003009352
       -0.0002906886   0.0001572162   0.0001001093  -0.0000678236  -0.0001461804
        0.0001308334  -0.0000307665  -0.0001713783   0.0001045614  -0.0000354376
       -0.0002423406  -0.0000973840  -0.0000355135  -0.0001584004  -0.0001047424
        0.0000747261  -0.0000479872  -0.0022806395   0.0000747038   0.0001201234
       -0.0006973304   0.0047473572  -0.0013579449  -0.0016852314  -0.0134262631
       -0.0033148121   0.0002183681   0.0116955742   0.0016076275   0.0026855767
       -0.0032894601   0.0016875919   0.0005736978  -0.0001558018   0.0002682545
       -0.0008947457   0.0000797252   0.0004684096  -0.0000368014  -0.0000863238
        0.0001520111   0.0000389606   0.0001499034  -0.0000171023  -0.0000451014
        0.0002000867  -0.0001293158  -0.0000280905   0.0000427910  -0.0001399603
        0.0000829481  -0.0000342460   0.0002089236  -0.0002561498   0.0000126094
       -0.0000796996  -0.0000233235   0.0001055409   0.0003028150  -0.0004525582
       -0.0001943939   0.0003858988   0.0002086995   0.0001762289   0.0002721885
       -0.0000148153   0.0001694737   0.0000543786  -0.0000419896   0.0002004096
       -0.0000450912  -0.0000082935   0.0000513419  -0.0001672344   0.0001040929
       -0.0000499256  -0.0002839175   0.0002720870  -0.0003946277   0.0001269790
       -0.0001638324   0.0020004723   0.0068107854  -0.0304715392  -0.0155770697
       -0.0902731166   0.0368050787   0.0016076275   0.0859312183  -0.0050033648
        0.0105886145  -0.0024149860   0.0005925204   0.0002270341  -0.0009709313
       -0.0002260906   0.0007867540  -0.0001727594  -0.0006656503   0.0005816423
       -0.0004919677   0.0000033386  -0.0000176378   0.0001901924   0.0000448109
        0.0000520550   0.0001570318   0.0000739153   0.0000908302   0.0000115843
       -0.0001119693  -0.0000904081  -0.0000722352  -0.0008459330  -0.0004408202
       -0.0000302808  -0.0000277375  -0.0000017928   0.0001747107  -0.0000660033
        0.0001286866   0.0002141697  -0.0000515863  -0.0000222550  -0.0000025776
        0.0000798155  -0.0000615699   0.0001597604  -0.0000091889  -0.0000286393
        0.0001214380   0.0001257832  -0.0000278131   0.0000912745  -0.0000016530
       -0.0001858814   0.0001053935  -0.0000807139   0.0003901707   0.0004612955
        0.0015329062   0.0020123689   0.0006175655  -0.0078875870  -0.0025415441
        0.0015207602  -0.0005284229   0.0026855767  -0.0050033648   0.2447955120
       -0.0593744171  -0.0636196794  -0.0389854841   0.0304524824   0.0428272639
       -0.1467691642   0.0265327517   0.0125253313  -0.0370583125  -0.0088645917
        0.0148403823   0.0007528237   0.0009540143   0.0042231847   0.0014272280
       -0.0017640659  -0.0005946446   0.0004869331   0.0004950759   0.0010692966
       -0.0001468778  -0.0029113482  -0.0021979869   0.0004919385   0.0030129303
       -0.0042871192   0.0039304493  -0.0033315302  -0.0051359450   0.0008627161
       -0.0016081617  -0.0037075590  -0.0216032699   0.0121252799   0.0042813887
       -0.0003822322   0.0008120824   0.0007934133  -0.0000825157   0.0001148888
        0.0000909280  -0.0005842495   0.0005938763   0.0006480254   0.0000485626
        0.0001113796   0.0000870951  -0.0003009539   0.0004929517   0.0010216639
       -0.0017426492  -0.0080010466  -0.0082886902   0.0018999115  -0.0199476829
        0.0038439105   0.0058015690  -0.0032894601   0.0105886145  -0.0593744171
        0.1981434747   0.0792850351   0.0186924899  -0.1000927258  -0.0679196429
        0.0292970530  -0.0535823048   0.0069261529  -0.0228556412   0.0076876814
        0.0102977631   0.0008050802  -0.0001587626   0.0006289653   0.0003284799
       -0.0020896913   0.0002330610  -0.0009272170   0.0008226224  -0.0016053471
        0.0012736679   0.0018580478  -0.0000012119  -0.0037394927   0.0006415062
        0.0008289045   0.0193918015  -0.0202053809  -0.0248888239  -0.0037371641
        0.0045884814   0.0002607227   0.0161256638  -0.0071735312  -0.0101000747
       -0.0001287634   0.0000258483  -0.0002559120  -0.0002214073   0.0002266430
        0.0001603928  -0.0003516409   0.0003439036   0.0001889196  -0.0001574465
        0.0003672352   0.0001383330  -0.0003798772  -0.0001648581  -0.0003210722
       -0.0009239962  -0.0030403684  -0.0004624711   0.0005601630   0.0081479359
       -0.0085186826  -0.0020851348   0.0016875919  -0.0024149860  -0.0636196794
        0.0792850351   0.2261794736   0.0313984016  -0.0626148941  -0.1524754700
        0.0253360763   0.0013786739  -0.0394542507   0.0058871427  -0.0013145346
       -0.0017285216  -0.0001178731  -0.0000455944  -0.0004798399  -0.0003025277
        0.0000222273   0.0001031010  -0.0000200085  -0.0000959357  -0.0003554581
        0.0000582905   0.0001128562   0.0004668808   0.0006958290   0.0002792225
        0.0008840866  -0.0005658624  -0.0102407125  -0.0036173112   0.0201898068
       -0.0197021923  -0.0268099123  -0.0164720544   0.0068791329   0.0089068048
       -0.0003007337   0.0002026301   0.0003081427  -0.0003517465   0.0002330341
        0.0003535409   0.0001267732  -0.0001620296  -0.0000566327   0.0003341607
       -0.0003844371  -0.0002051287   0.0001729729  -0.0006276412  -0.0006233655
        0.0002903864  -0.0003077675   0.0003184776  -0.0003632163   0.0025613462
        0.0001916897  -0.0004179996   0.0005736978   0.0005925204  -0.0389854841
        0.0186924899   0.0313984016   0.3112494268   0.1166149872   0.1302318751
       -0.1526908547  -0.0607836001  -0.1144978586  -0.0116193847  -0.0114591657
       -0.0099204698   0.0005289829  -0.0025154784   0.0004405224  -0.0010920561
       -0.0008916324  -0.0001237908  -0.0001801279   0.0001729870  -0.0007366896
       -0.0003030369   0.0008497876   0.0001380275  -0.0000376823   0.0008579354
       -0.0001520689  -0.0587829626  -0.0752095514   0.0092409460  -0.0405072972
        0.0158515778  -0.0366707557  -0.0073554543  -0.0038907221  -0.0096064670
        0.0002638294  -0.0002051142  -0.0001171842  -0.0000155312  -0.0003115983
       -0.0000622410   0.0002390615  -0.0002431761  -0.0002566470   0.0000077688
        0.0000858637  -0.0000458286  -0.0002283678  -0.0004428664  -0.0003624592
       -0.0005173078   0.0002721591  -0.0011171472  -0.0000802231  -0.0026995101
       -0.0027539152   0.0004027646  -0.0001558018   0.0002270341   0.0304524824
       -0.1000927258  -0.0626148941   0.1166149872   0.5374497369  -0.0309122168
       -0.0794786475  -0.0645425409  -0.0400745092  -0.0047875491  -0.0100304127
       -0.0177681372  -0.0021373556  -0.0036603355   0.0004630007  -0.0014263350
        0.0004271851  -0.0001979356   0.0001376569  -0.0001114661  -0.0000472727
       -0.0007807428   0.0002473745  -0.0002610335   0.0002838829  -0.0003833233
        0.0004091600  -0.0780529642  -0.2682832811   0.0364662407   0.0153718398
       -0.0941500009   0.1043073470   0.0044681088   0.0080117824   0.0141953329
        0.0001279440  -0.0000569957   0.0001621888  -0.0000814117  -0.0002063525
        0.0000028774   0.0002363162  -0.0002003660  -0.0002733893   0.0001613633
       -0.0000858700  -0.0001660019  -0.0009148092  -0.0017492557  -0.0000467287
       -0.0002713414   0.0003811662  -0.0003401259   0.0010569707  -0.0030118140
        0.0037896135  -0.0000479103   0.0002682545  -0.0009709313   0.0428272639
       -0.0679196429  -0.1524754700   0.1302318751  -0.0309122168   0.5682569737
       -0.1331188546  -0.0334973952  -0.1273335973   0.0000238629   0.0000407743
        0.0060371999   0.0006064161   0.0000921997  -0.0002494383   0.0000244577
        0.0001399006   0.0001315338   0.0000570320   0.0000970901   0.0003484717
       -0.0001596027  -0.0002777054   0.0000291355  -0.0000051035   0.0004057897
       -0.0008523589   0.0064108839   0.0330035218  -0.0436771213  -0.0422893280
        0.1098069781  -0.2353934636  -0.0071846747  -0.0107777070  -0.0175453657
        0.0003143361  -0.0001106468  -0.0000104004   0.0001797708  -0.0000850477
       -0.0000883333  -0.0000019180   0.0000308994   0.0000822861  -0.0001225712
        0.0001796983   0.0001134810   0.0014684353   0.0021459031   0.0001479107
        0.0000365505  -0.0010766803   0.0006514054   0.0001356727   0.0071086857
       -0.0014677748  -0.0002535059  -0.0008947457  -0.0002260906  -0.1467691642
        0.0292970530   0.0253360763  -0.1526908547  -0.0794786475  -0.1331188546
        0.4866170277   0.0848374005   0.1741843377  -0.0936015062  -0.0598489017
        0.0071035570  -0.0225751025  -0.0230466853  -0.0049240529  -0.0001014711
       -0.0008616308  -0.0055929174  -0.0010457712  -0.0011385501  -0.0004208719
        0.0049167457   0.0014890160  -0.0020357533   0.0014412904  -0.0052131347
        0.0090058070  -0.0085335852  -0.0009448292  -0.0043059927  -0.0042767958
        0.0004888378  -0.0016349557  -0.0606983273   0.0492777330  -0.0639254920
       -0.0008142938  -0.0004265502   0.0015107023  -0.0005210084  -0.0009946163
        0.0001380722  -0.0004307275   0.0003010556   0.0003472523   0.0002450041
        0.0001672494  -0.0003135126  -0.0010801771   0.0009579408  -0.0003109420
       -0.0008625039   0.0002219549  -0.0002131953   0.0068237189  -0.0016389651
       -0.0000296159  -0.0001936928   0.0000797252   0.0007867540   0.0265327517
       -0.0535823048   0.0013786739  -0.0607836001  -0.0645425409  -0.0334973952
        0.0848374005   0.4538035436  -0.1177643322  -0.0690028971  -0.1587591878
        0.0297260434  -0.0154089002  -0.0119176799  -0.0034820826  -0.0031891318
        0.0039505967   0.0003078508  -0.0000712552  -0.0010929809   0.0001605382
       -0.0005204372   0.0013865154   0.0055270469  -0.0091853533  -0.0234414485
        0.0110420837  -0.0259265074  -0.0040995775  -0.0084452517   0.0126519814
        0.0012851576   0.0006041162   0.0507093732  -0.1395337256   0.1157274270
        0.0022497836   0.0000967011   0.0002870037   0.0000258649  -0.0004617887
        0.0001076857   0.0009275142  -0.0006203092  -0.0006176672  -0.0003261494
       -0.0007862841   0.0000502847   0.0007120399  -0.0003474013  -0.0016559680
        0.0003854081   0.0000688310   0.0000259794  -0.0010377920  -0.0023842979
        0.0015011131  -0.0001757934   0.0004684096  -0.0001727594   0.0125253313
        0.0069261529  -0.0394542507  -0.1144978586  -0.0400745092  -0.1273335973
        0.1741843377  -0.1177643322   0.4158100092   0.0138461830   0.0332215421
       -0.0689205898  -0.0114886425  -0.0134054368   0.0032620135  -0.0051679160
        0.0005184894   0.0000480970  -0.0000588264  -0.0000253174  -0.0000971259
       -0.0037585766   0.0039660869  -0.0021147488   0.0133866796   0.0204869281
       -0.0066814636   0.0031745935  -0.0022297873  -0.0019175672  -0.0233936457
       -0.0012250823  -0.0098973513  -0.0591954080   0.1144850509  -0.1624858707
        0.0001018316  -0.0024112663  -0.0006808454  -0.0002984558  -0.0010404299
       -0.0003566401   0.0004822797  -0.0004092604  -0.0004530784   0.0002281125
        0.0013638371  -0.0000098535   0.0007581580  -0.0005356083  -0.0000714700
       -0.0002270083   0.0003975907   0.0011847375  -0.0015507547   0.0014414748
        0.0007690622  -0.0007394513  -0.0000368014  -0.0006656503  -0.0370583125
       -0.0228556412   0.0058871427  -0.0116193847  -0.0047875491   0.0000238629
       -0.0936015062  -0.0690028971   0.0138461830   0.4344284075   0.1567456981
        0.1743593390  -0.1856100846  -0.0294759201  -0.1371002340  -0.0341794427
       -0.0520683088   0.0100086632  -0.0188276282   0.0115300033  -0.0262435200
        0.0265073562   0.0119466147   0.0192796470  -0.0782057322  -0.0085402761
       -0.0321924369  -0.0003510598   0.0001668298   0.0001980450   0.0004482178
        0.0000492600  -0.0000449428   0.0049598417   0.0050563505  -0.0016270049
       -0.0041805904  -0.0006322347  -0.0065512823   0.0022422895  -0.0054805100
       -0.0020928798   0.0001369363   0.0004476362  -0.0004683248   0.0020472583
       -0.0055988202  -0.0016932497  -0.0046193517   0.0106975007  -0.0168771570
       -0.0000672721  -0.0004867833  -0.0009127243   0.0018395269   0.0006056474
       -0.0007909686   0.0001269705  -0.0000863238   0.0005816423  -0.0088645917
        0.0076876814  -0.0013145346  -0.0114591657  -0.0100304127   0.0000407743
       -0.0598489017  -0.1587591878   0.0332215421   0.1567456981   0.4538448928
       -0.1469771403  -0.0668934642  -0.0888180847  -0.0417044001  -0.0202982895
       -0.0067984824  -0.0185218359   0.0110012756  -0.0009148036   0.0085868775
       -0.0184265107  -0.0409086430   0.0183153639   0.0238588857  -0.1454975104
        0.1293451236  -0.0018361917   0.0001426065  -0.0001436253   0.0010995216
        0.0000730055   0.0004259835  -0.0087514028  -0.0146650857   0.0072027408
        0.0114534781   0.0027875638   0.0116161992  -0.0054638928  -0.0015132371
        0.0027010852   0.0004809061   0.0008175041   0.0001372356  -0.0052088493
       -0.0015592303   0.0025875780   0.0005122696   0.0040788831  -0.0043969167
        0.0001439974   0.0000297125  -0.0001796194  -0.0027052132  -0.0016302686
        0.0017577246  -0.0000813363   0.0001520111  -0.0004919677   0.0148403823
        0.0102977631  -0.0017285216  -0.0099204698  -0.0177681372   0.0060371999
        0.0071035570   0.0297260434  -0.0689205898   0.1743593390  -0.1469771403
        0.4972913281  -0.0998707144   0.0039068255  -0.1735416385  -0.0211506567
       -0.0559098285   0.0305523687  -0.0259284172   0.0077695162  -0.0453462497
        0.0487304614   0.0539118614   0.0049612055  -0.0611933449   0.0863199214
       -0.2141140558  -0.0043367855   0.0001217321  -0.0010409704   0.0009210612
       -0.0002700884  -0.0000975408   0.0082382141   0.0166631963  -0.0063327564
       -0.0175241051  -0.0025880191  -0.0182910993  -0.0016292834   0.0029070990
        0.0031125754  -0.0005614866   0.0001164739  -0.0004156954  -0.0021599571
        0.0025260392   0.0032258851  -0.0072752421   0.0106952871  -0.0164375824
       -0.0002059249   0.0001117940  -0.0000319199  -0.0006576904  -0.0002865339
        0.0000231338   0.0002337719   0.0000389606   0.0000033386   0.0007528237
        0.0008050802  -0.0001178731   0.0005289829  -0.0021373556   0.0006064161
       -0.0225751025  -0.0154089002  -0.0114886425  -0.1856100846  -0.0668934642
       -0.0998707144   0.4142476947   0.1812032532   0.1805288096  -0.1430852425
       -0.0986776056  -0.0205744048   0.0285668377  -0.0174336332   0.0504458054
       -0.0370156767  -0.0274151807  -0.0110979255  -0.0009732245   0.0446946852
       -0.0454525663  -0.0004745642   0.0002226141  -0.0000961882  -0.0001752491
        0.0000387028  -0.0000590492   0.0003302982   0.0013796288  -0.0004477714
       -0.0478826135   0.0220897209  -0.0371689520  -0.0133882275  -0.0187484096
        0.0010262999   0.0037890843  -0.0015344209  -0.0033647120  -0.0001985161
       -0.0004319958  -0.0001178679   0.0037926232  -0.0016169399  -0.0027452159
        0.0001656849  -0.0003974867   0.0001351961   0.0001793870   0.0002847716
       -0.0007011493   0.0001212199   0.0001499034  -0.0000176378   0.0009540143
       -0.0001587626  -0.0000455944  -0.0025154784  -0.0036603355   0.0000921997
       -0.0230466853  -0.0119176799  -0.0134054368  -0.0294759201  -0.0888180847
        0.0039068255   0.1812032532   0.5061096891  -0.1618224555  -0.1398749926
       -0.2385712735   0.0130369628   0.0140523140  -0.0411102701   0.0578048686
       -0.0273720827  -0.0239964566  -0.0144269143   0.0155512639   0.0348903407
       -0.0117511444  -0.0009343140   0.0000879443  -0.0002386625   0.0000152921
       -0.0001245709   0.0001304992  -0.0008544205   0.0005157004  -0.0016161185
        0.0217747879  -0.1267106869   0.1192943712  -0.0064048409  -0.0070467199
        0.0002513703  -0.0017043777   0.0003298917   0.0051527346  -0.0002531067
       -0.0000270638  -0.0007154964  -0.0015809982   0.0001711497   0.0049355818
        0.0004038114  -0.0001275019  -0.0003616310  -0.0006324448   0.0005701273
       -0.0005996466  -0.0000208378  -0.0000171023   0.0001901924   0.0042231847
        0.0006289653  -0.0004798399   0.0004405224   0.0004630007  -0.0002494383
       -0.0049240529  -0.0034820826   0.0032620135  -0.1371002340  -0.0417044001
       -0.1735416385   0.1805288096  -0.1618224555   0.4976583660   0.0209795480
        0.0647489720  -0.0875552921   0.0196275059   0.0200122829   0.0061336324
       -0.0112476030  -0.0145056998  -0.0046491330  -0.0191811762   0.0215823239
       -0.0417590304   0.0003486641  -0.0000131355   0.0000182012  -0.0000328294
        0.0002230925  -0.0002372026   0.0019018962   0.0011352844   0.0006469371
       -0.0376501496   0.1183952520  -0.1982758690  -0.0112740988  -0.0154159340
        0.0020011171  -0.0033935989   0.0053252719  -0.0010751776   0.0001661612
       -0.0006207265   0.0004014257  -0.0031630781   0.0046244654  -0.0015279863
        0.0001174216  -0.0000204241   0.0000146723  -0.0004173001   0.0000487248
       -0.0000955562   0.0000699366  -0.0000451014   0.0000448109   0.0014272280
        0.0003284799  -0.0003025277  -0.0010920561  -0.0014263350   0.0000244577
       -0.0001014711  -0.0031891318  -0.0051679160  -0.0341794427  -0.0202982895
       -0.0211506567  -0.1430852425  -0.1398749926   0.0209795480   0.4304856981
        0.1818267958   0.1998772771  -0.0839417163   0.0297552241  -0.0700000899
        0.0004024586   0.0180144134  -0.0189847278  -0.0029375944  -0.0089597044
        0.0110597009  -0.0003897063  -0.0000008123  -0.0000546199   0.0001012845
       -0.0000247251   0.0000906221   0.0000440956   0.0000737843   0.0000119471
        0.0029550994   0.0027449927  -0.0005469989  -0.1725608736  -0.0457500952
       -0.1222662209   0.0026585737  -0.0100596658   0.0116886026   0.0003628135
       -0.0033212866  -0.0057966960   0.0000807934   0.0001781486   0.0005743714
        0.0003652182  -0.0001550148   0.0000139818  -0.0004739469   0.0006017655
       -0.0001058954   0.0000872248   0.0002000867   0.0000520550  -0.0017640659
       -0.0020896913   0.0000222273  -0.0008916324   0.0004271851   0.0001399006
       -0.0008616308   0.0039505967   0.0005184894  -0.0520683088  -0.0067984824
       -0.0559098285  -0.0986776056  -0.2385712735   0.0647489720   0.1818267958
        0.4972821296  -0.1405332214  -0.0124343236  -0.1634052160   0.0913387647
        0.0491451215   0.0384575394   0.0236662924  -0.0084074435  -0.0435663769
        0.0262978082   0.0001008825  -0.0000547931   0.0000551312   0.0001402839
       -0.0000516447   0.0001649589   0.0002091123   0.0002700517   0.0000386413
       -0.0094216429  -0.0163751622   0.0046857533  -0.0458664376  -0.0557422658
       -0.0362436648   0.0027151958  -0.0166964084   0.0200192038  -0.0037607612
        0.0026788691   0.0008349277   0.0000379643  -0.0003618950   0.0001955025
        0.0003444408   0.0001394941  -0.0000645270  -0.0001021688  -0.0005730131
       -0.0002796580  -0.0001974107  -0.0001293158   0.0001570318  -0.0005946446
        0.0002330610   0.0001031010  -0.0001237908  -0.0001979356   0.0001315338
       -0.0055929174   0.0003078508   0.0000480970   0.0100086632  -0.0185218359
        0.0305523687  -0.0205744048   0.0130369628  -0.0875552921   0.1998772771
       -0.1405332214   0.4954566734  -0.0288210106   0.1433518073  -0.2194655382
       -0.0491609538  -0.0140109698  -0.0442273376   0.0109147299   0.0267818190
       -0.0176090807   0.0000508032   0.0000389955   0.0000293575   0.0000138282
        0.0000232437  -0.0001013638  -0.0001827478   0.0000190381  -0.0002517924
        0.0118227796   0.0204895234  -0.0043521139  -0.1220761309  -0.0361158477
       -0.1488416169  -0.0004669230   0.0045517703  -0.0038286881  -0.0055562115
        0.0008622200  -0.0000989907   0.0004167927   0.0002463533   0.0001978361
        0.0000227629   0.0000335318  -0.0001019115  -0.0004213198   0.0001958322
        0.0001415600   0.0002482970  -0.0000280905   0.0000739153   0.0004869331
       -0.0009272170  -0.0000200085  -0.0001801279   0.0001376569   0.0000570320
       -0.0010457712  -0.0000712552  -0.0000588264  -0.0188276282   0.0110012756
       -0.0259284172   0.0285668377   0.0140523140   0.0196275059  -0.0839417163
       -0.0124343236  -0.0288210106   0.4205235672   0.1909748633   0.1823428299
       -0.1931476430  -0.0340660752  -0.1432787988  -0.0333230972  -0.0521291316
        0.0075427994   0.0000167536  -0.0000291289   0.0000490490   0.0000924908
       -0.0000372330   0.0001661325   0.0001418677   0.0000810679  -0.0000375521
        0.0021577034  -0.0057722613  -0.0018400850  -0.0047764004   0.0116979186
       -0.0180327987  -0.1144084953  -0.1165790759   0.0154838164  -0.0045190896
       -0.0007871769  -0.0054664741   0.0023340756  -0.0053134912  -0.0018987575
        0.0002950722   0.0001500844  -0.0000193623  -0.0003077048  -0.0006132613
       -0.0001471216  -0.0000205377   0.0000427910   0.0000908302   0.0004950759
        0.0008226224  -0.0000959357   0.0001729870  -0.0001114661   0.0000970901
       -0.0011385501  -0.0010929809  -0.0000253174   0.0115300033  -0.0009148036
        0.0077695162  -0.0174336332  -0.0411102701   0.0200122829   0.0297552241
       -0.1634052160   0.1433518073   0.1909748633   0.5204124424  -0.1476825158
       -0.0762480265  -0.0967445471  -0.0475828967  -0.0209215685  -0.0050102556
       -0.0194902283   0.0000102190   0.0000169655   0.0000379476   0.0000530656
        0.0000717868  -0.0000243535   0.0000517251   0.0002341636  -0.0001256304
       -0.0054864574  -0.0018076612   0.0029294369  -0.0010550330   0.0038798532
       -0.0040389534  -0.1165610093  -0.2167259457   0.0308893749   0.0116794591
        0.0037911196   0.0116436578  -0.0058451743  -0.0018854213   0.0024103714
        0.0000422416   0.0001141833  -0.0002313505  -0.0000829120   0.0011043112
       -0.0001424261   0.0000918666  -0.0001399603   0.0000115843   0.0010692966
       -0.0016053471  -0.0003554581  -0.0007366896  -0.0000472727   0.0003484717
       -0.0004208719   0.0001605382  -0.0000971259  -0.0262435200   0.0085868775
       -0.0453462497   0.0504458054   0.0578048686   0.0061336324  -0.0700000899
        0.0913387647  -0.2194655382   0.1823428299  -0.1476825158   0.4818418816
       -0.1017252032   0.0043573058  -0.1787871465  -0.0226120454  -0.0577288173
        0.0302726391  -0.0000118874  -0.0000632355  -0.0000146815   0.0000803678
       -0.0000356783   0.0001573201   0.0000945280  -0.0001021085   0.0001344488
       -0.0019517871   0.0024980613   0.0029426798  -0.0060240188   0.0114814194
       -0.0169209509   0.0154190232   0.0308955599  -0.0462688997  -0.0180082484
       -0.0036420142  -0.0170518171  -0.0017686853   0.0027050598   0.0028389867
        0.0001445545   0.0000532184   0.0002339500  -0.0010769232  -0.0006474294
        0.0004794371  -0.0002951372   0.0000829481  -0.0001119693  -0.0001468778
        0.0012736679   0.0000582905  -0.0003030369  -0.0007807428  -0.0001596027
        0.0049167457  -0.0005204372  -0.0037585766   0.0265073562  -0.0184265107
        0.0487304614  -0.0370156767  -0.0273720827  -0.0112476030   0.0004024586
        0.0491451215  -0.0491609538  -0.1931476430  -0.0762480265  -0.1017252032
        0.4093536341   0.1731613708   0.1900096615  -0.1386369519  -0.0972522181
       -0.0204022878  -0.0000363267   0.0000160134   0.0000750904   0.0000733427
        0.0002243814  -0.0000122207  -0.0001462042   0.0003255924  -0.0001151099
       -0.0004443491  -0.0001543160   0.0002617111   0.0038370606  -0.0015457363
       -0.0033922300  -0.0127589663  -0.0062703194  -0.0108928541  -0.0480530258
        0.0234670196  -0.0395479232  -0.0131740337  -0.0185315146   0.0006779324
        0.0002412215   0.0003113393   0.0000584663  -0.0016910415  -0.0018853080
        0.0012484474   0.0000507026  -0.0000342460  -0.0000904081  -0.0029113482
        0.0018580478   0.0001128562   0.0008497876   0.0002473745  -0.0002777054
        0.0014890160   0.0013865154   0.0039660869   0.0119466147  -0.0409086430
        0.0539118614  -0.0274151807  -0.0239964566  -0.0145056998   0.0180144134
        0.0384575394  -0.0140109698  -0.0340660752  -0.0967445471   0.0043573058
        0.1731613708   0.5049926898  -0.1586608924  -0.1359918607  -0.2409420424
        0.0138865092   0.0000931376   0.0000929349   0.0001622692  -0.0000730686
       -0.0000070622  -0.0001223446  -0.0004015634  -0.0005109855   0.0001675731
       -0.0002903205   0.0000374471  -0.0003538150  -0.0012639588   0.0004073603
        0.0052666168  -0.0189291837  -0.0073737670  -0.0151812505   0.0240262647
       -0.1285836019   0.1196535111  -0.0068389275  -0.0068045889   0.0004115822
       -0.0001251164   0.0001224699  -0.0000774655   0.0006403014  -0.0007035205
       -0.0000338353  -0.0002900278   0.0002089236  -0.0000722352  -0.0021979869
       -0.0000012119   0.0004668808   0.0001380275  -0.0002610335   0.0000291355
       -0.0020357533   0.0055270469  -0.0021147488   0.0192796470   0.0183153639
        0.0049612055  -0.0110979255  -0.0144269143  -0.0046491330  -0.0189847278
        0.0236662924  -0.0442273376  -0.1432787988  -0.0475828967  -0.1787871465
        0.1900096615  -0.1586608924   0.5070515932   0.0199720478   0.0639416635
       -0.0850927437  -0.0000106557  -0.0000964739   0.0001823813   0.0002858820
        0.0002465531  -0.0000047756   0.0006526986   0.0010928494  -0.0005038966
        0.0000909473  -0.0004921047   0.0004501971  -0.0036046928   0.0050888094
       -0.0012505494   0.0015088123   0.0002921613   0.0021733274  -0.0394175776
        0.1193632525  -0.2005178711  -0.0115347627  -0.0156403379   0.0020170176
       -0.0004886306  -0.0000560754   0.0004281550   0.0021577360   0.0030413842
       -0.0003134554  -0.0013605250  -0.0002561498  -0.0008459330   0.0004919385
       -0.0037394927   0.0006958290  -0.0000376823   0.0002838829  -0.0000051035
        0.0014412904  -0.0091853533   0.0133866796  -0.0782057322   0.0238588857
       -0.0611933449  -0.0009732245   0.0155512639  -0.0191811762  -0.0029375944
       -0.0084074435   0.0109147299  -0.0333230972  -0.0209215685  -0.0226120454
       -0.1386369519  -0.1359918607   0.0199720478   0.4096168250   0.1877141912
        0.1922530531  -0.0000968902  -0.0000376805  -0.0001132114  -0.0008996346
       -0.0013884823   0.0006208153  -0.0011864004  -0.0028002067   0.0004970150
       -0.0000461125  -0.0030636689  -0.0055898662   0.0003183147   0.0001320625
        0.0006126172   0.0003182857  -0.0036781944  -0.0055864649   0.0024577744
        0.0027104618  -0.0002803703  -0.1586096890  -0.0437659555  -0.1236599707
        0.0000560188   0.0001169210  -0.0001244387  -0.0010004602  -0.0008965549
        0.0009231363   0.0006670809   0.0000126094  -0.0004408202   0.0030129303
        0.0006415062   0.0002792225   0.0008579354  -0.0003833233   0.0004057897
       -0.0052131347  -0.0234414485   0.0204869281  -0.0085402761  -0.1454975104
        0.0863199214   0.0446946852   0.0348903407   0.0215823239  -0.0089597044
       -0.0435663769   0.0267818190  -0.0521291316  -0.0050102556  -0.0577288173
       -0.0972522181  -0.2409420424   0.0639416635   0.1877141912   0.4940324834
       -0.1350212387   0.0002061591   0.0000813396   0.0003076936  -0.0000999905
       -0.0009217511   0.0006198848  -0.0028172006  -0.0032024214   0.0017836786
       -0.0035202963   0.0022812744   0.0004769046   0.0001652675  -0.0005339410
        0.0003022157  -0.0037356635   0.0024507641   0.0009282974  -0.0100503358
       -0.0168152817   0.0050321103  -0.0440558566  -0.0532963317  -0.0368562746
       -0.0000764393  -0.0002569018  -0.0010922356   0.0013661022  -0.0003572657
        0.0017164897   0.0011698120  -0.0000796996  -0.0000302808  -0.0042871192
        0.0008289045   0.0008840866  -0.0001520689   0.0004091600  -0.0008523589
        0.0090058070   0.0110420837  -0.0066814636  -0.0321924369   0.1293451236
       -0.2141140558  -0.0454525663  -0.0117511444  -0.0417590304   0.0110597009
        0.0262978082  -0.0176090807   0.0075427994  -0.0194902283   0.0302726391
       -0.0204022878   0.0138865092  -0.0850927437   0.1922530531  -0.1350212387
        0.4942662854  -0.0001301565   0.0000524604  -0.0002359942  -0.0008924156
       -0.0014275944   0.0000877509  -0.0003380211   0.0003055432   0.0004803903
       -0.0051931287   0.0009886112  -0.0000206264   0.0006718935   0.0002961543
        0.0001057388  -0.0055390064   0.0006358585   0.0001986759   0.0119681955
        0.0201494693  -0.0046622218  -0.1203817171  -0.0358536131  -0.1558619649
        0.0001652550  -0.0000135620  -0.0000495349  -0.0000209687  -0.0003448402
        0.0006163765  -0.0000170128  -0.0000233235  -0.0000277375   0.0039304493
        0.0193918015  -0.0005658624  -0.0587829626  -0.0780529642   0.0064108839
       -0.0085335852  -0.0259265074   0.0031745935  -0.0003510598  -0.0018361917
       -0.0043367855  -0.0004745642  -0.0009343140   0.0003486641  -0.0003897063
        0.0001008825   0.0000508032   0.0000167536   0.0000102190  -0.0000118874
       -0.0000363267   0.0000931376  -0.0000106557  -0.0000968902   0.0002061591
       -0.0001301565   0.0621749836   0.0840277530  -0.0059375349   0.0022883314
        0.0031000482  -0.0008118447   0.0001019254   0.0002651149   0.0012048800
        0.0000381345  -0.0000259504   0.0000558540  -0.0000818276  -0.0000569375
        0.0000406146   0.0000246861  -0.0000086990   0.0000033757   0.0000044368
        0.0000097052   0.0000078197   0.0000399484   0.0000184688  -0.0000318659
       -0.0000303836   0.0000038028  -0.0000097471  -0.0002016229  -0.0000295943
       -0.0002668238   0.0000680361   0.0001055409  -0.0000017928  -0.0033315302
       -0.0202053809  -0.0102407125  -0.0752095514  -0.2682832811   0.0330035218
       -0.0009448292  -0.0040995775  -0.0022297873   0.0001668298   0.0001426065
        0.0001217321   0.0002226141   0.0000879443  -0.0000131355  -0.0000008123
       -0.0000547931   0.0000389955  -0.0000291289   0.0000169655  -0.0000632355
        0.0000160134   0.0000929349  -0.0000964739  -0.0000376805   0.0000813396
        0.0000524604   0.0840277530   0.3045331623  -0.0246369545  -0.0048409834
       -0.0128445067   0.0043842335   0.0001251232   0.0004370279   0.0002008010
        0.0000075975  -0.0000467530  -0.0000411500   0.0000121034  -0.0000109852
       -0.0000019663  -0.0000084857  -0.0000176176   0.0000003118   0.0000071327
        0.0000248683  -0.0000010147  -0.0000181952   0.0000662963  -0.0001992620
       -0.0000110664  -0.0003799670   0.0001959758  -0.0002877698   0.0001846451
       -0.0007626298   0.0000098710   0.0003028150   0.0001747107  -0.0051359450
       -0.0248888239  -0.0036173112   0.0092409460   0.0364662407  -0.0436771213
       -0.0043059927  -0.0084452517  -0.0019175672   0.0001980450  -0.0001436253
       -0.0010409704  -0.0000961882  -0.0002386625   0.0000182012  -0.0000546199
        0.0000551312   0.0000293575   0.0000490490   0.0000379476  -0.0000146815
        0.0000750904   0.0001622692   0.0001823813  -0.0001132114   0.0003076936
       -0.0002359942  -0.0059375349  -0.0246369545   0.0527773547   0.0069260386
        0.0221937441  -0.0025292346  -0.0007195547  -0.0006244843   0.0002076495
        0.0000609572   0.0000073967   0.0000302617  -0.0000064719   0.0000080188
       -0.0000031160   0.0000578392  -0.0000114565  -0.0000464161   0.0000099616
       -0.0000278651  -0.0000197692   0.0000405570  -0.0003288111   0.0002489191
        0.0000646043  -0.0002352404  -0.0001814168   0.0003310329   0.0002576593
        0.0001695540  -0.0003009352  -0.0004525582  -0.0000660033   0.0008627161
       -0.0037371641   0.0201898068  -0.0405072972   0.0153718398  -0.0422893280
       -0.0042767958   0.0126519814  -0.0233936457   0.0004482178   0.0010995216
        0.0009210612  -0.0001752491   0.0000152921  -0.0000328294   0.0001012845
        0.0001402839   0.0000138282   0.0000924908   0.0000530656   0.0000803678
        0.0000733427  -0.0000730686   0.0002858820  -0.0008996346  -0.0000999905
       -0.0008924156   0.0022883314  -0.0048409834   0.0069260386   0.0424241162
       -0.0155333230   0.0411113834  -0.0008841760  -0.0028283754  -0.0039541910
        0.0001185442   0.0000461884   0.0001753490   0.0000175915   0.0000545074
        0.0000338404   0.0000405150   0.0000433839   0.0000499348   0.0000224379
        0.0000020880   0.0000141971   0.0001588623  -0.0019351077   0.0008385864
       -0.0000852937   0.0002927800   0.0002570421   0.0003949823  -0.0006355767
       -0.0012714296  -0.0002906886  -0.0001943939   0.0001286866  -0.0016081617
        0.0045884814  -0.0197021923   0.0158515778  -0.0941500009   0.1098069781
        0.0004888378   0.0012851576  -0.0012250823   0.0000492600   0.0000730055
       -0.0002700884   0.0000387028  -0.0001245709   0.0002230925  -0.0000247251
       -0.0000516447   0.0000232437  -0.0000372330   0.0000717868  -0.0000356783
        0.0002243814  -0.0000070622   0.0002465531  -0.0013884823  -0.0009217511
       -0.0014275944   0.0031000482  -0.0128445067   0.0221937441  -0.0155333230
        0.1047634426  -0.1097578588  -0.0000477691  -0.0000455317  -0.0004161242
        0.0000641187  -0.0000279752   0.0000397824   0.0000473592  -0.0000416794
       -0.0000045056   0.0000602939   0.0000076357   0.0000356187  -0.0000174194
       -0.0000461322   0.0000434174  -0.0012864663  -0.0019914641   0.0011123952
       -0.0000802102  -0.0000102069   0.0002985768   0.0000022688  -0.0007258090
       -0.0005926758   0.0001572162   0.0003858988   0.0002141697  -0.0037075590
        0.0002607227  -0.0268099123  -0.0366707557   0.1043073470  -0.2353934636
       -0.0016349557   0.0006041162  -0.0098973513  -0.0000449428   0.0004259835
       -0.0000975408  -0.0000590492   0.0001304992  -0.0002372026   0.0000906221
        0.0001649589  -0.0001013638   0.0001661325  -0.0000243535   0.0001573201
       -0.0000122207  -0.0001223446  -0.0000047756   0.0006208153   0.0006198848
        0.0000877509  -0.0008118447   0.0043842335  -0.0025292346   0.0411113834
       -0.1097578588   0.2739152003   0.0007099557  -0.0006638238   0.0000280252
        0.0000681679   0.0000001473   0.0000664331   0.0000224338   0.0000487668
       -0.0000183301   0.0000204425   0.0000140596  -0.0000403694   0.0000505365
        0.0000556032  -0.0000538022   0.0000015634  -0.0000978248   0.0010085460
        0.0000876513   0.0000272396   0.0001204156  -0.0006535010  -0.0005226431
       -0.0002415266   0.0001001093   0.0002086995  -0.0000515863  -0.0216032699
        0.0161256638  -0.0164720544  -0.0073554543   0.0044681088  -0.0071846747
       -0.0606983273   0.0507093732  -0.0591954080   0.0049598417  -0.0087514028
        0.0082382141   0.0003302982  -0.0008544205   0.0019018962   0.0000440956
        0.0002091123  -0.0001827478   0.0001418677   0.0000517251   0.0000945280
       -0.0001462042  -0.0004015634   0.0006526986  -0.0011864004  -0.0028172006
       -0.0003380211   0.0001019254   0.0001251232  -0.0007195547  -0.0008841760
       -0.0000477691   0.0007099557   0.0875034066  -0.0582315907   0.0733828366
       -0.0004262546  -0.0002971544  -0.0005827983   0.0000043474  -0.0000239018
       -0.0000499033  -0.0000072076   0.0000375239  -0.0000553232  -0.0002040745
       -0.0001373460   0.0000654217  -0.0001086733   0.0001224233  -0.0000923680
       -0.0001863913   0.0001060615  -0.0001794070   0.0005372472  -0.0001721822
        0.0002746557  -0.0000678236   0.0001762289  -0.0000222550   0.0121252799
       -0.0071735312   0.0068791329  -0.0038907221   0.0080117824  -0.0107777070
        0.0492777330  -0.1395337256   0.1144850509   0.0050563505  -0.0146650857
        0.0166631963   0.0013796288   0.0005157004   0.0011352844   0.0000737843
        0.0002700517   0.0000190381   0.0000810679   0.0002341636  -0.0001021085
        0.0003255924  -0.0005109855   0.0010928494  -0.0028002067  -0.0032024214
        0.0003055432   0.0002651149   0.0004370279  -0.0006244843  -0.0028283754
       -0.0000455317  -0.0006638238  -0.0582315907   0.1558094873  -0.1271326937
       -0.0009300330  -0.0001473419  -0.0008875029   0.0000425880   0.0001379191
       -0.0000252981   0.0000074471   0.0000569766  -0.0000996212  -0.0001624354
       -0.0003150658  -0.0000342708  -0.0000742558   0.0000104718  -0.0003055788
        0.0000092615  -0.0000646836   0.0001531130   0.0004687700   0.0001455660
       -0.0004051828  -0.0001461804   0.0002721885  -0.0000025776   0.0042813887
       -0.0101000747   0.0089068048  -0.0096064670   0.0141953329  -0.0175453657
       -0.0639254920   0.1157274270  -0.1624858707  -0.0016270049   0.0072027408
       -0.0063327564  -0.0004477714  -0.0016161185   0.0006469371   0.0000119471
        0.0000386413  -0.0002517924  -0.0000375521  -0.0001256304   0.0001344488
       -0.0001151099   0.0001675731  -0.0005038966   0.0004970150   0.0017836786
        0.0004803903   0.0012048800   0.0002008010   0.0002076495  -0.0039541910
       -0.0004161242   0.0000280252   0.0733828366  -0.1271326937   0.1764379146
       -0.0001509171  -0.0000537541   0.0003333348  -0.0000782880  -0.0000529778
        0.0000401898  -0.0000133400   0.0000027396   0.0000306431   0.0001692648
        0.0000303269  -0.0000729606   0.0000769501  -0.0002049586   0.0002009519
        0.0000243331  -0.0000446539   0.0001590211  -0.0000390640   0.0000137437
       -0.0002766791   0.0001308334  -0.0000148153   0.0000798155  -0.0003822322
       -0.0001287634  -0.0003007337   0.0002638294   0.0001279440   0.0003143361
       -0.0008142938   0.0022497836   0.0001018316  -0.0041805904   0.0114534781
       -0.0175241051  -0.0478826135   0.0217747879  -0.0376501496   0.0029550994
       -0.0094216429   0.0118227796   0.0021577034  -0.0054864574  -0.0019517871
       -0.0004443491  -0.0002903205   0.0000909473  -0.0000461125  -0.0035202963
       -0.0051931287   0.0000381345   0.0000075975   0.0000609572   0.0001185442
        0.0000641187   0.0000681679  -0.0004262546  -0.0009300330  -0.0001509171
        0.0499293047  -0.0170826744   0.0483012130  -0.0006335846   0.0006415164
        0.0017225573   0.0000780370  -0.0005322613   0.0006698041  -0.0007050047
        0.0005777941   0.0006726846  -0.0001417197   0.0005411543  -0.0010166147
       -0.0001347587  -0.0001496531  -0.0001715286   0.0000303172  -0.0000007916
        0.0002098995  -0.0000307665   0.0001694737  -0.0000615699   0.0008120824
        0.0000258483   0.0002026301  -0.0002051142  -0.0000569957  -0.0001106468
       -0.0004265502   0.0000967011  -0.0024112663  -0.0006322347   0.0027875638
       -0.0025880191   0.0220897209  -0.1267106869   0.1183952520   0.0027449927
       -0.0163751622   0.0204895234  -0.0057722613  -0.0018076612   0.0024980613
       -0.0001543160   0.0000374471  -0.0004921047  -0.0030636689   0.0022812744
        0.0009886112  -0.0000259504  -0.0000467530   0.0000073967   0.0000461884
       -0.0000279752   0.0000001473  -0.0002971544  -0.0001473419  -0.0000537541
       -0.0170826744   0.1412396752  -0.1366701037   0.0014457001  -0.0002343799
       -0.0004517611   0.0003036320  -0.0008182953   0.0009674426   0.0006120558
       -0.0004108461  -0.0005496756  -0.0002592397   0.0001485586  -0.0001985344
        0.0002320874  -0.0002013169   0.0001551997  -0.0000692345   0.0001677712
       -0.0004351320  -0.0001713783   0.0000543786   0.0001597604   0.0007934133
       -0.0002559120   0.0003081427  -0.0001171842   0.0001621888  -0.0000104004
        0.0015107023   0.0002870037  -0.0006808454  -0.0065512823   0.0116161992
       -0.0182910993  -0.0371689520   0.1192943712  -0.1982758690  -0.0005469989
        0.0046857533  -0.0043521139  -0.0018400850   0.0029294369   0.0029426798
        0.0002617111  -0.0003538150   0.0004501971  -0.0055898662   0.0004769046
       -0.0000206264   0.0000558540  -0.0000411500   0.0000302617   0.0001753490
        0.0000397824   0.0000664331  -0.0005827983  -0.0008875029   0.0003333348
        0.0483012130  -0.1366701037   0.2190123002   0.0008414829  -0.0015107852
       -0.0000666710  -0.0000933662   0.0000569921  -0.0002457981   0.0006775033
       -0.0005516132  -0.0003776286  -0.0001181706   0.0007014170  -0.0007021254
       -0.0000309113   0.0001404082   0.0001755174   0.0001029717  -0.0000491304
       -0.0001621009   0.0001045614  -0.0000419896  -0.0000091889  -0.0000825157
       -0.0002214073  -0.0003517465  -0.0000155312  -0.0000814117   0.0001797708
       -0.0005210084   0.0000258649  -0.0002984558   0.0022422895  -0.0054638928
       -0.0016292834  -0.0133882275  -0.0064048409  -0.0112740988  -0.1725608736
       -0.0458664376  -0.1220761309  -0.0047764004  -0.0010550330  -0.0060240188
        0.0038370606  -0.0012639588  -0.0036046928   0.0003183147   0.0001652675
        0.0006718935  -0.0000818276   0.0000121034  -0.0000064719   0.0000175915
        0.0000473592   0.0000224338   0.0000043474   0.0000425880  -0.0000782880
       -0.0006335846   0.0014457001   0.0008414829   0.1870494933   0.0572855725
        0.1415549515  -0.0005448426   0.0007514674   0.0015525880  -0.0003243403
       -0.0000705310  -0.0001269253  -0.0007165667   0.0006023020   0.0006427642
        0.0000576208  -0.0001774917   0.0000306173   0.0000139960  -0.0001815971
        0.0000191444  -0.0000354376   0.0002004096  -0.0000286393   0.0001148888
        0.0002266430   0.0002330341  -0.0003115983  -0.0002063525  -0.0000850477
       -0.0009946163  -0.0004617887  -0.0010404299  -0.0054805100  -0.0015132371
        0.0029070990  -0.0187484096  -0.0070467199  -0.0154159340  -0.0457500952
       -0.0557422658  -0.0361158477   0.0116979186   0.0038798532   0.0114814194
       -0.0015457363   0.0004073603   0.0050888094   0.0001320625  -0.0005339410
        0.0002961543  -0.0000569375  -0.0000109852   0.0000080188   0.0000545074
       -0.0000416794   0.0000487668  -0.0000239018   0.0001379191  -0.0000529778
        0.0006415164  -0.0002343799  -0.0015107852   0.0572855725   0.0616967134
        0.0342625253   0.0016085656  -0.0000937814  -0.0002779243   0.0007075744
        0.0000909299   0.0005975096   0.0006330197  -0.0003956087  -0.0004455125
        0.0002181587   0.0000597896  -0.0000132244   0.0000229970  -0.0001360580
       -0.0001155690  -0.0002423406  -0.0000450912   0.0001214380   0.0000909280
        0.0001603928   0.0003535409  -0.0000622410   0.0000028774  -0.0000883333
        0.0001380722   0.0001076857  -0.0003566401  -0.0020928798   0.0027010852
        0.0031125754   0.0010262999   0.0002513703   0.0020011171  -0.1222662209
       -0.0362436648  -0.1488416169  -0.0180327987  -0.0040389534  -0.0169209509
       -0.0033922300   0.0052666168  -0.0012505494   0.0006126172   0.0003022157
        0.0001057388   0.0000406146  -0.0000019663  -0.0000031160   0.0000338404
       -0.0000045056  -0.0000183301  -0.0000499033  -0.0000252981   0.0000401898
        0.0017225573  -0.0004517611  -0.0000666710   0.1415549515   0.0342625253
        0.1633786277   0.0007666318  -0.0013231291  -0.0002468380  -0.0008287571
       -0.0003590861  -0.0008394752   0.0007397028  -0.0004850451  -0.0003519134
        0.0000193688   0.0001234345   0.0000502853   0.0001380735  -0.0002339726
       -0.0002380457  -0.0000973840  -0.0000082935   0.0001257832  -0.0005842495
       -0.0003516409   0.0001267732   0.0002390615   0.0002363162  -0.0000019180
       -0.0004307275   0.0009275142   0.0004822797   0.0001369363   0.0004809061
       -0.0005614866   0.0037890843  -0.0017043777  -0.0033935989   0.0026585737
        0.0027151958  -0.0004669230  -0.1144084953  -0.1165610093   0.0154190232
       -0.0127589663  -0.0189291837   0.0015088123   0.0003182857  -0.0037356635
       -0.0055390064   0.0000246861  -0.0000084857   0.0000578392   0.0000405150
        0.0000602939   0.0000204425  -0.0000072076   0.0000074471  -0.0000133400
        0.0000780370   0.0003036320  -0.0000933662  -0.0005448426   0.0016085656
        0.0007666318   0.1227701292   0.1353029977  -0.0099007684  -0.0007322567
        0.0006783794   0.0014569230  -0.0006486217  -0.0009120558   0.0001936600
       -0.0000031304   0.0000595025   0.0000209047   0.0000724468  -0.0000495563
       -0.0000161301  -0.0000355135   0.0000513419  -0.0000278131   0.0005938763
        0.0003439036  -0.0001620296  -0.0002431761  -0.0002003660   0.0000308994
        0.0003010556  -0.0006203092  -0.0004092604   0.0004476362   0.0008175041
        0.0001164739  -0.0015344209   0.0003298917   0.0053252719  -0.0100596658
       -0.0166964084   0.0045517703  -0.1165790759  -0.2167259457   0.0308955599
       -0.0062703194  -0.0073737670   0.0002921613  -0.0036781944   0.0024507641
        0.0006358585  -0.0000086990  -0.0000176176  -0.0000114565   0.0000433839
        0.0000076357   0.0000140596   0.0000375239   0.0000569766   0.0000027396
       -0.0005322613  -0.0008182953   0.0000569921   0.0007514674  -0.0000937814
       -0.0013231291   0.1353029977   0.2388437890  -0.0396155902   0.0015155281
       -0.0000063319  -0.0004547445  -0.0001214595  -0.0003589303   0.0000774623
        0.0001875013   0.0001530266  -0.0000787441  -0.0000834360   0.0000969408
       -0.0000858866  -0.0001584004  -0.0001672344   0.0000912745   0.0006480254
        0.0001889196  -0.0000566327  -0.0002566470  -0.0002733893   0.0000822861
        0.0003472523  -0.0006176672  -0.0004530784  -0.0004683248   0.0001372356
       -0.0004156954  -0.0033647120   0.0051527346  -0.0010751776   0.0116886026
        0.0200192038  -0.0038286881   0.0154838164   0.0308893749  -0.0462688997
       -0.0108928541  -0.0151812505   0.0021733274  -0.0055864649   0.0009282974
        0.0001986759   0.0000033757   0.0000003118  -0.0000464161   0.0000499348
        0.0000356187  -0.0000403694  -0.0000553232  -0.0000996212   0.0000306431
        0.0006698041   0.0009674426  -0.0002457981   0.0015525880  -0.0002779243
       -0.0002468380  -0.0099007684  -0.0396155902   0.0504175003   0.0006739419
       -0.0015074307  -0.0001705988  -0.0005379116  -0.0008289989   0.0000191157
        0.0001832182  -0.0000070160  -0.0001522624  -0.0000461499  -0.0001999760
        0.0000526712  -0.0001047424   0.0001040929  -0.0000016530   0.0000485626
       -0.0001574465   0.0003341607   0.0000077688   0.0001613633  -0.0001225712
        0.0002450041  -0.0003261494   0.0002281125   0.0020472583  -0.0052088493
       -0.0021599571  -0.0001985161  -0.0002531067   0.0001661612   0.0003628135
       -0.0037607612  -0.0055562115  -0.0045190896   0.0116794591  -0.0180082484
       -0.0480530258   0.0240262647  -0.0394175776   0.0024577744  -0.0100503358
        0.0119681955   0.0000044368   0.0000071327   0.0000099616   0.0000224379
       -0.0000174194   0.0000505365  -0.0002040745  -0.0001624354   0.0001692648
       -0.0007050047   0.0006120558   0.0006775033  -0.0003243403   0.0007075744
       -0.0008287571  -0.0007322567   0.0015155281   0.0006739419   0.0502350200
       -0.0191857855   0.0501582214  -0.0007270949   0.0005158100   0.0017585076
       -0.0000955001   0.0002102161  -0.0001042895   0.0001539866  -0.0002365543
        0.0003476038   0.0000747261  -0.0000499256  -0.0001858814   0.0001113796
        0.0003672352  -0.0003844371   0.0000858637  -0.0000858700   0.0001796983
        0.0001672494  -0.0007862841   0.0013638371  -0.0055988202  -0.0015592303
        0.0025260392  -0.0004319958  -0.0000270638  -0.0006207265  -0.0033212866
        0.0026788691   0.0008622200  -0.0007871769   0.0037911196  -0.0036420142
        0.0234670196  -0.1285836019   0.1193632525   0.0027104618  -0.0168152817
        0.0201494693   0.0000097052   0.0000248683  -0.0000278651   0.0000020880
       -0.0000461322   0.0000556032  -0.0001373460  -0.0003150658   0.0000303269
        0.0005777941  -0.0004108461  -0.0005516132  -0.0000705310   0.0000909299
       -0.0003590861   0.0006783794  -0.0000063319  -0.0015074307  -0.0191857855
        0.1420348739  -0.1372393288   0.0015897886  -0.0002759245  -0.0002553776
        0.0000475012   0.0001267732   0.0000556367   0.0000104934   0.0002096018
       -0.0001725074  -0.0000479872  -0.0002839175   0.0001053935   0.0000870951
        0.0001383330  -0.0002051287  -0.0000458286  -0.0001660019   0.0001134810
       -0.0003135126   0.0000502847  -0.0000098535  -0.0016932497   0.0025875780
        0.0032258851  -0.0001178679  -0.0007154964   0.0004014257  -0.0057966960
        0.0008349277  -0.0000989907  -0.0054664741   0.0116436578  -0.0170518171
       -0.0395479232   0.1196535111  -0.2005178711  -0.0002803703   0.0050321103
       -0.0046622218   0.0000078197  -0.0000010147  -0.0000197692   0.0000141971
        0.0000434174  -0.0000538022   0.0000654217  -0.0000342708  -0.0000729606
        0.0006726846  -0.0005496756  -0.0003776286  -0.0001269253   0.0005975096
       -0.0008394752   0.0014569230  -0.0004547445  -0.0001705988   0.0501582214
       -0.1372393288   0.2203160438   0.0009164775  -0.0014732544   0.0000347592
        0.0001090064  -0.0000218046   0.0000797209  -0.0005180796   0.0001404527
        0.0009790750  -0.0022806395   0.0002720870  -0.0000807139  -0.0003009539
       -0.0003798772   0.0001729729  -0.0002283678  -0.0009148092   0.0014684353
       -0.0010801771   0.0007120399   0.0007581580  -0.0046193517   0.0005122696
       -0.0072752421   0.0037926232  -0.0015809982  -0.0031630781   0.0000807934
        0.0000379643   0.0004167927   0.0023340756  -0.0058451743  -0.0017686853
       -0.0131740337  -0.0068389275  -0.0115347627  -0.1586096890  -0.0440558566
       -0.1203817171   0.0000399484  -0.0000181952   0.0000405570   0.0001588623
       -0.0012864663   0.0000015634  -0.0001086733  -0.0000742558   0.0000769501
       -0.0001417197  -0.0002592397  -0.0001181706  -0.0007165667   0.0006330197
        0.0007397028  -0.0006486217  -0.0001214595  -0.0005379116  -0.0007270949
        0.0015897886   0.0009164775   0.1766386590   0.0574994423   0.1392098755
       -0.0001709054   0.0000887362  -0.0000547374   0.0009879902   0.0007317161
       -0.0012460549   0.0000747038  -0.0003946277   0.0003901707   0.0004929517
       -0.0001648581  -0.0006276412  -0.0004428664  -0.0017492557   0.0021459031
        0.0009579408  -0.0003474013  -0.0005356083   0.0106975007   0.0040788831
        0.0106952871  -0.0016169399   0.0001711497   0.0046244654   0.0001781486
       -0.0003618950   0.0002463533  -0.0053134912  -0.0018854213   0.0027050598
       -0.0185315146  -0.0068045889  -0.0156403379  -0.0437659555  -0.0532963317
       -0.0358536131   0.0000184688   0.0000662963  -0.0003288111  -0.0019351077
       -0.0019914641  -0.0000978248   0.0001224233   0.0000104718  -0.0002049586
        0.0005411543   0.0001485586   0.0007014170   0.0006023020  -0.0003956087
       -0.0004850451  -0.0009120558  -0.0003589303  -0.0008289989   0.0005158100
       -0.0002759245  -0.0014732544   0.0574994423   0.0627304957   0.0358682293
       -0.0002386550  -0.0000010060   0.0002365608   0.0021965210  -0.0004558723
       -0.0029062741   0.0001201234   0.0001269790   0.0004612955   0.0010216639
       -0.0003210722  -0.0006233655  -0.0003624592  -0.0000467287   0.0001479107
       -0.0003109420  -0.0016559680  -0.0000714700  -0.0168771570  -0.0043969167
       -0.0164375824  -0.0027452159   0.0049355818  -0.0015279863   0.0005743714
        0.0001955025   0.0001978361  -0.0018987575   0.0024103714   0.0028389867
        0.0006779324   0.0004115822   0.0020170176  -0.1236599707  -0.0368562746
       -0.1558619649  -0.0000318659  -0.0001992620   0.0002489191   0.0008385864
        0.0011123952   0.0010085460  -0.0000923680  -0.0003055788   0.0002009519
       -0.0010166147  -0.0001985344  -0.0007021254   0.0006427642  -0.0004455125
       -0.0003519134   0.0001936600   0.0000774623   0.0000191157   0.0017585076
       -0.0002553776   0.0000347592   0.1392098755   0.0358682293   0.1710707829
