$hessian                                                                        
        0.0252064245  -0.0101137698   0.0112142720  -0.0171595616   0.0124025601
       -0.0099141243  -0.0047882307   0.0002264365   0.0012110852  -0.0015090856
       -0.0028163050  -0.0013511270  -0.0009940412   0.0000563479  -0.0003046708
       -0.0005364398   0.0003825152  -0.0007960890   0.0000307389  -0.0000961896
        0.0000617256  -0.0000581348   0.0000142626  -0.0001638103   0.0000398515
        0.0000712366  -0.0001320442   0.0000138278   0.0000316907  -0.0000181541
        0.0000356006   0.0000076388  -0.0000293876   0.0000509606  -0.0000214768
        0.0001211846  -0.0003539524   0.0005336283   0.0000450037   0.0018648280
        0.0002992261  -0.0004012826  -0.0018380012  -0.0006316812  -0.0000194401
        0.0001018443  -0.0003221218   0.0002812922   0.0000344059  -0.0000660743
        0.0001428476   0.0000964454  -0.0002359030   0.0002430906  -0.0000682512
        0.0000378094   0.0000244967  -0.0001264687   0.0000705536  -0.0000565158
       -0.0000586480   0.0000815822  -0.0001084362   0.0000137704   0.0000570679
       -0.0000585563   0.0000021174   0.0000309655   0.0000086400
       -0.0101137698   0.0129264301  -0.0060727579   0.0086107285  -0.0144640461
        0.0075981276   0.0013595885   0.0007351085  -0.0011801894  -0.0022298110
        0.0004846994  -0.0013901461  -0.0003459558  -0.0001940883  -0.0001364227
        0.0001454660  -0.0000671117  -0.0000618947   0.0003612365   0.0003282455
       -0.0001225648  -0.0000461359   0.0000129416  -0.0000147881  -0.0001175461
        0.0000521454  -0.0000072096  -0.0001768528   0.0001244415  -0.0001109910
       -0.0000681835   0.0001992153  -0.0000674833  -0.0001652146   0.0001473916
        0.0000690641   0.0006529748  -0.0001622172   0.0000837297  -0.0012680697
       -0.0008845273   0.0011189700   0.0035198621   0.0007114241   0.0006934348
       -0.0000911867  -0.0000776672   0.0003619260  -0.0001449848   0.0001085885
       -0.0001282736   0.0003532183  -0.0001247267  -0.0002270330   0.0000122172
       -0.0001614410  -0.0000996414  -0.0001108911  -0.0000358443  -0.0000726073
       -0.0001150246   0.0001327951  -0.0000857529  -0.0001153952   0.0001671606
       -0.0001099980   0.0000937295   0.0000410827  -0.0000374984
        0.0112142720  -0.0060727579   0.0130629659  -0.0086032001   0.0091569798
       -0.0135411500   0.0000707190  -0.0014796115   0.0025387947  -0.0017820591
       -0.0020007183  -0.0005664781  -0.0007850074   0.0001272203  -0.0005214878
       -0.0001139754   0.0003074269  -0.0009014979   0.0000059993  -0.0000500262
        0.0000260118  -0.0000351888  -0.0000941247  -0.0002368957   0.0000705442
       -0.0000709058   0.0000144660   0.0000512053  -0.0000040552   0.0000464753
       -0.0000203056   0.0000388441   0.0000715193  -0.0000319587   0.0000568604
        0.0000064827  -0.0000164352   0.0001970245   0.0005573639   0.0010679944
        0.0002261253  -0.0000910056  -0.0012494648  -0.0003555096  -0.0002537144
        0.0002690122   0.0000486881  -0.0003171666  -0.0001210338   0.0001953096
       -0.0000479377  -0.0000181054  -0.0002135931  -0.0000456152   0.0001297281
       -0.0001150541  -0.0000440619   0.0001322400  -0.0000961157   0.0000428274
        0.0000156483  -0.0000016650   0.0001231164  -0.0001220540   0.0000977461
        0.0000851214  -0.0001285747   0.0001019122  -0.0000081340
       -0.0171595616   0.0086107285  -0.0086032001   0.0393372706   0.0011408800
        0.0022137320  -0.0087389059  -0.0021935690   0.0082932096  -0.0074813770
       -0.0041882553  -0.0020792198   0.0022202921   0.0002730037   0.0009051939
        0.0003723515  -0.0015088597   0.0000020500   0.0002096805   0.0001937590
        0.0001974102  -0.0000307690   0.0001384695   0.0003035609  -0.0000450458
        0.0000676446   0.0002437598  -0.0001716037   0.0000497766   0.0002029569
       -0.0002351916   0.0002210954  -0.0001274337  -0.0002575240   0.0003945512
       -0.0000217785   0.0014106466  -0.0018532737  -0.0007304259  -0.0086992928
       -0.0033158571   0.0036839772  -0.0013661548   0.0011591883  -0.0039367109
       -0.0000927331   0.0009504251   0.0000684899  -0.0001726153   0.0003284611
       -0.0003481673   0.0005111072   0.0000408796  -0.0002636431   0.0000925520
       -0.0000439304  -0.0001223522   0.0002006445  -0.0000862705   0.0000156671
        0.0001139948  -0.0000967789   0.0001122135  -0.0000502409  -0.0000951949
        0.0001027320   0.0000324757  -0.0001868733  -0.0001120217
        0.0124025601  -0.0144640461   0.0091569798   0.0011408800   0.0442006109
       -0.0094525270  -0.0027338089  -0.0056083139   0.0050901720  -0.0029318061
       -0.0097096581  -0.0047377930   0.0010614729  -0.0056402240   0.0005608251
       -0.0014406734  -0.0072075797   0.0017735759  -0.0009046489  -0.0004334680
        0.0002341260   0.0003684556   0.0000504366   0.0005515029   0.0000078022
       -0.0001161891   0.0001422933   0.0002282613  -0.0000959135   0.0001583309
        0.0000585228  -0.0002924532  -0.0000592844   0.0003657717  -0.0002183537
       -0.0003953840  -0.0005041225   0.0001391305  -0.0000786541  -0.0010301665
        0.0029684023  -0.0024493266  -0.0063483872  -0.0024317350  -0.0012628107
        0.0004817946  -0.0005036592  -0.0002282655  -0.0001621283   0.0002495263
        0.0001170041  -0.0004047087  -0.0009243051   0.0004214200  -0.0000321080
        0.0001907538   0.0001404090   0.0002130279   0.0002150897   0.0000806472
        0.0001727729  -0.0000145780   0.0001430122   0.0002413034  -0.0001380140
        0.0002089958  -0.0002500667  -0.0002154594  -0.0001152489
       -0.0099141243   0.0075981276  -0.0135411500   0.0022137320  -0.0094525270
        0.0333799694   0.0049544799   0.0047099369  -0.0185688201  -0.0023567589
       -0.0033177823  -0.0058023112   0.0004688623  -0.0011676456  -0.0000226748
        0.0011372218   0.0007957655   0.0027611110   0.0002606082   0.0004831892
       -0.0002294654  -0.0000155990  -0.0000353358   0.0002036020  -0.0000268169
        0.0000924084   0.0000406750   0.0000011891   0.0000223531  -0.0000965646
       -0.0000196600  -0.0001713123  -0.0000604479  -0.0002092808  -0.0000693039
        0.0000742482  -0.0001555843   0.0000560814  -0.0007121082   0.0014293640
       -0.0007728818   0.0063962692   0.0021340914   0.0004889997  -0.0034841677
       -0.0001020429   0.0001304512   0.0003408741   0.0000408134  -0.0004764896
       -0.0001466682   0.0002345301   0.0011038506  -0.0001908032  -0.0000342346
        0.0001250949  -0.0001478286  -0.0000821093   0.0000849009   0.0000072160
       -0.0000261209   0.0000169413  -0.0000304858  -0.0000022240  -0.0000967973
       -0.0000568511   0.0000696637  -0.0001480251  -0.0001136180
       -0.0047882307   0.0013595885   0.0000707190  -0.0087389059  -0.0027338089
        0.0049544799   0.0226008045   0.0018690993   0.0004678220   0.0003227683
        0.0019823092   0.0000985060   0.0004248060  -0.0002564897   0.0003130505
       -0.0003739803  -0.0003630083   0.0006184733  -0.0002321389  -0.0003007240
       -0.0000528928  -0.0001484383  -0.0001470917  -0.0002506072   0.0000117873
        0.0000137489  -0.0001033954   0.0001789500  -0.0000570887  -0.0004056379
        0.0002193691  -0.0003859169   0.0000776988  -0.0001253398  -0.0003278418
       -0.0001064781  -0.0034205830   0.0039682661   0.0007574522  -0.0110709091
       -0.0066156187  -0.0044658819   0.0052252346   0.0013973565  -0.0021646871
       -0.0000011912  -0.0000912728   0.0000696287   0.0000072643   0.0000394106
        0.0000444619  -0.0000559946   0.0003637605   0.0001490198  -0.0000619333
        0.0000006616   0.0001370221  -0.0001177444   0.0000534047  -0.0000690984
        0.0000123420   0.0000631916  -0.0001219805   0.0000972497   0.0000709036
       -0.0000488463   0.0000348138   0.0000971604   0.0000311715
        0.0002264365   0.0007351085  -0.0014796115  -0.0021935690  -0.0056083139
        0.0047099369   0.0018690993   0.0101856299   0.0000425429   0.0005861912
        0.0001481230  -0.0006970879  -0.0001317638   0.0000013001  -0.0003696316
        0.0005715223  -0.0006809981  -0.0002422913  -0.0000766973  -0.0002852405
       -0.0002078613   0.0000928953  -0.0005327208   0.0000186448   0.0000746168
       -0.0000453927  -0.0002209058   0.0001678750   0.0000309301  -0.0002808268
       -0.0000110160  -0.0000668962   0.0001573861  -0.0001079654   0.0001116754
        0.0000631495   0.0010810665   0.0013510519   0.0017672898  -0.0037253438
       -0.0061168630  -0.0027576882   0.0015712447   0.0010554915   0.0005178365
       -0.0000924631   0.0000164018  -0.0000451077   0.0000593735   0.0001341601
       -0.0001672054  -0.0000107316  -0.0005756083  -0.0003153590  -0.0000026371
       -0.0000078818  -0.0001885839   0.0000800230  -0.0001204641  -0.0000891751
       -0.0000222728  -0.0000133433  -0.0000943072  -0.0000206868   0.0001316446
       -0.0000875006   0.0000148027   0.0001522057  -0.0000336433
        0.0012110852  -0.0011801894   0.0025387947   0.0082932096   0.0050901720
       -0.0185688201   0.0004678220   0.0000425429   0.0302598811   0.0003940511
       -0.0016646177  -0.0005076745  -0.0002321655   0.0001223065  -0.0002497708
        0.0002018084   0.0000652168  -0.0005500455  -0.0000601165  -0.0003330001
       -0.0000560902  -0.0000835285   0.0000030188  -0.0001629653  -0.0000723115
        0.0000029859  -0.0001453907   0.0001278544  -0.0000148002  -0.0002095914
       -0.0000437804  -0.0001581282   0.0001265456   0.0000082634   0.0000175516
       -0.0000486561  -0.0006321412   0.0019676711   0.0011311261  -0.0092200681
       -0.0044456022  -0.0104559356  -0.0006802078   0.0006333579  -0.0032635038
       -0.0000770953   0.0001028738   0.0000214484   0.0000672223   0.0000189080
        0.0000741709   0.0001719275  -0.0003798445   0.0001025299   0.0000774577
        0.0000132431   0.0000799232   0.0000023128  -0.0000052548  -0.0000258473
        0.0000218216   0.0000313937  -0.0000540771   0.0000441741   0.0000521191
       -0.0000163417   0.0000124049   0.0000180759  -0.0000197099
       -0.0015090856  -0.0022298110  -0.0017820591  -0.0074813770  -0.0029318061
       -0.0023567589   0.0003227683   0.0005861912   0.0003940511   0.1603683852
       -0.0520194869  -0.0266212092  -0.0879600392   0.0702614984  -0.0013508256
       -0.0414760059  -0.0238286122   0.0109554733  -0.0099877128  -0.0321448509
        0.0169219330  -0.0022403465  -0.0017305009  -0.0018121180  -0.0016841978
        0.0012342003   0.0007147042   0.0002409028  -0.0001459501   0.0005376564
        0.0002887597   0.0012980759   0.0008343091   0.0007953941  -0.0009128515
        0.0011166188  -0.0002201410  -0.0001211948   0.0001165044   0.0004038591
       -0.0000867014  -0.0006552755  -0.0001514278   0.0007778899   0.0003528127
       -0.0118573586   0.0359866851  -0.0050830629   0.0012856833   0.0007279816
        0.0061763509   0.0006140196   0.0070130929   0.0013399696   0.0001232431
       -0.0003353569  -0.0000454761  -0.0002096264  -0.0001326360   0.0000854129
        0.0001442945  -0.0005155549   0.0000300617   0.0001687399  -0.0000814162
        0.0000342110   0.0000212689  -0.0006688855   0.0000967162
       -0.0028163050   0.0004846994  -0.0020007183  -0.0041882553  -0.0097096581
       -0.0033177823   0.0019823092   0.0001481230  -0.0016646177  -0.0520194869
        0.3644023824  -0.0664816120   0.0808081439  -0.1795353903  -0.0273631742
       -0.0305831991  -0.1172854580   0.0826677390  -0.0092519757  -0.0180562312
        0.0091957954  -0.0018067217  -0.0017888039  -0.0020574909  -0.0006662158
        0.0013315636   0.0000477215   0.0001263531   0.0001654204  -0.0001411761
       -0.0004215821   0.0005336848   0.0009863691   0.0010276892   0.0016875090
        0.0027748576   0.0004781392  -0.0002147442  -0.0003223020  -0.0024437370
       -0.0025056363   0.0007778011   0.0029455315  -0.0006332241   0.0004266647
        0.0071982585  -0.0086966132   0.0024721643   0.0069595446  -0.0264311885
        0.0018304442   0.0021284817  -0.0024333795   0.0037376559   0.0004515724
       -0.0002378729  -0.0004729368  -0.0001732114  -0.0000209372   0.0000374011
        0.0001048874  -0.0003099427  -0.0000850562   0.0001239310  -0.0001250667
       -0.0001012604   0.0000358485  -0.0007692359  -0.0009464870
       -0.0013511270  -0.0013901461  -0.0005664781  -0.0020792198  -0.0047377930
       -0.0058023112   0.0000985060  -0.0006970879  -0.0005076745  -0.0266212092
       -0.0664816120   0.1779575353  -0.0028487882  -0.0154427177  -0.0348713540
        0.0093528030   0.0680983128  -0.1170128748   0.0127820342   0.0099925012
       -0.0035323039   0.0005792787   0.0013842711   0.0017949403   0.0007717382
       -0.0006217938  -0.0000467848  -0.0002936593  -0.0000988391   0.0002018352
        0.0008683614  -0.0003253609  -0.0001857485  -0.0017749309  -0.0019870200
       -0.0019063561  -0.0000914513   0.0000714310  -0.0003270436   0.0002181849
        0.0005877299  -0.0008871168  -0.0003957984   0.0003869806   0.0003515287
        0.0031529740   0.0041203582  -0.0004295760   0.0085507408  -0.0261704361
        0.0036644439  -0.0001834156   0.0328391340  -0.0197312726  -0.0004558376
        0.0002773798   0.0006245500   0.0001134759   0.0001691334   0.0001102102
       -0.0000748053   0.0002097158   0.0001948403   0.0000742703  -0.0001287502
        0.0001246146  -0.0003921249  -0.0000553909   0.0007823962
       -0.0009940412  -0.0003459558  -0.0007850074   0.0022202921   0.0010614729
        0.0004688623   0.0004248060  -0.0001317638  -0.0002321655  -0.0879600392
        0.0808081439  -0.0028487882   0.5930153054  -0.0382340645  -0.0068265081
       -0.1432972932   0.0086721214   0.1231265540  -0.0209670364   0.0118155856
        0.0130556196  -0.0026227950   0.0006373072  -0.0011367547  -0.0005559484
       -0.0018073526   0.0001927373   0.0001543478   0.0001592436   0.0002068697
        0.0002484500  -0.0011321336   0.0001682181   0.0000557974   0.0002167193
        0.0010629259   0.0002588386   0.0000479925  -0.0000242198  -0.0004737960
       -0.0001020275   0.0000876052   0.0003824725  -0.0001556936  -0.0000003744
       -0.2794496403  -0.0196601453  -0.0616023544  -0.0635780029  -0.0374650977
       -0.0615285336   0.0049833301  -0.0055687798  -0.0030412298  -0.0001101784
        0.0003685771  -0.0001529231  -0.0002246315  -0.0000243998  -0.0000319512
       -0.0001305098   0.0004412431   0.0000277317   0.0000044660   0.0000958161
       -0.0000145023  -0.0013841936   0.0003031913  -0.0001718110
        0.0000563479  -0.0001940883   0.0001272203   0.0002730037  -0.0056402240
       -0.0011676456  -0.0002564897   0.0000013001   0.0001223065   0.0702614984
       -0.1795353903  -0.0154427177  -0.0382340645   0.3285330680   0.1734152786
        0.0247697997  -0.0134656408  -0.0471567943  -0.0086097507   0.0031505504
        0.0061152330  -0.0006796462  -0.0000100708  -0.0004846406  -0.0003442858
       -0.0003539859   0.0003435853   0.0001529412   0.0000628863   0.0002345074
        0.0002020210  -0.0001885811  -0.0002641594  -0.0003031898  -0.0005379891
        0.0000174735   0.0001083976   0.0000781518  -0.0000359719   0.0006077306
        0.0002862942  -0.0000573986  -0.0003616467   0.0001115232  -0.0000637172
       -0.0124851782  -0.0347404185  -0.0079843972  -0.0380892468  -0.0942492276
       -0.1075606078   0.0034934357  -0.0039901354  -0.0007564746  -0.0000678600
        0.0000834102   0.0001601345  -0.0001525276  -0.0000354642   0.0000356119
       -0.0000629602   0.0000679485   0.0000268605  -0.0000706254  -0.0000036423
        0.0000091975  -0.0002077043   0.0005697258   0.0003671158
       -0.0003046708  -0.0001364227  -0.0005214878   0.0009051939   0.0005608251
       -0.0000226748   0.0003130505  -0.0003696316  -0.0002497708  -0.0013508256
       -0.0273631742  -0.0348713540  -0.0068265081   0.1734152786   0.4908397383
        0.1097779084  -0.0252795587  -0.1741960358   0.0075830120   0.0069318803
        0.0001077889  -0.0000525148  -0.0008734718   0.0005220979   0.0003746921
        0.0002116187  -0.0000823423  -0.0003396868  -0.0000780746   0.0000807771
        0.0004484684   0.0003288983  -0.0002916365  -0.0023308809  -0.0004201293
       -0.0008430503   0.0000363285   0.0000112802   0.0003692811   0.0000276980
       -0.0005134982   0.0000143235  -0.0001241734   0.0001108324   0.0000694765
       -0.0606881181  -0.0074160934  -0.0543364383  -0.0635844538  -0.1035286231
       -0.2088776674   0.0174063848  -0.0152781964  -0.0172433863   0.0000715590
       -0.0002079288  -0.0000359956  -0.0000194633  -0.0000732651  -0.0000405827
        0.0000200259  -0.0000776869  -0.0000639912  -0.0001301674   0.0000703990
       -0.0000822220  -0.0012128586  -0.0000252577  -0.0002448475
       -0.0005364398   0.0001454660  -0.0001139754   0.0003723515  -0.0014406734
        0.0011372218  -0.0003739803   0.0005715223   0.0002018084  -0.0414760059
       -0.0305831991   0.0093528030  -0.1432972932   0.0247697997   0.1097779084
        0.5151623348   0.0931943851  -0.0344960392  -0.1939019719  -0.0449937384
       -0.0114819545  -0.0228414936  -0.0098488421   0.0108615647   0.0028629330
       -0.0028951462   0.0025123001  -0.0015227530  -0.0004097770  -0.0002273653
        0.0020157240  -0.0015435291  -0.0039159981  -0.0261456899  -0.0074069527
       -0.0128650150   0.0000963872  -0.0000238547  -0.0001384479  -0.0008595106
        0.0014831741   0.0002208133  -0.0002763250  -0.0000086101  -0.0002002672
       -0.0156190138  -0.0078336498   0.0223884225   0.0032644582   0.0049077392
       -0.0048331643  -0.0761299418  -0.0211035837  -0.0881584716   0.0004912352
        0.0013902534  -0.0012232442  -0.0004971952   0.0000254830  -0.0001943093
       -0.0000917978   0.0008034784   0.0000137049  -0.0006009202  -0.0001325734
        0.0000520049  -0.0000950920   0.0009328283   0.0013297000
        0.0003825152  -0.0000671117   0.0003074269  -0.0015088597  -0.0072075797
        0.0007957655  -0.0003630083  -0.0006809981   0.0000652168  -0.0238286122
       -0.1172854580   0.0680983128   0.0086721214  -0.0134656408  -0.0252795587
        0.0931943851   0.2438875747   0.0142626133  -0.0479650218  -0.0656634323
       -0.0047184706  -0.0105934675  -0.0014925056   0.0049864815  -0.0014485627
        0.0056438355   0.0019251991  -0.0005795790  -0.0005728541   0.0000698886
       -0.0008310208   0.0063591311   0.0000761209  -0.0059873968  -0.0027264218
       -0.0054560318  -0.0000712142   0.0000592647   0.0002075060   0.0015643112
        0.0005906017  -0.0002010225  -0.0005065549   0.0002045340   0.0001259752
        0.0021811652  -0.0020710412   0.0008928392   0.0071033298   0.0021612309
       -0.0131848189  -0.0208674530  -0.0426300152  -0.0423391248   0.0005454645
       -0.0019472853  -0.0007210597  -0.0001874986  -0.0001257303  -0.0000947895
        0.0004488335  -0.0013819966  -0.0002103891  -0.0000355806   0.0002098548
        0.0000742445   0.0006817041  -0.0017979568   0.0003176753
       -0.0007960890  -0.0000618947  -0.0009014979   0.0000020500   0.0017735759
        0.0027611110   0.0006184733  -0.0002422913  -0.0005500455   0.0109554733
        0.0826677390  -0.1170128748   0.1231265540  -0.0471567943  -0.1741960358
       -0.0344960392   0.0142626133   0.6268122864  -0.0219595525  -0.0106927636
       -0.0657061969   0.0242458110   0.0084241455  -0.0043118550   0.0014289832
        0.0022702064  -0.0036881454   0.0007142545   0.0002645650  -0.0004508971
       -0.0038572957   0.0007671500  -0.0043946279  -0.0237213825  -0.0071325807
        0.0004566282   0.0001528393  -0.0001534650   0.0001724250  -0.0004454471
       -0.0003779688   0.0005105779   0.0003276506  -0.0000650927  -0.0000605872
       -0.0023796934  -0.0031315539   0.0037692710   0.0120495592   0.0068069468
       -0.0197259139  -0.0881266198  -0.0475442650  -0.2428686483   0.0022281587
        0.0002225925   0.0001397843   0.0011041446   0.0002438918  -0.0001539368
        0.0001189144  -0.0002898663  -0.0001319720  -0.0013826633  -0.0003335891
       -0.0002764212   0.0000919162  -0.0005213008  -0.0001924279
        0.0000307389   0.0003612365   0.0000059993   0.0002096805  -0.0009046489
        0.0002606082  -0.0002321389  -0.0000766973  -0.0000601165  -0.0099877128
       -0.0092519757   0.0127820342  -0.0209670364  -0.0086097507   0.0075830120
       -0.1939019719  -0.0479650218  -0.0219595525   0.5603262941   0.1423968292
        0.0126280509  -0.1305161119  -0.0422341156   0.1164559809  -0.0311961726
       -0.0123974099   0.0232463389   0.0041660553   0.0039383576  -0.0009490124
       -0.0349583887  -0.0080126774  -0.0236230828  -0.1346839209  -0.0115698889
       -0.1220056117   0.0002740243  -0.0003390327  -0.0001204827  -0.0012168700
        0.0034083295   0.0004949962  -0.0003624629  -0.0002255179  -0.0000598166
       -0.0007283624  -0.0011900681   0.0013966636   0.0008571177   0.0005454600
       -0.0009171650  -0.0119868940  -0.0031686997  -0.0036243405   0.0057991796
        0.0028992026  -0.0111988611  -0.0044860124  -0.0039442654  -0.0003330575
        0.0009446511   0.0001235583  -0.0000345994  -0.0044703795  -0.0039869911
       -0.0004626276   0.0070866939   0.0002037876   0.0104946420
       -0.0000961896   0.0003282455  -0.0000500262   0.0001937590  -0.0004334680
        0.0004831892  -0.0003007240  -0.0002852405  -0.0003330001  -0.0321448509
       -0.0180562312   0.0099925012   0.0118155856   0.0031505504   0.0069318803
       -0.0449937384  -0.0656634323  -0.0106927636   0.1423968292   0.1950017908
       -0.0617601980  -0.0322710435  -0.0655709971   0.0606710593  -0.0198502762
       -0.0062463886   0.0040724604   0.0032770981  -0.0063570023   0.0069332070
       -0.0018404842   0.0014183205  -0.0104901438  -0.0184194221  -0.0532455044
       -0.0094605937  -0.0000454526  -0.0001545779  -0.0001233231   0.0007916536
       -0.0005438547  -0.0002469581  -0.0002331129  -0.0000921467   0.0001304265
        0.0013079798   0.0012203161  -0.0029488757   0.0000661958  -0.0000632965
        0.0007531293  -0.0056513012  -0.0003770666  -0.0020636748   0.0004211663
        0.0012014478  -0.0003453516  -0.0039815553   0.0067346000   0.0007362125
        0.0002359947   0.0001171722   0.0000854893  -0.0040026111   0.0068219668
        0.0007261901   0.0033245000   0.0010947966   0.0069991637
        0.0000617256  -0.0001225648   0.0000260118   0.0001974102   0.0002341260
       -0.0002294654  -0.0000528928  -0.0002078613  -0.0000560902   0.0169219330
        0.0091957954  -0.0035323039   0.0130556196   0.0061152330   0.0001077889
       -0.0114819545  -0.0047184706  -0.0657061969   0.0126280509  -0.0617601980
        0.6449569800   0.0501513350   0.0418520394  -0.2554435992   0.0770417379
        0.0209351505   0.0292814476  -0.0008175049   0.0073791667  -0.0652600839
       -0.0775929476  -0.0279934927   0.0251651082  -0.0570292877   0.0083037238
       -0.2559352377   0.0001215513  -0.0002068436  -0.0000145238  -0.0005372099
        0.0001229939   0.0014328971   0.0001017406  -0.0000532308  -0.0001290940
        0.0007483476   0.0009186367  -0.0015777134   0.0003874542  -0.0001196186
        0.0002813946  -0.0221051169  -0.0079472643  -0.0039517928   0.0089730886
        0.0060681989  -0.0257475111  -0.0007072047   0.0007030497   0.0013819160
       -0.0000126579   0.0001435619  -0.0007269558  -0.0000158167   0.0008027835
        0.0014189000  -0.0100374009   0.0003550854  -0.0257418762
       -0.0000581348  -0.0000461359  -0.0000351888  -0.0000307690   0.0003684556
       -0.0000155990  -0.0001484383   0.0000928953  -0.0000835285  -0.0022403465
       -0.0018067217   0.0005792787  -0.0026227950  -0.0006796462  -0.0000525148
       -0.0228414936  -0.0105934675   0.0242458110  -0.1305161119  -0.0322710435
        0.0501513350   0.5993143607   0.1502646551   0.0304136043  -0.2955528824
       -0.0822912920   0.0310795006  -0.0340562178  -0.0012628759  -0.0794944470
       -0.0432194815  -0.0151442267   0.0274676323   0.0504196655   0.0122742855
        0.0248132783   0.0000933641   0.0000185061   0.0000675837   0.0003403591
        0.0007759597  -0.0002162857   0.0000039870  -0.0000938036   0.0001111622
        0.0000027311  -0.0001794657   0.0005901859  -0.0001916024  -0.0000465852
       -0.0000906657   0.0004366666   0.0002711474   0.0017794290  -0.1031671592
       -0.0100276400  -0.1073215548  -0.0153428168  -0.0052859029   0.0020387275
       -0.0001121719  -0.0021553294  -0.0031939606  -0.0001991648  -0.0001396122
        0.0006707561  -0.0003115482  -0.0020421563  -0.0035045398
        0.0000142626   0.0000129416  -0.0000941247   0.0001384695   0.0000504366
       -0.0000353358  -0.0001470917  -0.0005327208   0.0000030188  -0.0017305009
       -0.0017888039   0.0013842711   0.0006373072  -0.0000100708  -0.0008734718
       -0.0098488421  -0.0014925056   0.0084241455  -0.0422341156  -0.0655709971
        0.0418520394   0.1502646551   0.1723001149  -0.0540664924  -0.0715955922
       -0.0728805738   0.0156101013  -0.0081752748   0.0025662094  -0.0283380084
       -0.0156543355  -0.0119728276   0.0093883416   0.0188777721   0.0055372523
        0.0159799987  -0.0001025377   0.0001776369   0.0000299982   0.0009332318
       -0.0008459777  -0.0007764610  -0.0002723635  -0.0000696084   0.0002041217
        0.0001127830  -0.0000509490   0.0001649250  -0.0000372050  -0.0000854442
        0.0001093050   0.0006286576  -0.0001009428   0.0005316892  -0.0096374844
       -0.0370478282  -0.0114349235  -0.0079054377  -0.0018411334   0.0008513789
       -0.0020728792   0.0072649118   0.0005061366  -0.0000815695  -0.0002697577
        0.0001144550  -0.0021119090   0.0066506375   0.0004648916
       -0.0001638103  -0.0000147881  -0.0002368957   0.0003035609   0.0005515029
        0.0002036020  -0.0002506072   0.0000186448  -0.0001629653  -0.0018121180
       -0.0020574909   0.0017949403  -0.0011367547  -0.0004846406   0.0005220979
        0.0108615647   0.0049864815  -0.0043118550   0.1164559809   0.0606710593
       -0.2554435992   0.0304136043  -0.0540664924   0.6441515366  -0.0410874827
       -0.0072393552  -0.0960303956  -0.0247153137  -0.0107952816   0.0253377504
        0.0272842579   0.0098121654  -0.0120085742  -0.0247606358   0.0005533170
       -0.0624662599   0.0002579091  -0.0003908155  -0.0001428916  -0.0011247148
        0.0022253094  -0.0002220377  -0.0000274347  -0.0000137773   0.0000587959
       -0.0001700292  -0.0001302757   0.0000610641  -0.0000404864  -0.0000108821
       -0.0001554549  -0.0020158459  -0.0008697277   0.0012369875  -0.1065376142
       -0.0113536011  -0.2337219379   0.0240350155   0.0076721062  -0.0009898108
       -0.0033799385   0.0004444133  -0.0040050716   0.0005922458   0.0001058638
        0.0005882812  -0.0029813529   0.0003862648  -0.0040573064
        0.0000398515  -0.0001175461   0.0000705442  -0.0000450458   0.0000078022
       -0.0000268169   0.0000117873   0.0000746168  -0.0000723115  -0.0016841978
       -0.0006662158   0.0007717382  -0.0005559484  -0.0003442858   0.0003746921
        0.0028629330  -0.0014485627   0.0014289832  -0.0311961726  -0.0198502762
        0.0770417379  -0.2955528824  -0.0715955922  -0.0410874827   0.5925343698
        0.1475179567   0.0043302080  -0.1470614900  -0.0230247109  -0.0612505415
        0.0547476608   0.0202096753  -0.0272712773  -0.0448915905  -0.0088342241
       -0.0291105557  -0.0000877985   0.0000893071   0.0000137935   0.0002087764
       -0.0010878528   0.0006524321   0.0002653929   0.0001031401  -0.0001205906
       -0.0000972137  -0.0000826217  -0.0000617879   0.0001261490  -0.0000101106
       -0.0002128591   0.0001799173   0.0001022683  -0.0001504374  -0.0158553172
       -0.0048244989  -0.0026461754  -0.0974577985  -0.0313053900   0.0995916395
       -0.0165257832  -0.0022440234  -0.0245511938   0.0002549913  -0.0026631722
        0.0027048347  -0.0002205904  -0.0000056830  -0.0004185735
        0.0000712366   0.0000521454  -0.0000709058   0.0000676446  -0.0001161891
        0.0000924084   0.0000137489  -0.0000453927   0.0000029859   0.0012342003
        0.0013315636  -0.0006217938  -0.0018073526  -0.0003539859   0.0002116187
       -0.0028951462   0.0056438355   0.0022702064  -0.0123974099  -0.0062463886
        0.0209351505  -0.0822912920  -0.0728805738  -0.0072393552   0.1475179567
        0.1744629297  -0.0657580652  -0.0130089903  -0.0541945891   0.0095034642
        0.0133714796   0.0059411228  -0.0001316882  -0.0087873511  -0.0073615030
       -0.0085403768  -0.0002363500   0.0000762305   0.0001514564   0.0005351670
       -0.0011788137  -0.0001141839  -0.0001994403  -0.0000110312   0.0000803867
       -0.0001671477  -0.0001998343   0.0003043361   0.0000219513  -0.0000224908
       -0.0000795278   0.0001618496   0.0000120563   0.0002119048  -0.0022899822
        0.0002883259  -0.0004843904  -0.0313017784  -0.0518789087   0.0544036309
       -0.0050583772   0.0002359483  -0.0072645168  -0.0026280091   0.0066757277
        0.0023677240   0.0000733922  -0.0002301850  -0.0002304689
       -0.0001320442  -0.0000072096   0.0000144660   0.0002437598   0.0001422933
        0.0000406750  -0.0001033954  -0.0002209058  -0.0001453907   0.0007147042
        0.0000477215  -0.0000467848   0.0001927373   0.0003435853  -0.0000823423
        0.0025123001   0.0019251991  -0.0036881454   0.0232463389   0.0040724604
        0.0292814476   0.0310795006   0.0156101013  -0.0960303956   0.0043302080
       -0.0657580652   0.6527702285  -0.1345933034  -0.0150118893  -0.2665428073
        0.0271111109   0.0171040335  -0.0655106741  -0.0293511283  -0.0079284295
       -0.0143594724   0.0001113797  -0.0001642884  -0.0000524627   0.0001366219
        0.0014098617  -0.0002814134  -0.0000295470   0.0000199331   0.0001711317
       -0.0000426210   0.0000034671   0.0000134026   0.0000355620   0.0000056018
       -0.0000296441   0.0000369584   0.0001143986  -0.0002275735  -0.0245290030
       -0.0075195460  -0.0018213368   0.0994804940   0.0542171781  -0.2283521945
       -0.0023730255  -0.0004436166  -0.0016517989   0.0023871791   0.0022712619
       -0.0039717927  -0.0004647870  -0.0002331464   0.0005028777
        0.0000138278  -0.0001768528   0.0000512053  -0.0001716037   0.0002282613
        0.0000011891   0.0001789500   0.0001678750   0.0001278544   0.0002409028
        0.0001263531  -0.0002936593   0.0001543478   0.0001529412  -0.0003396868
       -0.0015227530  -0.0005795790   0.0007142545   0.0041660553   0.0032770981
       -0.0008175049  -0.0340562178  -0.0081752748  -0.0247153137  -0.1470614900
       -0.0130089903  -0.1345933034   0.6197903938   0.1530970223   0.0216102981
       -0.1393170976  -0.0428963556   0.1206366292  -0.0302048291  -0.0131811390
        0.0240019362  -0.0001125819   0.0001857231   0.0000462146  -0.0004228083
       -0.0017556048  -0.0001616323   0.0002360460   0.0000960036  -0.0001205660
       -0.0000077421  -0.0000412731   0.0000038741   0.0000549765  -0.0000956048
       -0.0000116971   0.0002634326   0.0000868192   0.0000352624  -0.0046378364
       -0.0039213649  -0.0004624072   0.0061997999   0.0003414513   0.0109032809
       -0.2753403463  -0.0732444565  -0.0047110595   0.0061848108   0.0032112343
       -0.0116385873  -0.0046282370  -0.0038942869  -0.0002665813
        0.0000316907   0.0001244415  -0.0000040552   0.0000497766  -0.0000959135
        0.0000223531  -0.0000570887   0.0000309301  -0.0000148002  -0.0001459501
        0.0001654204  -0.0000988391   0.0001592436   0.0000628863  -0.0000780746
       -0.0004097770  -0.0005728541   0.0002645650   0.0039383576  -0.0063570023
        0.0073791667  -0.0012628759   0.0025662094  -0.0107952816  -0.0230247109
       -0.0541945891  -0.0150118893   0.1530970223   0.1749966686  -0.0572231125
       -0.0341715258  -0.0678549804   0.0644279007  -0.0204071342  -0.0053022523
        0.0038027309  -0.0002523424   0.0000932781   0.0000938371   0.0003981676
       -0.0011318829  -0.0003566977  -0.0000932489  -0.0000048469   0.0001297205
       -0.0000299200  -0.0000401303  -0.0000423886   0.0000487206  -0.0000388336
       -0.0000503212   0.0000429100   0.0000238525  -0.0000111361  -0.0039986222
        0.0066594979   0.0005864547   0.0030225635   0.0010558550   0.0065868684
       -0.0732536337  -0.0579674343  -0.0003487701   0.0002728171   0.0010622643
       -0.0001870048  -0.0039544398   0.0067194155   0.0009287737
       -0.0000181541  -0.0001109910   0.0000464753   0.0002029569   0.0001583309
       -0.0000965646  -0.0004056379  -0.0002808268  -0.0002095914   0.0005376564
       -0.0001411761   0.0002018352   0.0002068697   0.0002345074   0.0000807771
       -0.0002273653   0.0000698886  -0.0004508971  -0.0009490124   0.0069332070
       -0.0652600839  -0.0794944470  -0.0283380084   0.0253377504  -0.0612505415
        0.0095034642  -0.2665428073   0.0216102981  -0.0572231125   0.6224494393
        0.0473625473   0.0398713527  -0.2541733239   0.0783853972   0.0212697441
        0.0293306013  -0.0000272921  -0.0000296472  -0.0000235804   0.0001473807
        0.0001777619   0.0006843524   0.0001137231   0.0001477968  -0.0000860425
        0.0001513985   0.0001213993  -0.0000132353  -0.0001292599   0.0000232810
        0.0002025752   0.0000364287   0.0001031853   0.0002004619  -0.0001031341
        0.0007381454   0.0012627069  -0.0111825449  -0.0001542434  -0.0250752723
       -0.0047481923  -0.0003955759  -0.0442156824   0.0104505626   0.0065611858
       -0.0249969761  -0.0006696379   0.0007603310   0.0013470822
        0.0000356006  -0.0000681835  -0.0000203056  -0.0002351916   0.0000585228
       -0.0000196600   0.0002193691  -0.0000110160  -0.0000437804   0.0002887597
       -0.0004215821   0.0008683614   0.0002484500   0.0002020210   0.0004484684
        0.0020157240  -0.0008310208  -0.0038572957  -0.0349583887  -0.0018404842
       -0.0775929476  -0.0432194815  -0.0156543355   0.0272842579   0.0547476608
        0.0133714796   0.0271111109  -0.1393170976  -0.0341715258   0.0473625473
        0.5985535012   0.1456642311   0.0358614666  -0.3021889735  -0.0827065356
        0.0297493247  -0.0001867515   0.0003299989   0.0000919350   0.0004779111
       -0.0016209256  -0.0011212863   0.0000528022   0.0001618894   0.0000524200
        0.0001983426   0.0001140605  -0.0001696301  -0.0000949727  -0.0001306715
        0.0002152152  -0.0006901470  -0.0000475464   0.0000568742  -0.0001766233
       -0.0000875222   0.0004679789   0.0000817250  -0.0020102871  -0.0034059175
       -0.0155217073  -0.0081310070   0.0237318051  -0.1051799740  -0.0071053590
       -0.1090048687  -0.0151505376  -0.0050642010   0.0019339260
        0.0000076388   0.0001992153   0.0000388441   0.0002210954  -0.0002924532
       -0.0001713123  -0.0003859169  -0.0000668962  -0.0001581282   0.0012980759
        0.0005336848  -0.0003253609  -0.0011321336  -0.0001885811   0.0003288983
       -0.0015435291   0.0063591311   0.0007671500  -0.0080126774   0.0014183205
       -0.0279934927  -0.0151442267  -0.0119728276   0.0098121654   0.0202096753
        0.0059411228   0.0171040335  -0.0428963556  -0.0678549804   0.0398713527
        0.1456642311   0.1718924701  -0.0571637208  -0.0761840935  -0.0719133473
        0.0160038343  -0.0001390545   0.0001933439  -0.0000066986   0.0009216255
       -0.0009398632  -0.0002419638  -0.0001414534  -0.0000366281  -0.0000023818
       -0.0000318693  -0.0000345487   0.0001578310  -0.0001321969  -0.0000974908
       -0.0000306911   0.0002455831   0.0001257630   0.0001931228  -0.0000429114
       -0.0003003770   0.0000620616  -0.0020341978   0.0072751922   0.0004437863
       -0.0052559832  -0.0017682215   0.0075112809  -0.0071460654  -0.0366602778
       -0.0070809561  -0.0083452603  -0.0018117510   0.0008803456
       -0.0000293876  -0.0000674833   0.0000715193  -0.0001274337  -0.0000592844
       -0.0000604479   0.0000776988   0.0001573861   0.0001265456   0.0008343091
        0.0009863691  -0.0001857485   0.0001682181  -0.0002641594  -0.0002916365
       -0.0039159981   0.0000761209  -0.0043946279  -0.0236230828  -0.0104901438
        0.0251651082   0.0274676323   0.0093883416  -0.0120085742  -0.0272712773
       -0.0001316882  -0.0655106741   0.1206366292   0.0644279007  -0.2541733239
        0.0358614666  -0.0571637208   0.6469460792  -0.0425774262  -0.0070380344
       -0.0946607826  -0.0001396732   0.0001205509   0.0001008233  -0.0001139626
       -0.0018468862  -0.0004413841   0.0001491728   0.0001567066  -0.0001333183
       -0.0000069825  -0.0000123379   0.0001011284  -0.0002135522   0.0001710295
       -0.0000777850  -0.0011784057  -0.0005611356  -0.0002983305   0.0005135727
        0.0000866922   0.0005288224  -0.0030754947   0.0005180060  -0.0041332923
        0.0015380960   0.0007520035  -0.0005196538  -0.1089045352  -0.0068811277
       -0.2353337217   0.0239304162   0.0076748946  -0.0008167251
        0.0000509606  -0.0001652146  -0.0000319587  -0.0002575240   0.0003657717
       -0.0002092808  -0.0001253398  -0.0001079654   0.0000082634   0.0007953941
        0.0010276892  -0.0017749309   0.0000557974  -0.0003031898  -0.0023308809
       -0.0261456899  -0.0059873968  -0.0237213825  -0.1346839209  -0.0184194221
       -0.0570292877   0.0504196655   0.0188777721  -0.0247606358  -0.0448915905
       -0.0087873511  -0.0293511283  -0.0302048291  -0.0204071342   0.0783853972
       -0.3021889735  -0.0761840935  -0.0425774262   0.6027275724   0.1551411302
        0.0056881452   0.0000534574   0.0000616722   0.0000207662   0.0007290195
        0.0012045076   0.0004570159  -0.0001108250   0.0000473731   0.0002031180
       -0.0000939788  -0.0002199161   0.0003028176  -0.0001692665   0.0001103432
       -0.0006121910  -0.0045456584  -0.0021536595  -0.0004123610   0.0000048780
       -0.0026600386   0.0026788559  -0.0002726547   0.0000540859  -0.0006295924
        0.0000543442  -0.0025966322   0.0024461221  -0.0165664477  -0.0049363285
       -0.0028097609  -0.0946343903  -0.0339620030   0.0960603155
       -0.0000214768   0.0001473916   0.0000568604   0.0003945512  -0.0002183537
       -0.0000693039  -0.0003278418   0.0001116754   0.0000175516  -0.0009128515
        0.0016875090  -0.0019870200   0.0002167193  -0.0005379891  -0.0004201293
       -0.0074069527  -0.0027264218  -0.0071325807  -0.0115698889  -0.0532455044
        0.0083037238   0.0122742855   0.0055372523   0.0005533170  -0.0088342241
       -0.0073615030  -0.0079284295  -0.0131811390  -0.0053022523   0.0212697441
       -0.0827065356  -0.0719133473  -0.0070380344   0.1551411302   0.1755852695
       -0.0690869557   0.0001563200  -0.0002029542   0.0000142738   0.0004476771
       -0.0001226433   0.0006531071  -0.0002327692  -0.0003410061   0.0000138543
       -0.0000497945   0.0001283351   0.0003383136  -0.0001794856   0.0001764712
        0.0000945867  -0.0023089005   0.0003700232  -0.0002682762  -0.0026483495
        0.0062048529   0.0022173613   0.0000462397  -0.0002104645  -0.0002760648
       -0.0027445528   0.0065938234   0.0022637700  -0.0021082327   0.0000444282
       -0.0005298626  -0.0334439278  -0.0544045922   0.0589401934
        0.0001211846   0.0000690641   0.0000064827  -0.0000217785  -0.0003953840
        0.0000742482  -0.0001064781   0.0000631495  -0.0000486561   0.0011166188
        0.0027748576  -0.0019063561   0.0010629259   0.0000174735  -0.0008430503
       -0.0128650150  -0.0054560318   0.0004566282  -0.1220056117  -0.0094605937
       -0.2559352377   0.0248132783   0.0159799987  -0.0624662599  -0.0291105557
       -0.0085403768  -0.0143594724   0.0240019362   0.0038027309   0.0293306013
        0.0297493247   0.0160038343  -0.0946607826   0.0056881452  -0.0690869557
        0.6348432154  -0.0002977835   0.0004630342   0.0002037465   0.0016027682
       -0.0027258412  -0.0004954154   0.0000249896   0.0001096623  -0.0002962092
       -0.0000708161  -0.0000108965  -0.0002490300   0.0010375514  -0.0003041450
       -0.0000979735   0.0003914608   0.0001148699   0.0000709090   0.0021382874
        0.0022203281  -0.0038325127  -0.0005914228  -0.0002604725   0.0005149094
        0.0026468727   0.0022860993  -0.0037740130  -0.0247293669  -0.0073160327
       -0.0020695025   0.0954034842   0.0596516275  -0.2244662694
       -0.0003539524   0.0006529748  -0.0000164352   0.0014106466  -0.0005041225
       -0.0001555843  -0.0034205830   0.0010810665  -0.0006321412  -0.0002201410
        0.0004781392  -0.0000914513   0.0002588386   0.0001083976   0.0000363285
        0.0000963872  -0.0000712142   0.0001528393   0.0002740243  -0.0000454526
        0.0001215513   0.0000933641  -0.0001025377   0.0002579091  -0.0000877985
       -0.0002363500   0.0001113797  -0.0001125819  -0.0002523424  -0.0000272921
       -0.0001867515  -0.0001390545  -0.0001396732   0.0000534574   0.0001563200
       -0.0002977835   0.0150886486  -0.0140786609  -0.0053260352  -0.0105674563
        0.0132675281   0.0030986934  -0.0027477939  -0.0000090147   0.0029282009
        0.0000646962   0.0001336241   0.0000418191   0.0000596289   0.0000631152
       -0.0000195437   0.0000271464   0.0000561692   0.0000900561   0.0000177842
       -0.0000365223   0.0000577082   0.0000427941  -0.0001520121  -0.0000375929
        0.0000911559  -0.0001998906  -0.0000290460   0.0000337219  -0.0001562190
       -0.0000549384   0.0000847639  -0.0000139412  -0.0000689684
        0.0005336283  -0.0001622172   0.0001970245  -0.0018532737   0.0001391305
        0.0000560814   0.0039682661   0.0013510519   0.0019676711  -0.0001211948
       -0.0002147442   0.0000714310   0.0000479925   0.0000781518   0.0000112802
       -0.0000238547   0.0000592647  -0.0001534650  -0.0003390327  -0.0001545779
       -0.0002068436   0.0000185061   0.0001776369  -0.0003908155   0.0000893071
        0.0000762305  -0.0001642884   0.0001857231   0.0000932781  -0.0000296472
        0.0003299989   0.0001933439   0.0001205509   0.0000616722  -0.0002029542
        0.0004630342  -0.0140786609   0.0263546785   0.0071912512   0.0084434341
       -0.0316060955  -0.0057353367   0.0025950249   0.0034466584  -0.0032535088
       -0.0000313992   0.0000813558  -0.0000014975   0.0000467981   0.0000557562
        0.0000375169   0.0000035188   0.0000158798  -0.0000169561   0.0000010311
        0.0000289730  -0.0000126050   0.0000187215   0.0000027351  -0.0000369686
        0.0000313355   0.0000196372  -0.0000547116   0.0000507308   0.0000558331
       -0.0000438950   0.0000217272   0.0001109935  -0.0000153022
        0.0000450037   0.0000837297   0.0005573639  -0.0007304259  -0.0000786541
       -0.0007121082   0.0007574522   0.0017672898   0.0011311261   0.0001165044
       -0.0003223020  -0.0003270436  -0.0000242198  -0.0000359719   0.0003692811
       -0.0001384479   0.0002075060   0.0001724250  -0.0001204827  -0.0001233231
       -0.0000145238   0.0000675837   0.0000299982  -0.0001428916   0.0000137935
        0.0001514564  -0.0000524627   0.0000462146   0.0000938371  -0.0000235804
        0.0000919350  -0.0000066986   0.0001008233   0.0000207662   0.0000142738
        0.0002037465  -0.0053260352   0.0071912512   0.0084769071   0.0024281494
       -0.0073838460  -0.0083318995   0.0027000287  -0.0016313463  -0.0018352208
       -0.0000110396  -0.0000166358   0.0000827767   0.0000549710  -0.0000933850
        0.0001190045   0.0000092878   0.0000192935   0.0000443885  -0.0000651328
        0.0001743748   0.0000635637  -0.0000803630   0.0001474673   0.0000531550
       -0.0000038547   0.0000326332  -0.0000123887   0.0000887634  -0.0001007260
        0.0000155305   0.0000595479  -0.0001202223   0.0000620273
        0.0018648280  -0.0012680697   0.0010679944  -0.0086992928  -0.0010301665
        0.0014293640  -0.0110709091  -0.0037253438  -0.0092200681   0.0004038591
       -0.0024437370   0.0002181849  -0.0004737960   0.0006077306   0.0000276980
       -0.0008595106   0.0015643112  -0.0004454471  -0.0012168700   0.0007916536
       -0.0005372099   0.0003403591   0.0009332318  -0.0011247148   0.0002087764
        0.0005351670   0.0001366219  -0.0004228083   0.0003981676   0.0001473807
        0.0004779111   0.0009216255  -0.0001139626   0.0007290195   0.0004476771
        0.0016027682  -0.0105674563   0.0084434341   0.0024281494   0.0418096457
        0.0009599479  -0.0060590040  -0.0107217168  -0.0070632343   0.0106997704
       -0.0000023989  -0.0004327032  -0.0000044252  -0.0000062579  -0.0003107336
        0.0000043959  -0.0003728757  -0.0000904477  -0.0001995946  -0.0002891682
        0.0001941544  -0.0002333000  -0.0002714095   0.0000969062   0.0001158237
       -0.0004802857   0.0000987557  -0.0000529571  -0.0001847628   0.0001070828
       -0.0002064666  -0.0001948802   0.0002645905   0.0003189983
        0.0002992261  -0.0008845273   0.0002261253  -0.0033158571   0.0029684023
       -0.0007728818  -0.0066156187  -0.0061168630  -0.0044456022  -0.0000867014
       -0.0025056363   0.0005877299  -0.0001020275   0.0002862942  -0.0005134982
        0.0014831741   0.0005906017  -0.0003779688   0.0034083295  -0.0005438547
        0.0001229939   0.0007759597  -0.0008459777   0.0022253094  -0.0010878528
       -0.0011788137   0.0014098617  -0.0017556048  -0.0011318829   0.0001777619
       -0.0016209256  -0.0009398632  -0.0018468862   0.0012045076  -0.0001226433
       -0.0027258412   0.0132675281  -0.0316060955  -0.0073838460   0.0009599479
        0.0583111038  -0.0003896379  -0.0071229934  -0.0146681517   0.0135022639
        0.0001135538  -0.0000954057   0.0001362563   0.0000604686  -0.0002733970
       -0.0000751136  -0.0000681125   0.0000547098   0.0000791092   0.0001121557
       -0.0002686648   0.0000310367  -0.0000162436  -0.0001863131   0.0000472453
       -0.0000303472  -0.0001884238  -0.0000041703   0.0000058902  -0.0002549776
       -0.0000478759   0.0001315431  -0.0003996205   0.0000376286
       -0.0004012826   0.0011189700  -0.0000910056   0.0036839772  -0.0024493266
        0.0063962692  -0.0044658819  -0.0027576882  -0.0104559356  -0.0006552755
        0.0007778011  -0.0008871168   0.0000876052  -0.0000573986   0.0000143235
        0.0002208133  -0.0002010225   0.0005105779   0.0004949962  -0.0002469581
        0.0014328971  -0.0002162857  -0.0007764610  -0.0002220377   0.0006524321
       -0.0001141839  -0.0002814134  -0.0001616323  -0.0003566977   0.0006843524
       -0.0011212863  -0.0002419638  -0.0004413841   0.0004570159   0.0006531071
       -0.0004954154   0.0030986934  -0.0057353367  -0.0083318995  -0.0060590040
       -0.0003896379   0.0342802373   0.0047949832   0.0108102446  -0.0191921743
       -0.0001200532   0.0001585748  -0.0002824233  -0.0000385221   0.0002727546
       -0.0003261436  -0.0002650815  -0.0001424286  -0.0002574313  -0.0002461096
       -0.0000748338  -0.0004829384   0.0001534468  -0.0001333455  -0.0004050020
        0.0000131698  -0.0000392310  -0.0001765234  -0.0002192087   0.0000202699
       -0.0004101474   0.0003124903  -0.0000952082  -0.0005796658
       -0.0018380012   0.0035198621  -0.0012494648  -0.0013661548  -0.0063483872
        0.0021340914   0.0052252346   0.0015712447  -0.0006802078  -0.0001514278
        0.0029455315  -0.0003957984   0.0003824725  -0.0003616467  -0.0001241734
       -0.0002763250  -0.0005065549   0.0003276506  -0.0003624629  -0.0002331129
        0.0001017406   0.0000039870  -0.0002723635  -0.0000274347   0.0002653929
       -0.0001994403  -0.0000295470   0.0002360460  -0.0000932489   0.0001137231
        0.0000528022  -0.0001414534   0.0001491728  -0.0001108250  -0.0002327692
        0.0000249896  -0.0027477939   0.0025950249   0.0027000287  -0.0107217168
       -0.0071229934   0.0047949832   0.0114621781   0.0045632722  -0.0077768190
       -0.0000051504   0.0000038865  -0.0001908583  -0.0001095521   0.0001121538
       -0.0001130054  -0.0000365006   0.0000314038  -0.0000443917   0.0000605963
        0.0000537415  -0.0000076274   0.0001650652  -0.0000008698   0.0000582856
        0.0000746713  -0.0000251046   0.0001611971  -0.0000246213   0.0000352218
        0.0001458963  -0.0001779143   0.0001066022  -0.0000724309
       -0.0006316812   0.0007114241  -0.0003555096   0.0011591883  -0.0024317350
        0.0004889997   0.0013973565   0.0010554915   0.0006333579   0.0007778899
       -0.0006332241   0.0003869806  -0.0001556936   0.0001115232   0.0001108324
       -0.0000086101   0.0002045340  -0.0000650927  -0.0002255179  -0.0000921467
       -0.0000532308  -0.0000938036  -0.0000696084  -0.0000137773   0.0001031401
       -0.0000110312   0.0000199331   0.0000960036  -0.0000048469   0.0001477968
        0.0001618894  -0.0000366281   0.0001567066   0.0000473731  -0.0003410061
        0.0001096623  -0.0000090147   0.0034466584  -0.0016313463  -0.0070632343
       -0.0146681517   0.0108102446   0.0045632722   0.0125865020  -0.0111125133
       -0.0000430593  -0.0000118125  -0.0000093518  -0.0000245712  -0.0000073734
        0.0000759596  -0.0000470905   0.0000141951   0.0000249924  -0.0000428816
        0.0001200911   0.0000366061   0.0000203416   0.0001077078   0.0000562229
        0.0000250669  -0.0000062599   0.0001150813   0.0000314822  -0.0000688734
        0.0000649987  -0.0000378458   0.0000245701   0.0000024470
       -0.0000194401   0.0006934348  -0.0002537144  -0.0039367109  -0.0012628107
       -0.0034841677  -0.0021646871   0.0005178365  -0.0032635038   0.0003528127
        0.0004266647   0.0003515287  -0.0000003744  -0.0000637172   0.0000694765
       -0.0002002672   0.0001259752  -0.0000605872  -0.0000598166   0.0001304265
       -0.0001290940   0.0001111622   0.0002041217   0.0000587959  -0.0001205906
        0.0000803867   0.0001711317  -0.0001205660   0.0001297205  -0.0000860425
        0.0000524200  -0.0000023818  -0.0001333183   0.0002031180   0.0000138543
       -0.0002962092   0.0029282009  -0.0032535088  -0.0018352208   0.0106997704
        0.0135022639  -0.0191921743  -0.0077768190  -0.0111125133   0.0276889358
        0.0000984159  -0.0000972769  -0.0000551958   0.0000125441  -0.0000226212
        0.0000037373   0.0000351535  -0.0000300241   0.0000454443   0.0000246085
        0.0000247308   0.0000671094  -0.0000220403   0.0000449024   0.0000510722
       -0.0000239474   0.0000039681   0.0000201468   0.0000753597  -0.0000118912
        0.0000655631  -0.0001483062  -0.0000415411   0.0001962864
        0.0001018443  -0.0000911867   0.0002690122  -0.0000927331   0.0004817946
       -0.0001020429  -0.0000011912  -0.0000924631  -0.0000770953  -0.0118573586
        0.0071982585   0.0031529740  -0.2794496403  -0.0124851782  -0.0606881181
       -0.0156190138   0.0021811652  -0.0023796934  -0.0007283624   0.0013079798
        0.0007483476   0.0000027311   0.0001127830  -0.0001700292  -0.0000972137
       -0.0001671477  -0.0000426210  -0.0000077421  -0.0000299200   0.0001513985
        0.0001983426  -0.0000318693  -0.0000069825  -0.0000939788  -0.0000497945
       -0.0000708161   0.0000646962  -0.0000313992  -0.0000110396  -0.0000023989
        0.0001135538  -0.0001200532  -0.0000051504  -0.0000430593   0.0000984159
        0.3149558594   0.0043872078   0.0624676067  -0.0077108480  -0.0022960832
       -0.0032566809   0.0002957496  -0.0004474812  -0.0002145061  -0.0000501621
        0.0000335096   0.0000163201  -0.0000013495  -0.0000217259  -0.0000114955
        0.0000011077  -0.0000011784   0.0000024113   0.0000319091  -0.0000061292
        0.0000194225   0.0000649028  -0.0000216363   0.0002252650
       -0.0003221218  -0.0000776672   0.0000486881   0.0009504251  -0.0005036592
        0.0001304512  -0.0000912728   0.0000164018   0.0001028738   0.0359866851
       -0.0086966132   0.0041203582  -0.0196601453  -0.0347404185  -0.0074160934
       -0.0078336498  -0.0020710412  -0.0031315539  -0.0011900681   0.0012203161
        0.0009186367  -0.0001794657  -0.0000509490  -0.0001302757  -0.0000826217
       -0.0001998343   0.0000034671  -0.0000412731  -0.0000401303   0.0001213993
        0.0001140605  -0.0000345487  -0.0000123379  -0.0002199161   0.0001283351
       -0.0000108965   0.0001336241   0.0000813558  -0.0000166358  -0.0004327032
       -0.0000954057   0.0001585748   0.0000038865  -0.0000118125  -0.0000972769
        0.0043872078   0.0448169522   0.0087483605  -0.0123061223   0.0005580413
       -0.0032936289   0.0006867883  -0.0002033485  -0.0003870574  -0.0000147509
        0.0000196680   0.0000074821  -0.0000081250  -0.0000256181  -0.0000061282
        0.0000073863   0.0000093208   0.0000121428   0.0000034085   0.0000102942
        0.0000155165   0.0001087635  -0.0001096389   0.0001139337
        0.0002812922   0.0003619260  -0.0003171666   0.0000684899  -0.0002282655
        0.0003408741   0.0000696287  -0.0000451077   0.0000214484  -0.0050830629
        0.0024721643  -0.0004295760  -0.0616023544  -0.0079843972  -0.0543364383
        0.0223884225   0.0008928392   0.0037692710   0.0013966636  -0.0029488757
       -0.0015777134   0.0005901859   0.0001649250   0.0000610641  -0.0000617879
        0.0003043361   0.0000134026   0.0000038741  -0.0000423886  -0.0000132353
       -0.0001696301   0.0001578310   0.0001011284   0.0003028176   0.0003383136
       -0.0002490300   0.0000418191  -0.0000014975   0.0000827767  -0.0000044252
        0.0001362563  -0.0002824233  -0.0001908583  -0.0000093518  -0.0000551958
        0.0624676067   0.0087483605   0.0579515656  -0.0212470828  -0.0025954742
       -0.0055808570   0.0005773514   0.0005763049   0.0001653201  -0.0000021221
       -0.0000785250   0.0000982132   0.0000155410   0.0000424288   0.0000200908
       -0.0000017419  -0.0000648803   0.0000089918   0.0000309084  -0.0000207195
        0.0000154531   0.0001284644  -0.0001762028   0.0001920357
        0.0000344059  -0.0001449848  -0.0001210338  -0.0001726153  -0.0001621283
        0.0000408134   0.0000072643   0.0000593735   0.0000672223   0.0012856833
        0.0069595446   0.0085507408  -0.0635780029  -0.0380892468  -0.0635844538
        0.0032644582   0.0071033298   0.0120495592   0.0008571177   0.0000661958
        0.0003874542  -0.0001916024  -0.0000372050  -0.0000404864   0.0001261490
        0.0000219513   0.0000355620   0.0000549765   0.0000487206  -0.0001292599
       -0.0000949727  -0.0001321969  -0.0002135522  -0.0001692665  -0.0001794856
        0.0010375514   0.0000596289   0.0000467981   0.0000549710  -0.0000062579
        0.0000604686  -0.0000385221  -0.0001095521  -0.0000245712   0.0000125441
       -0.0077108480  -0.0123061223  -0.0212470828   0.0690876857   0.0343113094
        0.0630879019  -0.0013694129   0.0015588685   0.0009263911   0.0000204234
        0.0000313482  -0.0001189112   0.0000119607   0.0000116517  -0.0000279656
        0.0000335148   0.0000562596  -0.0000505615   0.0000002898   0.0000016912
       -0.0000265629  -0.0014410273   0.0007384300  -0.0006523192
       -0.0000660743   0.0001085885   0.0001953096   0.0003284611   0.0002495263
       -0.0004764896   0.0000394106   0.0001341601   0.0000189080   0.0007279816
       -0.0264311885  -0.0261704361  -0.0374650977  -0.0942492276  -0.1035286231
        0.0049077392   0.0021612309   0.0068069468   0.0005454600  -0.0000632965
       -0.0001196186  -0.0000465852  -0.0000854442  -0.0000108821  -0.0000101106
       -0.0000224908   0.0000056018  -0.0000956048  -0.0000388336   0.0000232810
       -0.0001306715  -0.0000974908   0.0001710295   0.0001103432   0.0001764712
       -0.0003041450   0.0000631152   0.0000557562  -0.0000933850  -0.0003107336
       -0.0002733970   0.0002727546   0.0001121538  -0.0000073734  -0.0000226212
       -0.0022960832   0.0005580413  -0.0025954742   0.0343113094   0.1164091376
        0.1240584701  -0.0014724454   0.0013310247   0.0015171119   0.0000333924
       -0.0000101312  -0.0000070547   0.0000026358  -0.0000222556   0.0000037533
       -0.0000075025  -0.0000236815   0.0000144949  -0.0000267777  -0.0000144359
       -0.0000143127   0.0007456843   0.0001553098   0.0002553807
        0.0001428476  -0.0001282736  -0.0000479377  -0.0003481673   0.0001170041
       -0.0001466682   0.0000444619  -0.0001672054   0.0000741709   0.0061763509
        0.0018304442   0.0036644439  -0.0615285336  -0.1075606078  -0.2088776674
       -0.0048331643  -0.0131848189  -0.0197259139  -0.0009171650   0.0007531293
        0.0002813946  -0.0000906657   0.0001093050  -0.0001554549  -0.0002128591
       -0.0000795278  -0.0000296441  -0.0000116971  -0.0000503212   0.0002025752
        0.0002152152  -0.0000306911  -0.0000777850  -0.0006121910   0.0000945867
       -0.0000979735  -0.0000195437   0.0000375169   0.0001190045   0.0000043959
       -0.0000751136  -0.0003261436  -0.0001130054   0.0000759596   0.0000037373
       -0.0032566809  -0.0032936289  -0.0055808570   0.0630879019   0.1240584701
        0.2306616070   0.0024415240  -0.0025066242  -0.0007203660  -0.0000699178
       -0.0000266113   0.0001361729  -0.0000657592  -0.0000001948   0.0000052360
       -0.0000319212   0.0000137547  -0.0000057097  -0.0000482831  -0.0000253344
       -0.0000124106   0.0000468572   0.0000387825   0.0006561892
        0.0000964454   0.0003532183  -0.0000181054   0.0005111072  -0.0004047087
        0.0002345301  -0.0000559946  -0.0000107316   0.0001719275   0.0006140196
        0.0021284817  -0.0001834156   0.0049833301   0.0034934357   0.0174063848
       -0.0761299418  -0.0208674530  -0.0881266198  -0.0119868940  -0.0056513012
       -0.0221051169   0.0004366666   0.0006286576  -0.0020158459   0.0001799173
        0.0001618496   0.0000369584   0.0002634326   0.0000429100   0.0000364287
       -0.0006901470   0.0002455831  -0.0011784057  -0.0045456584  -0.0023089005
        0.0003914608   0.0000271464   0.0000035188   0.0000092878  -0.0003728757
       -0.0000681125  -0.0002650815  -0.0000365006  -0.0000470905   0.0000351535
        0.0002957496   0.0006867883   0.0005773514  -0.0013694129  -0.0014724454
        0.0024415240   0.0883780210   0.0236697514   0.0909424924  -0.0004586163
       -0.0004653078   0.0010787016   0.0001095519   0.0000110394   0.0000205391
        0.0000746202  -0.0000369368   0.0000812187  -0.0003963379  -0.0000512565
        0.0000381070   0.0000723711  -0.0000409893   0.0003905251
       -0.0002359030  -0.0001247267  -0.0002135931   0.0000408796  -0.0009243051
        0.0011038506   0.0003637605  -0.0005756083  -0.0003798445   0.0070130929
       -0.0024333795   0.0328391340  -0.0055687798  -0.0039901354  -0.0152781964
       -0.0211035837  -0.0426300152  -0.0475442650  -0.0031686997  -0.0003770666
       -0.0079472643   0.0002711474  -0.0001009428  -0.0008697277   0.0001022683
        0.0000120563   0.0001143986   0.0000868192   0.0000238525   0.0001031853
       -0.0000475464   0.0001257630  -0.0005611356  -0.0021536595   0.0003700232
        0.0001148699   0.0000561692   0.0000158798   0.0000192935  -0.0000904477
        0.0000547098  -0.0001424286   0.0000314038   0.0000141951  -0.0000300241
       -0.0004474812  -0.0002033485   0.0005763049   0.0015588685   0.0013310247
       -0.0025066242   0.0236697514   0.0497441207   0.0396952551  -0.0003979420
       -0.0000542998   0.0005903050   0.0000368903   0.0000301516   0.0000176825
        0.0000464282   0.0000057426   0.0000657082  -0.0001043439  -0.0001510437
        0.0000398808   0.0000409075  -0.0001626475   0.0001932350
        0.0002430906  -0.0002270330  -0.0000456152  -0.0002636431   0.0004214200
       -0.0001908032   0.0001490198  -0.0003153590   0.0001025299   0.0013399696
        0.0037376559  -0.0197312726  -0.0030412298  -0.0007564746  -0.0172433863
       -0.0881584716  -0.0423391248  -0.2428686483  -0.0036243405  -0.0020636748
       -0.0039517928   0.0017794290   0.0005316892   0.0012369875  -0.0001504374
        0.0002119048  -0.0002275735   0.0000352624  -0.0000111361   0.0002004619
        0.0000568742   0.0001931228  -0.0002983305  -0.0004123610  -0.0002682762
        0.0000709090   0.0000900561  -0.0000169561   0.0000443885  -0.0001995946
        0.0000791092  -0.0002574313  -0.0000443917   0.0000249924   0.0000454443
       -0.0002145061  -0.0003870574   0.0001653201   0.0009263911   0.0015171119
       -0.0007203660   0.0909424924   0.0396952551   0.2833212304   0.0002580966
       -0.0000143674   0.0000902355   0.0001073137   0.0000351336   0.0000017648
        0.0000167592  -0.0000509555   0.0000037696  -0.0000079839  -0.0000299974
        0.0000282967   0.0001722051   0.0000330176   0.0002238813
       -0.0000682512   0.0000122172   0.0001297281   0.0000925520  -0.0000321080
       -0.0000342346  -0.0000619333  -0.0000026371   0.0000774577   0.0001232431
        0.0004515724  -0.0004558376  -0.0001101784  -0.0000678600   0.0000715590
        0.0004912352   0.0005454645   0.0022281587   0.0057991796   0.0004211663
        0.0089730886  -0.1031671592  -0.0096374844  -0.1065376142  -0.0158553172
       -0.0022899822  -0.0245290030  -0.0046378364  -0.0039986222  -0.0001031341
       -0.0001766233  -0.0000429114   0.0005135727   0.0000048780  -0.0026483495
        0.0021382874   0.0000177842   0.0000010311  -0.0000651328  -0.0002891682
        0.0001121557  -0.0002461096   0.0000605963  -0.0000428816   0.0000246085
       -0.0000501621  -0.0000147509  -0.0000021221   0.0000204234   0.0000333924
       -0.0000699178  -0.0004586163  -0.0003979420   0.0002580966   0.1185146138
        0.0161827106   0.1187369269   0.0003534410   0.0009857973  -0.0006433603
       -0.0007203345  -0.0000502393  -0.0012497509  -0.0001030843   0.0005156475
        0.0001029347   0.0002207178  -0.0000353864   0.0006817983
        0.0000378094  -0.0001614410  -0.0001150541  -0.0000439304   0.0001907538
        0.0001250949   0.0000006616  -0.0000078818   0.0000132431  -0.0003353569
       -0.0002378729   0.0002773798   0.0003685771   0.0000834102  -0.0002079288
        0.0013902534  -0.0019472853   0.0002225925   0.0028992026   0.0012014478
        0.0060681989  -0.0100276400  -0.0370478282  -0.0113536011  -0.0048244989
        0.0002883259  -0.0075195460  -0.0039213649   0.0066594979   0.0007381454
       -0.0000875222  -0.0003003770   0.0000866922  -0.0026600386   0.0062048529
        0.0022203281  -0.0000365223   0.0000289730   0.0001743748   0.0001941544
       -0.0002686648  -0.0000748338   0.0000537415   0.0001200911   0.0000247308
        0.0000335096   0.0000196680  -0.0000785250   0.0000313482  -0.0000101312
       -0.0000266113  -0.0004653078  -0.0000542998  -0.0000143674   0.0161827106
        0.0290329453   0.0103121045   0.0008105163  -0.0022256067  -0.0006306137
       -0.0002263068  -0.0000933225  -0.0004117062   0.0005021701  -0.0015833770
       -0.0002093732   0.0001238340   0.0001081222   0.0003792758
        0.0000244967  -0.0000996414  -0.0000440619  -0.0001223522   0.0001404090
       -0.0001478286   0.0001370221  -0.0001885839   0.0000799232  -0.0000454761
       -0.0004729368   0.0006245500  -0.0001529231   0.0001601345  -0.0000359956
       -0.0012232442  -0.0007210597   0.0001397843  -0.0111988611  -0.0003453516
       -0.0257475111  -0.1073215548  -0.0114349235  -0.2337219379  -0.0026461754
       -0.0004843904  -0.0018213368  -0.0004624072   0.0005864547   0.0012627069
        0.0004679789   0.0000620616   0.0005288224   0.0026788559   0.0022173613
       -0.0038325127   0.0000577082  -0.0000126050   0.0000635637  -0.0002333000
        0.0000310367  -0.0004829384  -0.0000076274   0.0000366061   0.0000671094
        0.0000163201   0.0000074821   0.0000982132  -0.0001189112  -0.0000070547
        0.0001361729   0.0010787016   0.0005903050   0.0000902355   0.1187369269
        0.0103121045   0.2628750371   0.0008800957  -0.0001120753   0.0009229918
        0.0000922363   0.0000207035  -0.0000798027   0.0001087106  -0.0001900979
        0.0001258957  -0.0007462203  -0.0000959388  -0.0011010806
       -0.0001264687  -0.0001108911   0.0001322400   0.0002006445   0.0002130279
       -0.0000821093  -0.0001177444   0.0000800230   0.0000023128  -0.0002096264
       -0.0001732114   0.0001134759  -0.0002246315  -0.0001525276  -0.0000194633
       -0.0004971952  -0.0001874986   0.0011041446  -0.0044860124  -0.0039815553
       -0.0007072047  -0.0153428168  -0.0079054377   0.0240350155  -0.0974577985
       -0.0313017784   0.0994804940   0.0061997999   0.0030225635  -0.0111825449
        0.0000817250  -0.0020341978  -0.0030754947  -0.0002726547   0.0000462397
       -0.0005914228   0.0000427941   0.0000187215  -0.0000803630  -0.0002714095
       -0.0000162436   0.0001534468   0.0001650652   0.0000203416  -0.0000220403
       -0.0000013495  -0.0000081250   0.0000155410   0.0000119607   0.0000026358
       -0.0000657592   0.0001095519   0.0000368903   0.0001073137   0.0003534410
        0.0008105163   0.0008800957   0.1111333968   0.0399066612  -0.1088130654
        0.0005730159   0.0010145219  -0.0007605018   0.0002378182   0.0001910820
       -0.0006594925  -0.0001015058   0.0005082418   0.0000353819
        0.0000705536  -0.0000358443  -0.0000961157  -0.0000862705   0.0002150897
        0.0000849009   0.0000534047  -0.0001204641  -0.0000052548  -0.0001326360
       -0.0000209372   0.0001691334  -0.0000243998  -0.0000354642  -0.0000732651
        0.0000254830  -0.0001257303   0.0002438918  -0.0039442654   0.0067346000
        0.0007030497  -0.0052859029  -0.0018411334   0.0076721062  -0.0313053900
       -0.0518789087   0.0542171781   0.0003414513   0.0010558550  -0.0001542434
       -0.0020102871   0.0072751922   0.0005180060   0.0000540859  -0.0002104645
       -0.0002604725  -0.0001520121   0.0000027351   0.0001474673   0.0000969062
       -0.0001863131  -0.0001333455  -0.0000008698   0.0001077078   0.0000449024
       -0.0000217259  -0.0000256181   0.0000424288   0.0000116517  -0.0000222556
       -0.0000001948   0.0000110394   0.0000301516   0.0000351336   0.0009857973
       -0.0022256067  -0.0001120753   0.0399066612   0.0451444500  -0.0620524982
        0.0008350179  -0.0021604347  -0.0006356733   0.0000339245  -0.0000822800
       -0.0000956446   0.0005377826  -0.0015943266  -0.0002594151
       -0.0000565158  -0.0000726073   0.0000428274   0.0000156671   0.0000806472
        0.0000072160  -0.0000690984  -0.0000891751  -0.0000258473   0.0000854129
        0.0000374011   0.0001102102  -0.0000319512   0.0000356119  -0.0000405827
       -0.0001943093  -0.0000947895  -0.0001539368  -0.0003330575   0.0007362125
        0.0013819160   0.0020387275   0.0008513789  -0.0009898108   0.0995916395
        0.0544036309  -0.2283521945   0.0109032809   0.0065868684  -0.0250752723
       -0.0034059175   0.0004437863  -0.0041332923  -0.0006295924  -0.0002760648
        0.0005149094  -0.0000375929  -0.0000369686   0.0000531550   0.0001158237
        0.0000472453  -0.0004050020   0.0000582856   0.0000562229   0.0000510722
       -0.0000114955  -0.0000061282   0.0000200908  -0.0000279656   0.0000037533
        0.0000052360   0.0000205391   0.0000176825   0.0000017648  -0.0006433603
       -0.0006306137   0.0009229918  -0.1088130654  -0.0620524982   0.2563865400
        0.0007438015  -0.0001593793   0.0006649936   0.0006482744   0.0003477423
       -0.0011162270   0.0000324698  -0.0002299587   0.0001292425
       -0.0000586480  -0.0001150246   0.0000156483   0.0001139948   0.0001727729
       -0.0000261209   0.0000123420  -0.0000222728   0.0000218216   0.0001442945
        0.0001048874  -0.0000748053  -0.0001305098  -0.0000629602   0.0000200259
       -0.0000917978   0.0004488335   0.0001189144   0.0009446511   0.0002359947
       -0.0000126579  -0.0001121719  -0.0020728792  -0.0033799385  -0.0165257832
       -0.0050583772  -0.0023730255  -0.2753403463  -0.0732536337  -0.0047481923
       -0.0155217073  -0.0052559832   0.0015380960   0.0000543442  -0.0027445528
        0.0026468727   0.0000911559   0.0000313355  -0.0000038547  -0.0004802857
       -0.0000303472   0.0000131698   0.0000746713   0.0000250669  -0.0000239474
        0.0000011077   0.0000073863  -0.0000017419   0.0000335148  -0.0000075025
       -0.0000319212   0.0000746202   0.0000464282   0.0000167592  -0.0007203345
       -0.0002263068   0.0000922363   0.0005730159   0.0008350179   0.0007438015
        0.3069728717   0.0861512276   0.0060565388   0.0005749569   0.0009751366
       -0.0005081148  -0.0006839565  -0.0001842472  -0.0000995643
        0.0000815822   0.0001327951  -0.0000016650  -0.0000967789  -0.0000145780
        0.0000169413   0.0000631916  -0.0000133433   0.0000313937  -0.0005155549
       -0.0003099427   0.0002097158   0.0004412431   0.0000679485  -0.0000776869
        0.0008034784  -0.0013819966  -0.0002898663   0.0001235583   0.0001171722
        0.0001435619  -0.0021553294   0.0072649118   0.0004444133  -0.0022440234
        0.0002359483  -0.0004436166  -0.0732444565  -0.0579674343  -0.0003955759
       -0.0081310070  -0.0017682215   0.0007520035  -0.0025966322   0.0065938234
        0.0022860993  -0.0001998906   0.0000196372   0.0000326332   0.0000987557
       -0.0001884238  -0.0000392310  -0.0000251046  -0.0000062599   0.0000039681
       -0.0000011784   0.0000093208  -0.0000648803   0.0000562596  -0.0000236815
        0.0000137547  -0.0000369368   0.0000057426  -0.0000509555  -0.0000502393
       -0.0000933225   0.0000207035   0.0010145219  -0.0021604347  -0.0001593793
        0.0861512276   0.0517506470  -0.0018206323   0.0007997473  -0.0021213950
       -0.0005733895  -0.0003364336  -0.0001489131  -0.0000383097
       -0.0001084362  -0.0000857529   0.0001231164   0.0001122135   0.0001430122
       -0.0000304858  -0.0001219805  -0.0000943072  -0.0000540771   0.0000300617
       -0.0000850562   0.0001948403   0.0000277317   0.0000268605  -0.0000639912
        0.0000137049  -0.0002103891  -0.0001319720  -0.0000345994   0.0000854893
       -0.0007269558  -0.0031939606   0.0005061366  -0.0040050716  -0.0245511938
       -0.0072645168  -0.0016517989  -0.0047110595  -0.0003487701  -0.0442156824
        0.0237318051   0.0075112809  -0.0005196538   0.0024461221   0.0022637700
       -0.0037740130  -0.0000290460  -0.0000547116  -0.0000123887  -0.0000529571
       -0.0000041703  -0.0001765234   0.0001611971   0.0001150813   0.0000201468
        0.0000024113   0.0000121428   0.0000089918  -0.0000505615   0.0000144949
       -0.0000057097   0.0000812187   0.0000657082   0.0000037696  -0.0012497509
       -0.0004117062  -0.0000798027  -0.0007605018  -0.0006356733   0.0006649936
        0.0060565388  -0.0018206323   0.0537759944   0.0009823184  -0.0001082278
        0.0006859495   0.0012187241   0.0003799371  -0.0000296762
        0.0000137704  -0.0001153952  -0.0001220540  -0.0000502409   0.0002413034
       -0.0000022240   0.0000972497  -0.0000206868   0.0000441741   0.0001687399
        0.0001239310   0.0000742703   0.0000044660  -0.0000706254  -0.0001301674
       -0.0006009202  -0.0000355806  -0.0013826633  -0.0044703795  -0.0040026111
       -0.0000158167  -0.0001991648  -0.0000815695   0.0005922458   0.0002549913
       -0.0026280091   0.0023871791   0.0061848108   0.0002728171   0.0104505626
       -0.1051799740  -0.0071460654  -0.1089045352  -0.0165664477  -0.0021082327
       -0.0247293669   0.0000337219   0.0000507308   0.0000887634  -0.0001847628
        0.0000058902  -0.0002192087  -0.0000246213   0.0000314822   0.0000753597
        0.0000319091   0.0000034085   0.0000309084   0.0000002898  -0.0000267777
       -0.0000482831  -0.0003963379  -0.0001043439  -0.0000079839  -0.0001030843
        0.0005021701   0.0001087106   0.0002378182   0.0000339245   0.0006482744
        0.0005749569   0.0007997473   0.0009823184   0.1197999424   0.0132653004
        0.1207261009   0.0003732670   0.0010091920  -0.0006465645
        0.0000570679   0.0001671606   0.0000977461  -0.0000951949  -0.0001380140
       -0.0000967973   0.0000709036   0.0001316446   0.0000521191  -0.0000814162
       -0.0001250667  -0.0001287502   0.0000958161  -0.0000036423   0.0000703990
       -0.0001325734   0.0002098548  -0.0003335891  -0.0039869911   0.0068219668
        0.0008027835  -0.0001396122  -0.0002697577   0.0001058638  -0.0026631722
        0.0066757277   0.0022712619   0.0032112343   0.0010622643   0.0065611858
       -0.0071053590  -0.0366602778  -0.0068811277  -0.0049363285   0.0000444282
       -0.0073160327  -0.0001562190   0.0000558331  -0.0001007260   0.0001070828
       -0.0002549776   0.0000202699   0.0000352218  -0.0000688734  -0.0000118912
       -0.0000061292   0.0000102942  -0.0000207195   0.0000016912  -0.0000144359
       -0.0000253344  -0.0000512565  -0.0001510437  -0.0000299974   0.0005156475
       -0.0015833770  -0.0001900979   0.0001910820  -0.0000822800   0.0003477423
        0.0009751366  -0.0021213950  -0.0001082278   0.0132653004   0.0285369815
        0.0056418979   0.0008280680  -0.0022430146  -0.0007279781
       -0.0000585563  -0.0001099980   0.0000851214   0.0001027320   0.0002089958
       -0.0000568511  -0.0000488463  -0.0000875006  -0.0000163417   0.0000342110
       -0.0001012604   0.0001246146  -0.0000145023   0.0000091975  -0.0000822220
        0.0000520049   0.0000742445  -0.0002764212  -0.0004626276   0.0007261901
        0.0014189000   0.0006707561   0.0001144550   0.0005882812   0.0027048347
        0.0023677240  -0.0039717927  -0.0116385873  -0.0001870048  -0.0249969761
       -0.1090048687  -0.0070809561  -0.2353337217  -0.0028097609  -0.0005298626
       -0.0020695025  -0.0000549384  -0.0000438950   0.0000155305  -0.0002064666
       -0.0000478759  -0.0004101474   0.0001458963   0.0000649987   0.0000655631
        0.0000194225   0.0000155165   0.0000154531  -0.0000265629  -0.0000143127
       -0.0000124106   0.0000381070   0.0000398808   0.0000282967   0.0001029347
       -0.0002093732   0.0001258957  -0.0006594925  -0.0000956446  -0.0011162270
       -0.0005081148  -0.0005733895   0.0006859495   0.1207261009   0.0056418979
        0.2642550539   0.0008963247  -0.0001820274   0.0009339544
        0.0000021174   0.0000937295  -0.0001285747   0.0000324757  -0.0002500667
        0.0000696637   0.0000348138   0.0000148027   0.0000124049   0.0000212689
        0.0000358485  -0.0003921249  -0.0013841936  -0.0002077043  -0.0012128586
       -0.0000950920   0.0006817041   0.0000919162   0.0070866939   0.0033245000
       -0.0100374009  -0.0003115482  -0.0021119090  -0.0029813529  -0.0002205904
        0.0000733922  -0.0004647870  -0.0046282370  -0.0039544398  -0.0006696379
       -0.0151505376  -0.0083452603   0.0239304162  -0.0946343903  -0.0334439278
        0.0954034842   0.0000847639   0.0000217272   0.0000595479  -0.0001948802
        0.0001315431   0.0003124903  -0.0001779143  -0.0000378458  -0.0001483062
        0.0000649028   0.0001087635   0.0001284644  -0.0014410273   0.0007456843
        0.0000468572   0.0000723711   0.0000409075   0.0001722051   0.0002207178
        0.0001238340  -0.0007462203  -0.0001015058   0.0005377826   0.0000324698
       -0.0006839565  -0.0003364336   0.0012187241   0.0003732670   0.0008280680
        0.0008963247   0.1110304810   0.0419253000  -0.1055937054
        0.0000309655   0.0000410827   0.0001019122  -0.0001868733  -0.0002154594
       -0.0001480251   0.0000971604   0.0001522057   0.0000180759  -0.0006688855
       -0.0007692359  -0.0000553909   0.0003031913   0.0005697258  -0.0000252577
        0.0009328283  -0.0017979568  -0.0005213008   0.0002037876   0.0010947966
        0.0003550854  -0.0020421563   0.0066506375   0.0003862648  -0.0000056830
       -0.0002301850  -0.0002331464  -0.0038942869   0.0067194155   0.0007603310
       -0.0050642010  -0.0018117510   0.0076748946  -0.0339620030  -0.0544045922
        0.0596516275  -0.0000139412   0.0001109935  -0.0001202223   0.0002645905
       -0.0003996205  -0.0000952082   0.0001066022   0.0000245701  -0.0000415411
       -0.0000216363  -0.0001096389  -0.0001762028   0.0007384300   0.0001553098
        0.0000387825  -0.0000409893  -0.0001626475   0.0000330176  -0.0000353864
        0.0001081222  -0.0000959388   0.0005082418  -0.0015943266  -0.0002299587
       -0.0001842472  -0.0001489131   0.0003799371   0.0010091920  -0.0022430146
       -0.0001820274   0.0419253000   0.0482604820  -0.0674757084
        0.0000086400  -0.0000374984  -0.0000081340  -0.0001120217  -0.0001152489
       -0.0001136180   0.0000311715  -0.0000336433  -0.0000197099   0.0000967162
       -0.0009464870   0.0007823962  -0.0001718110   0.0003671158  -0.0002448475
        0.0013297000   0.0003176753  -0.0001924279   0.0104946420   0.0069991637
       -0.0257418762  -0.0035045398   0.0004648916  -0.0040573064  -0.0004185735
       -0.0002304689   0.0005028777  -0.0002665813   0.0009287737   0.0013470822
        0.0019339260   0.0008803456  -0.0008167251   0.0960603155   0.0589401934
       -0.2244662694  -0.0000689684  -0.0000153022   0.0000620273   0.0003189983
        0.0000376286  -0.0005796658  -0.0000724309   0.0000024470   0.0001962864
        0.0002252650   0.0001139337   0.0001920357  -0.0006523192   0.0002553807
        0.0006561892   0.0003905251   0.0001932350   0.0002238813   0.0006817983
        0.0003792758  -0.0011010806   0.0000353819  -0.0002594151   0.0001292425
       -0.0000995643  -0.0000383097  -0.0000296762  -0.0006465645  -0.0007279781
        0.0009339544  -0.1055937054  -0.0674757084   0.2523453639
