$hessian                                                                        
        0.0125555632   0.0070339202  -0.0075226391  -0.0075854086  -0.0051440645
        0.0067540174  -0.0021683132  -0.0043194632   0.0030951278   0.0017305706
        0.0009923427  -0.0013659684  -0.0006778036   0.0000481077   0.0004608295
       -0.0006495680  -0.0001898479   0.0001236964  -0.0006735910  -0.0000329465
       -0.0001992333   0.0000676503   0.0001826845  -0.0000778226   0.0000452600
        0.0000288691  -0.0001240532   0.0000485517  -0.0001423728  -0.0001269629
       -0.0004863791   0.0004781250  -0.0002044069   0.0006647577  -0.0004480984
        0.0003496850   0.0000480070   0.0002040719   0.0000523889  -0.0002619045
        0.0000061912  -0.0002486861   0.0000057877   0.0002413399  -0.0000998577
       -0.0000938342   0.0001763080  -0.0001115775  -0.0000463324   0.0000859209
       -0.0001752580  -0.0001807926   0.0000397016  -0.0001776388   0.0000779899
        0.0000881220   0.0000202570  -0.0024202109   0.0006710885  -0.0004218975
        0.0070339202   0.0290336992  -0.0303633722  -0.0061955709  -0.0216617977
        0.0286353891  -0.0039631795  -0.0033128950   0.0006177247   0.0021839033
       -0.0025469313  -0.0006488319   0.0000136930  -0.0006238246   0.0011152421
       -0.0004984567  -0.0001722489   0.0006570879  -0.0002252379  -0.0001611086
       -0.0000224366  -0.0001334453   0.0000930898   0.0000782531  -0.0000664585
        0.0000116474   0.0000102484   0.0000457662   0.0001228290  -0.0000896085
        0.0000347201  -0.0003285455  -0.0001753443  -0.0000106678   0.0000000948
       -0.0000768837   0.0000478531  -0.0000862323   0.0002619681   0.0001174018
       -0.0003520555  -0.0000053309   0.0000686587   0.0000243919   0.0001811994
       -0.0000422361   0.0000461692   0.0002304605   0.0000119848   0.0000627897
        0.0000995075   0.0000744483   0.0000583735  -0.0001214281   0.0001728966
        0.0002210256  -0.0002330918   0.0013300064  -0.0004284707  -0.0001507528
       -0.0075226391  -0.0303633722   0.0492663944   0.0060275855   0.0273550683
       -0.0570963192   0.0044213039   0.0014754343   0.0064357196  -0.0028653463
        0.0015666183   0.0023115173   0.0010203399  -0.0000005211  -0.0011994737
        0.0006719948  -0.0001172059  -0.0002987944   0.0002272216   0.0000276466
        0.0000476632   0.0000973320  -0.0000274286  -0.0000674296   0.0000753698
        0.0000350085   0.0000377354   0.0001451214  -0.0000587120   0.0000420688
        0.0000066768   0.0000750611   0.0000346945   0.0001113346   0.0001078022
        0.0004426662  -0.0001903777  -0.0001117708   0.0001356934  -0.0005085272
        0.0001261880   0.0003356784   0.0000939723  -0.0002516017   0.0002406935
        0.0000429327  -0.0000432583  -0.0000649271   0.0000247391   0.0000027511
       -0.0000363382   0.0000083917  -0.0000104038  -0.0000624454   0.0000113438
       -0.0001011244  -0.0000839263  -0.0018987697   0.0003138203  -0.0004208707
       -0.0075854086  -0.0061955709   0.0060275855   0.0586710747   0.0218068141
        0.0130472174  -0.0406229781  -0.0224009868  -0.0263044544  -0.0052127771
        0.0054887916   0.0022536188  -0.0011854134   0.0011418460   0.0013683266
       -0.0022784667   0.0009616728   0.0018366628  -0.0002007627   0.0002898916
        0.0001338467  -0.0003276000   0.0005814404   0.0001561931  -0.0003228091
        0.0000339535   0.0001904208  -0.0002924980  -0.0000073699   0.0002173851
        0.0000047273  -0.0004274152  -0.0000905847  -0.0017283157   0.0008023011
       -0.0008241870   0.0005578855  -0.0003902586  -0.0004621875   0.0001122313
       -0.0002695095   0.0003407867   0.0001572705  -0.0001657545  -0.0002431551
       -0.0000018625  -0.0001246987   0.0002376628   0.0000765628  -0.0000094459
        0.0003821171   0.0000496645   0.0000582869   0.0003469952   0.0000533846
       -0.0000215467   0.0001432164   0.0000760905  -0.0011524414   0.0012425339
       -0.0051440645  -0.0216617977   0.0273550683   0.0218068141   0.0516037271
       -0.0055236153  -0.0222747837  -0.0202409030  -0.0148938237   0.0022254440
       -0.0096594661  -0.0028719009   0.0023384234  -0.0000209690  -0.0025811525
        0.0031404343   0.0002820092  -0.0022975212   0.0004724362   0.0003284704
        0.0001846566   0.0000435253  -0.0004955052  -0.0000787249   0.0000148883
       -0.0001596314  -0.0001011541  -0.0001958016  -0.0001039401   0.0001407742
        0.0000728282  -0.0000512496   0.0002953570  -0.0012731041   0.0005178086
       -0.0005192012  -0.0000991230   0.0004125853  -0.0004641786  -0.0004898836
        0.0004399620   0.0007374032  -0.0002612661  -0.0001656617  -0.0002301466
        0.0001283151  -0.0002875927  -0.0004054575  -0.0000298313  -0.0002818527
       -0.0001873776   0.0000075734  -0.0002638223   0.0003048552  -0.0001489363
       -0.0004008009   0.0005439987  -0.0003338879   0.0002086299   0.0005921409
        0.0067540174   0.0286353891  -0.0570963192   0.0130472174  -0.0055236153
        0.0973346514  -0.0275516375  -0.0161876722  -0.0299090641   0.0040495835
       -0.0052657598  -0.0079238758   0.0018295242  -0.0026666288  -0.0000951976
        0.0009123368   0.0006793718  -0.0004030181  -0.0006323057   0.0002633962
       -0.0002095628   0.0000051018  -0.0000950292  -0.0000685590  -0.0001653987
       -0.0000555791  -0.0001995471  -0.0002205734  -0.0000752193  -0.0002258043
       -0.0002921078   0.0001973171  -0.0003288772   0.0004136641  -0.0006147949
        0.0000343790   0.0004494319   0.0002668519  -0.0000947026   0.0004601942
       -0.0004096761  -0.0004018875  -0.0005905639   0.0004992469  -0.0001027310
       -0.0000757238   0.0001005728   0.0000138292  -0.0000853554   0.0000027038
       -0.0001139822  -0.0001083150  -0.0000000291  -0.0001235716   0.0000409487
        0.0000052054  -0.0000006739   0.0017599613   0.0002439485  -0.0000854855
       -0.0021683132  -0.0039631795   0.0044213039  -0.0406229781  -0.0222747837
       -0.0275516375   0.0441627247   0.0261168638   0.0233231051  -0.0026344118
        0.0014841132   0.0014235984   0.0000686138  -0.0004123839  -0.0007095830
        0.0004779846  -0.0009303855  -0.0003240491   0.0001405360   0.0000034198
        0.0000253612   0.0000403265  -0.0003331117  -0.0000532895   0.0002424675
       -0.0000736559  -0.0000322771   0.0001758078   0.0000946173  -0.0000316339
        0.0000481591   0.0000132650  -0.0000205265   0.0004854904  -0.0000689753
        0.0001689438  -0.0001987437   0.0000214692   0.0000718670   0.0000048885
        0.0001930305  -0.0002485263   0.0000837446  -0.0001303194   0.0000940122
        0.0000208139  -0.0000274724  -0.0000915485   0.0000168143  -0.0000461317
       -0.0001550651   0.0000868879  -0.0000428626  -0.0001273107   0.0000503522
        0.0001012586  -0.0000445272  -0.0004811649   0.0002752243  -0.0001382172
       -0.0043194632  -0.0033128950   0.0014754343  -0.0224009868  -0.0202409030
       -0.0161876722   0.0261168638   0.0223623866   0.0132991925   0.0001708857
        0.0012271217   0.0013001540  -0.0003064401  -0.0002112779  -0.0000265452
        0.0002004864  -0.0001886629   0.0001018956   0.0000100516  -0.0001849132
       -0.0000026305   0.0000884205  -0.0000558701   0.0000837260   0.0001101998
        0.0001274817   0.0000757253   0.0000930352   0.0001898699  -0.0000363948
       -0.0000743391   0.0000570431  -0.0001046676   0.0004262838  -0.0000883235
        0.0001014615  -0.0000514970  -0.0000972745   0.0002607787   0.0000908172
       -0.0000775373  -0.0002564460   0.0000554230   0.0000067413   0.0002723536
        0.0000279400   0.0001048535   0.0001567202   0.0000115097   0.0001737532
        0.0000579283  -0.0000381817   0.0001436149  -0.0001522532  -0.0000244015
        0.0001175022  -0.0002293041  -0.0001866074  -0.0000527109  -0.0001894564
        0.0030951278   0.0006177247   0.0064357196  -0.0263044544  -0.0148938237
       -0.0299090641   0.0233231051   0.0132991925   0.0220403062  -0.0007692460
        0.0011970104   0.0013361243   0.0001065567  -0.0000148354  -0.0003351374
        0.0002898611  -0.0004016691   0.0000802221   0.0000542820  -0.0000926831
       -0.0000520337   0.0000852116  -0.0001040951  -0.0000744237   0.0001054225
       -0.0000250390   0.0001461893   0.0000658512   0.0000260105   0.0002027705
        0.0000659570  -0.0000110938   0.0001085486   0.0003481583  -0.0000276523
        0.0000908583  -0.0001388314   0.0001794952   0.0000313419  -0.0000031293
        0.0001687301  -0.0000877397   0.0001558569  -0.0000708633  -0.0000332662
        0.0000057510   0.0000178385  -0.0001078199  -0.0000240467  -0.0000112936
        0.0000414188  -0.0000265727  -0.0000207163   0.0001391372  -0.0000448036
        0.0000316095   0.0001058048  -0.0003900570   0.0001361532  -0.0001589568
        0.0017305706   0.0021839033  -0.0028653463  -0.0052127771   0.0022254440
        0.0040495835  -0.0026344118   0.0001708857  -0.0007692460   0.2771445765
       -0.0670979142  -0.0953348728  -0.0481026942  -0.0000498489   0.0636807143
       -0.1705471249   0.0461195504   0.0222602873  -0.0375091493   0.0019088057
        0.0105674783  -0.0026936529  -0.0050324534   0.0020049424  -0.0002884313
       -0.0001596013  -0.0022864130   0.0003575643   0.0004437987   0.0003165543
       -0.0002435204   0.0008718324  -0.0013991278   0.0002329170   0.0040186004
       -0.0012703069   0.0071379110  -0.0003717642  -0.0097758440  -0.0036176591
        0.0027911023   0.0027314359  -0.0155324828   0.0127803475   0.0056711909
        0.0005589950  -0.0000720164   0.0007760399  -0.0004223732  -0.0001077049
       -0.0000818405  -0.0002522534  -0.0000509320   0.0006383339   0.0000107502
       -0.0000786608   0.0001974517  -0.0001167543  -0.0004933743   0.0008889852
        0.0009923427  -0.0025469313   0.0015666183   0.0054887916  -0.0096594661
       -0.0052657598   0.0014841132   0.0012271217   0.0011970104  -0.0670979142
        0.1257556437   0.0375688320  -0.0012599666  -0.0526380209  -0.0220467894
        0.0448624021  -0.0672021378  -0.0065873662  -0.0097788105   0.0075867787
        0.0084789495  -0.0011384340  -0.0006191165  -0.0009562723  -0.0003046463
        0.0003239619  -0.0006049925  -0.0002709482   0.0002230110   0.0000340106
        0.0004084077   0.0007731295   0.0000400313  -0.0005588516  -0.0012176818
        0.0015153955   0.0159664059  -0.0021404159  -0.0182003750  -0.0141057465
        0.0083790867   0.0196073306   0.0276157870  -0.0089919923  -0.0166172685
       -0.0002892082   0.0002400969  -0.0004287542  -0.0000546408   0.0001168550
       -0.0001527737  -0.0002143431   0.0001715682   0.0002281734  -0.0001170443
        0.0002097818   0.0003947796  -0.0016276958   0.0000087275   0.0002292204
       -0.0013659684  -0.0006488319   0.0023115173   0.0022536188  -0.0028719009
       -0.0079238758   0.0014235984   0.0013001540   0.0013361243  -0.0953348728
        0.0375688320   0.2882457322   0.0466181747  -0.0140604579  -0.2058977118
        0.0365136788  -0.0132774983  -0.0328147946  -0.0087279959   0.0013855517
        0.0031526473  -0.0006441640  -0.0002740994  -0.0001651592  -0.0008292760
        0.0000307559  -0.0002253160  -0.0000991129   0.0002964304   0.0000413514
        0.0003577526   0.0000710788  -0.0004371867   0.0002741906  -0.0007510457
        0.0012198555   0.0111568331  -0.0103409693  -0.0252346165   0.0157206173
       -0.0013350499  -0.0257791456  -0.0066083950   0.0022542564   0.0021759193
       -0.0002977172   0.0000192196   0.0002881409  -0.0001866172  -0.0000032067
        0.0002906138  -0.0001103134   0.0000667284   0.0000885933   0.0000312357
        0.0000874771  -0.0002372395  -0.0001452672   0.0004825758  -0.0004354497
       -0.0006778036   0.0000136930   0.0010203399  -0.0011854134   0.0023384234
        0.0018295242   0.0000686138  -0.0003064401   0.0001065567  -0.0481026942
       -0.0012599666   0.0466181747   0.3099990139   0.0927840839   0.1355071165
       -0.1134263628   0.0280623500  -0.1137906754  -0.0150518648  -0.0048744960
       -0.0205925024   0.0006109478  -0.0016075698  -0.0011223028  -0.0013467955
       -0.0004111400   0.0007413357   0.0002139447   0.0003301488  -0.0001086087
       -0.0005488062  -0.0000714445   0.0007415419   0.0001697307   0.0016048196
        0.0001010886  -0.0895555157  -0.0927670071  -0.0530973684  -0.0372730100
       -0.0266864814   0.0091074471  -0.0041316818   0.0029576505  -0.0052797732
        0.0000906735  -0.0000257275  -0.0004613289  -0.0000591835  -0.0001323388
       -0.0001560693   0.0001640661  -0.0000041321  -0.0004383197   0.0000531910
        0.0000573411  -0.0000372597  -0.0000110501  -0.0000017665  -0.0006889168
        0.0000481077  -0.0006238246  -0.0000005211   0.0011418460  -0.0000209690
       -0.0026666288  -0.0004123839  -0.0002112779  -0.0000148354  -0.0000498489
       -0.0526380209  -0.0140604579   0.0927840839   0.5378058212  -0.0466516568
        0.0222325092  -0.0527770436   0.0364427660  -0.0006417406   0.0028197949
       -0.0166647052  -0.0007968354  -0.0007932931  -0.0002951224  -0.0006138725
       -0.0001399949   0.0008054446  -0.0002498433   0.0002252726  -0.0002235010
        0.0002401794   0.0001689605   0.0006055837  -0.0012621513  -0.0013941002
       -0.0008976702  -0.0940539003  -0.1907683594  -0.0831965205  -0.0245896560
       -0.2371138282   0.1008009269   0.0066247029  -0.0033991618   0.0274250133
        0.0000453051  -0.0000318429   0.0001439703  -0.0000817547  -0.0000204388
        0.0000960250   0.0001067636   0.0000441846  -0.0003117911   0.0000700771
       -0.0000340842  -0.0003312240  -0.0005415880  -0.0010977942  -0.0010050955
        0.0004608295   0.0011152421  -0.0011994737   0.0013683266  -0.0025811525
       -0.0000951976  -0.0007095830  -0.0000265452  -0.0003351374   0.0636807143
       -0.0220467894  -0.2058977118   0.1355071165  -0.0466516568   0.5604378552
       -0.1403352845   0.0517586794  -0.1558249776  -0.0058693812  -0.0033096258
       -0.0076575548   0.0006633104  -0.0008180684  -0.0007294221  -0.0004473327
       -0.0004677520   0.0006463402   0.0000185916   0.0000908338   0.0000322545
       -0.0005737468   0.0000878185   0.0003961443   0.0003805986   0.0017412058
       -0.0002766729  -0.0586408136  -0.0856073941  -0.0886219826   0.0065572430
        0.1063154265  -0.0920029590  -0.0025505338   0.0008371967  -0.0086832497
        0.0002518150  -0.0001517196  -0.0001839829   0.0000557372  -0.0000506482
       -0.0000009091   0.0001214989   0.0000061062  -0.0001468066   0.0000525646
        0.0000450099   0.0000355746   0.0000083294  -0.0002861669   0.0001078690
       -0.0006495680  -0.0004984567   0.0006719948  -0.0022784667   0.0031404343
        0.0009123368   0.0004779846   0.0002004864   0.0002898611  -0.1705471249
        0.0448624021   0.0365136788  -0.1134263628   0.0222325092  -0.1403352845
        0.4987118410  -0.0109239663   0.1595414444  -0.1288622340  -0.0641562405
       -0.0310637935  -0.0340968863  -0.0107450675  -0.0124531788  -0.0020076076
        0.0037559286  -0.0017817227  -0.0015716195  -0.0009544106  -0.0004204267
        0.0031602164   0.0017505249  -0.0007924054   0.0002215486  -0.0141634672
        0.0018221710  -0.0111817773   0.0047921688  -0.0043926612   0.0015284863
       -0.0009323918   0.0006664288  -0.0385694066   0.0224291421  -0.0097435217
       -0.0000852719  -0.0015307463   0.0005190816  -0.0007397644  -0.0007273267
       -0.0001858275   0.0000574956  -0.0000205306   0.0002121118   0.0002833993
        0.0004259211  -0.0001139437  -0.0004248820   0.0010630868   0.0001336568
       -0.0001898479  -0.0001722489  -0.0001172059   0.0009616728   0.0002820092
        0.0006793718  -0.0009303855  -0.0001886629  -0.0004016691   0.0461195504
       -0.0672021378  -0.0132774983   0.0280623500  -0.0527770436   0.0517586794
       -0.0109239663   0.5507613040  -0.0733469740  -0.0738628229  -0.1310053533
       -0.0236275745   0.0015812400   0.0059689872   0.0007346529   0.0027050418
        0.0006083020   0.0011115136  -0.0000716565  -0.0007848499  -0.0000381251
        0.0019241634  -0.0057036046   0.0003434206  -0.0230626846  -0.0275006117
       -0.0074472560  -0.0188806294   0.0057385222  -0.0066972145   0.0219210694
       -0.0079725271   0.0078360599   0.0225863801  -0.2701838309   0.0621893315
        0.0023132034   0.0005619400   0.0007268891   0.0006873012   0.0001008473
        0.0002368003   0.0002299158  -0.0000370693  -0.0000715963  -0.0009568927
       -0.0009785695  -0.0004441037  -0.0002130025   0.0004845977  -0.0001475016
        0.0001236964   0.0006570879  -0.0002987944   0.0018366628  -0.0022975212
       -0.0004030181  -0.0003240491   0.0001018956   0.0000802221   0.0222602873
       -0.0065873662  -0.0328147946  -0.1137906754   0.0364427660  -0.1558249776
        0.1595414444  -0.0733469740   0.3131651159  -0.0256570532  -0.0190556416
       -0.0622482059  -0.0112884681  -0.0039374348  -0.0014110615  -0.0025132719
        0.0012964269   0.0062798455  -0.0004506744  -0.0003059910  -0.0004266640
       -0.0010234752   0.0007615358   0.0069858983   0.0002502983  -0.0037495798
       -0.0007030860  -0.0113703424   0.0033930606  -0.0086079432  -0.0117701393
        0.0065118965  -0.0081178191  -0.0075430810   0.0604979579  -0.0494046409
        0.0007769601  -0.0003994989  -0.0024400889  -0.0001937277  -0.0002379170
       -0.0003348691   0.0005410317  -0.0000157272  -0.0016171388   0.0000029910
        0.0001061180   0.0002446773   0.0005915857   0.0001649066  -0.0021026568
       -0.0006735910  -0.0002252379   0.0002272216  -0.0002007627   0.0004724362
       -0.0006323057   0.0001405360   0.0000100516   0.0000542820  -0.0375091493
       -0.0097788105  -0.0087279959  -0.0150518648  -0.0006417406  -0.0058693812
       -0.1288622340  -0.0738628229  -0.0256570532   0.5850761067  -0.0231553544
        0.1376785968  -0.2565606666   0.1130584124  -0.0632142991  -0.0595313295
       -0.0429323065  -0.0179367021  -0.0192575218   0.0328908155  -0.0041194810
        0.0348259388  -0.0165053044   0.0103549246  -0.0921771240  -0.0026369432
       -0.0132588359  -0.0003420937  -0.0002190609   0.0002903591   0.0003024974
        0.0001079450   0.0000425603   0.0023152172  -0.0004265109  -0.0006732486
       -0.0041065669   0.0044046861  -0.0013478587  -0.0022652928  -0.0031134871
       -0.0029603715   0.0003417987   0.0007850480   0.0001918366  -0.0022934188
       -0.0034086925  -0.0031124057  -0.0041704790   0.0251768770  -0.0013298424
       -0.0000329465  -0.0001611086   0.0000276466   0.0002898916   0.0003284704
        0.0002633962   0.0000034198  -0.0001849132  -0.0000926831   0.0019088057
        0.0075867787   0.0013855517  -0.0048744960   0.0028197949  -0.0033096258
       -0.0641562405  -0.1310053533  -0.0190556416  -0.0231553544   0.6348679033
       -0.0083137623   0.0447511139  -0.1281525496   0.0154684399   0.0130337173
        0.0558118455   0.0034744636   0.0328600736  -0.0406787999   0.0099240032
       -0.0720031803  -0.0468361201  -0.0211832413   0.0625339269  -0.3012243385
        0.0194573508   0.0003911979  -0.0002427705   0.0001975786   0.0008256241
        0.0004485127   0.0005302832  -0.0168687892  -0.0214706681  -0.0061132522
        0.0252442488  -0.0161276834   0.0074439701  -0.0035723075  -0.0013292768
       -0.0010520235   0.0008290312  -0.0001259114   0.0002421795  -0.0030971610
       -0.0012714117  -0.0008593630   0.0050894246  -0.0130524004   0.0015647293
       -0.0001992333  -0.0000224366   0.0000476632   0.0001338467   0.0001846566
       -0.0002095628   0.0000253612  -0.0000026305  -0.0000520337   0.0105674783
        0.0084789495   0.0031526473  -0.0205925024  -0.0166647052  -0.0076575548
       -0.0310637935  -0.0236275745  -0.0622482059   0.1376785968  -0.0083137623
        0.1814110806  -0.0633900539   0.0353341213  -0.0674939693  -0.0176129633
       -0.0130489592  -0.0053113731  -0.0039951899   0.0101940201  -0.0075501479
        0.0111618756  -0.0049031961   0.0033649743  -0.0132617477  -0.0003386792
       -0.0545313411  -0.0039627614   0.0014183021  -0.0008803658   0.0007960737
       -0.0006740301   0.0001290526   0.0034712843   0.0043400019   0.0017960212
       -0.0018616346   0.0015263153   0.0004067303  -0.0030280039  -0.0008238928
        0.0072117798   0.0000239446   0.0002249548   0.0002268586  -0.0032269006
       -0.0010618178   0.0073281785  -0.0016636768   0.0077803628   0.0008595681
        0.0000676503  -0.0001334453   0.0000973320  -0.0003276000   0.0000435253
        0.0000051018   0.0000403265   0.0000884205   0.0000852116  -0.0026936529
       -0.0011384340  -0.0006441640   0.0006109478  -0.0007968354   0.0006633104
       -0.0340968863   0.0015812400  -0.0112884681  -0.2565606666   0.0447511139
       -0.0633900539   0.5964240157   0.0042351090   0.1426294382  -0.2251472090
       -0.0654462762  -0.0509148012   0.0366845660  -0.0724267213   0.0112024591
       -0.0599032348  -0.0079576625  -0.0162520638   0.0121697423   0.0816821279
        0.0024934645   0.0000288844   0.0004133085   0.0000551160  -0.0002450305
        0.0000693390  -0.0000894159   0.0008796836   0.0017113238   0.0002554760
       -0.0468223871   0.0269488178  -0.0039075839  -0.0236114131  -0.0146492766
       -0.0070988373   0.0016163337   0.0008630719  -0.0019475309  -0.0005745316
       -0.0001853157  -0.0001532908   0.0014604613   0.0003465695  -0.0018006998
        0.0001826845   0.0000930898  -0.0000274286   0.0005814404  -0.0004955052
       -0.0000950292  -0.0003331117  -0.0000558701  -0.0001040951  -0.0050324534
       -0.0006191165  -0.0002740994  -0.0016075698  -0.0007932931  -0.0008180684
       -0.0107450675   0.0059689872  -0.0039374348   0.1130584124  -0.1281525496
        0.0353341213   0.0042351090   0.6576859500  -0.0062623609  -0.1398842946
       -0.1756852774  -0.0400822710  -0.0156071896  -0.0478811823  -0.0041283560
       -0.0082259586   0.0025669378  -0.0025697193   0.0294286233  -0.0213234651
        0.0090113981  -0.0004325531   0.0001111267  -0.0000453299   0.0000583435
       -0.0002956895   0.0000003379  -0.0023865277   0.0007960756  -0.0008953280
        0.0279057848  -0.2878240490   0.0121659732   0.0079686015   0.0062163279
        0.0022968128   0.0005334989  -0.0057655160   0.0002950269  -0.0002290120
        0.0009818727  -0.0000624998   0.0005312395  -0.0055288540   0.0001983501
       -0.0000778226   0.0000782531  -0.0000674296   0.0001561931  -0.0000787249
       -0.0000685590  -0.0000532895   0.0000837260  -0.0000744237   0.0020049424
       -0.0009562723  -0.0001651592  -0.0011223028  -0.0002951224  -0.0007294221
       -0.0124531788   0.0007346529  -0.0014110615  -0.0632142991   0.0154684399
       -0.0674939693   0.1426294382  -0.0062623609   0.1602001006  -0.0505917618
       -0.0178705058  -0.0630775063   0.0105953685  -0.0208006872   0.0043808593
       -0.0157251556  -0.0024369677  -0.0102270380   0.0026282961   0.0241610327
        0.0023450845  -0.0000780905   0.0000957014  -0.0000736965  -0.0000136270
       -0.0000713255  -0.0000625979   0.0003077018   0.0003301882  -0.0001700946
       -0.0039146976   0.0117870456  -0.0356886978  -0.0072498105  -0.0043997677
       -0.0015586070  -0.0018951461   0.0003397101   0.0074266277  -0.0001404071
       -0.0000718982  -0.0001356668  -0.0017923510   0.0001648827   0.0066512572
        0.0000452600  -0.0000664585   0.0000753698  -0.0003228091   0.0000148883
       -0.0001653987   0.0002424675   0.0001101998   0.0001054225  -0.0002884313
       -0.0003046463  -0.0008292760  -0.0013467955  -0.0006138725  -0.0004473327
       -0.0020076076   0.0027050418  -0.0025132719  -0.0595313295   0.0130337173
       -0.0176129633  -0.2251472090  -0.1398842946  -0.0505917618   0.6160159067
       -0.0117932688   0.1465590209  -0.0956726924   0.0629467960  -0.0142984417
        0.0135372726   0.0305703199   0.0034596671  -0.0069931366  -0.0242163664
       -0.0002276987  -0.0002424906   0.0000109648   0.0000193226   0.0000785502
       -0.0001006609   0.0001473999   0.0000541954   0.0002854661   0.0000454123
        0.0019271197   0.0003397358   0.0003889943  -0.2381295607   0.0875902760
       -0.0612091200   0.0012046395  -0.0228551229   0.0003055613  -0.0038238265
        0.0026620909  -0.0034028061   0.0004004771  -0.0004348056   0.0001919001
        0.0000288691   0.0000116474   0.0000350085   0.0000339535  -0.0001596314
       -0.0000555791  -0.0000736559   0.0001274817  -0.0000250390  -0.0001596013
        0.0003239619   0.0000307559  -0.0004111400  -0.0001399949  -0.0004677520
        0.0037559286   0.0006083020   0.0012964269  -0.0429323065   0.0558118455
       -0.0130489592  -0.0654462762  -0.1756852774  -0.0178705058  -0.0117932688
        0.6402732618  -0.0081809842  -0.0125141027  -0.3193819445  -0.0021128093
        0.0866097671  -0.0208573209   0.0259477517  -0.0239349627  -0.0546391693
       -0.0068375885  -0.0002355634  -0.0000661832  -0.0000181904   0.0001489588
       -0.0000896031   0.0001269024   0.0002655090  -0.0001851703   0.0000944006
       -0.0224750658  -0.0213934685  -0.0063021130   0.0873482881  -0.0838148375
        0.0266756547  -0.0001420940  -0.0204822866   0.0001675823   0.0023285628
        0.0000027554   0.0007801649  -0.0004017995  -0.0002643681  -0.0002351273
       -0.0001240532   0.0000102484   0.0000377354   0.0001904208  -0.0001011541
       -0.0001995471  -0.0000322771   0.0000757253   0.0001461893  -0.0022864130
       -0.0006049925  -0.0002253160   0.0007413357   0.0008054446   0.0006463402
       -0.0017817227   0.0011115136   0.0062798455  -0.0179367021   0.0034744636
       -0.0053113731  -0.0509148012  -0.0400822710  -0.0630775063   0.1465590209
       -0.0081809842   0.1632715931  -0.0136767630   0.0204435536  -0.0533521905
        0.0029323585   0.0092366546   0.0022736392  -0.0003468541  -0.0067724578
       -0.0052459679   0.0002520314  -0.0001262385   0.0000833672   0.0000044269
        0.0000068352   0.0000350631   0.0000642958  -0.0002135354   0.0000058364
        0.0005968199   0.0002445756   0.0007994473  -0.0611682543   0.0265638835
       -0.0535143006   0.0001670134  -0.0066010179   0.0007191513  -0.0034265943
        0.0008426243   0.0067931914   0.0001867117  -0.0001328708  -0.0001651980
        0.0000485517   0.0000457662   0.0001451214  -0.0002924980  -0.0001958016
       -0.0002205734   0.0001758078   0.0000930352   0.0000658512   0.0003575643
       -0.0002709482  -0.0000991129   0.0002139447  -0.0002498433   0.0000185916
       -0.0015716195  -0.0000716565  -0.0004506744  -0.0192575218   0.0328600736
       -0.0039951899   0.0366845660  -0.0156071896   0.0105953685  -0.0956726924
       -0.0125141027  -0.0136767630   0.6086032321   0.0179118736   0.1435479474
       -0.2637585883   0.1137049306  -0.0632580165  -0.0599768389  -0.0427762622
       -0.0180727228  -0.0001462513  -0.0000488414   0.0000383283   0.0001026909
       -0.0000703772   0.0002159280   0.0001794267   0.0001374834   0.0001121425
       -0.0025365349  -0.0036616847  -0.0030360756  -0.0048764530   0.0264318484
       -0.0018447123  -0.1919889310  -0.1160671530  -0.0455321992  -0.0042507213
        0.0035002624  -0.0014678998  -0.0020371338  -0.0031514129  -0.0030853391
       -0.0001423728   0.0001228290  -0.0000587120  -0.0000073699  -0.0001039401
       -0.0000752193   0.0000946173   0.0001898699   0.0000260105   0.0004437987
        0.0002230110   0.0002964304   0.0003301488   0.0002252726   0.0000908338
       -0.0009544106  -0.0007848499  -0.0003059910   0.0328908155  -0.0406787999
        0.0101940201  -0.0724267213  -0.0478811823  -0.0208006872   0.0629467960
       -0.3193819445   0.0204435536   0.0179118736   0.6470530674   0.0020522780
        0.0380630753  -0.1309512446   0.0113796792   0.0134770104   0.0574800373
        0.0035267508   0.0001633660   0.0000900928   0.0000295795  -0.0001355160
        0.0000765144  -0.0000592663   0.0001264218   0.0003617244  -0.0000772293
       -0.0030762169  -0.0012909648  -0.0008709868   0.0037983896  -0.0138390510
        0.0010709609  -0.1161294640  -0.1353237973  -0.0337263513   0.0259497761
       -0.0142323573   0.0076437483  -0.0033240178  -0.0013542870  -0.0007794019
       -0.0001269629  -0.0000896085   0.0000420688   0.0002173851   0.0001407742
       -0.0002258043  -0.0000316339  -0.0000363948   0.0002027705   0.0003165543
        0.0000340106   0.0000413514  -0.0001086087  -0.0002235010   0.0000322545
       -0.0004204267  -0.0000381251  -0.0004266640  -0.0041194810   0.0099240032
       -0.0075501479   0.0112024591  -0.0041283560   0.0043808593  -0.0142984417
       -0.0021128093  -0.0533521905   0.1435479474   0.0020522780   0.1624478601
       -0.0628069233   0.0339438095  -0.0683514817  -0.0183565056  -0.0131050521
       -0.0036378323  -0.0000697017   0.0000207068  -0.0000020355   0.0000159075
       -0.0000163164   0.0000095786   0.0000710335   0.0000329115   0.0000437536
       -0.0031150947  -0.0009263438   0.0071542867  -0.0017309835   0.0079774715
        0.0002619355  -0.0455452661  -0.0336882916  -0.0484441152  -0.0016299141
        0.0010872892   0.0003906441  -0.0030113429  -0.0008484557   0.0069829082
       -0.0004863791   0.0000347201   0.0000066768   0.0000047273   0.0000728282
       -0.0002921078   0.0000481591  -0.0000743391   0.0000659570  -0.0002435204
        0.0004084077   0.0003577526  -0.0005488062   0.0002401794  -0.0005737468
        0.0031602164   0.0019241634  -0.0010234752   0.0348259388  -0.0720031803
        0.0111618756  -0.0599032348  -0.0082259586  -0.0157251556   0.0135372726
        0.0866097671   0.0029323585  -0.2637585883   0.0380630753  -0.0628069233
        0.5915277556  -0.0003491173   0.1395218249  -0.2271840404  -0.0699067855
       -0.0543973617   0.0001773219   0.0000659748   0.0000134528  -0.0003054519
        0.0000820076   0.0000486330   0.0002766187   0.0005002302  -0.0001773942
       -0.0004371465  -0.0001594381  -0.0001045167   0.0016742134   0.0005950431
       -0.0019783263  -0.0229779203   0.0072386857  -0.0070068831  -0.0471640270
        0.0294301178  -0.0035572023  -0.0222231089  -0.0145463815  -0.0064654383
        0.0004781250  -0.0003285455   0.0000750611  -0.0004274152  -0.0000512496
        0.0001973171   0.0000132650   0.0000570431  -0.0000110938   0.0008718324
        0.0007731295   0.0000710788  -0.0000714445   0.0001689605   0.0000878185
        0.0017505249  -0.0057036046   0.0007615358  -0.0165053044  -0.0468361201
       -0.0049031961  -0.0079576625   0.0025669378  -0.0024369677   0.0305703199
       -0.0208573209   0.0092366546   0.1137049306  -0.1309512446   0.0339438095
       -0.0003491173   0.6664093753  -0.0024842314  -0.1435622329  -0.1791546781
       -0.0425113787   0.0001516236   0.0000822838   0.0000375560  -0.0001427522
       -0.0000597858  -0.0001953956  -0.0009649021  -0.0010668453  -0.0003333592
       -0.0001813408   0.0008420379  -0.0001008750   0.0010855452  -0.0059195790
        0.0004319979  -0.0153909532   0.0060738127  -0.0045971034   0.0297815327
       -0.2923647929   0.0103932267   0.0071454258   0.0063201858   0.0023375450
       -0.0002044069  -0.0001753443   0.0000346945  -0.0000905847   0.0002953570
       -0.0003288772  -0.0000205265  -0.0001046676   0.0001085486  -0.0013991278
        0.0000400313  -0.0004371867   0.0007415419   0.0006055837   0.0003961443
       -0.0007924054   0.0003434206   0.0069858983   0.0103549246  -0.0211832413
        0.0033649743  -0.0162520638  -0.0025697193  -0.0102270380   0.0034596671
        0.0259477517   0.0022736392  -0.0632580165   0.0113796792  -0.0683514817
        0.1395218249  -0.0024842314   0.1616739619  -0.0527330701  -0.0197849756
       -0.0638616210   0.0002786498  -0.0001224432   0.0001250549  -0.0000314110
        0.0001447345  -0.0000178028  -0.0001144232  -0.0002362746  -0.0001550286
       -0.0000655319  -0.0000548147  -0.0002383309  -0.0018757383   0.0002927775
        0.0073966547  -0.0068882619   0.0020823677  -0.0012224034  -0.0035008084
        0.0101491501  -0.0366272123  -0.0071302317  -0.0045651413  -0.0008925880
        0.0006647577  -0.0000106678   0.0001113346  -0.0017283157  -0.0012731041
        0.0004136641   0.0004854904   0.0004262838   0.0003481583   0.0002329170
       -0.0005588516   0.0002741906   0.0001697307  -0.0012621513   0.0003805986
        0.0002215486  -0.0230626846   0.0002502983  -0.0921771240   0.0625339269
       -0.0132617477   0.0121697423   0.0294286233   0.0026282961  -0.0069931366
       -0.0239349627  -0.0003468541  -0.0599768389   0.0134770104  -0.0183565056
       -0.2271840404  -0.1435622329  -0.0527330701   0.6173162226  -0.0006940384
        0.1520264872  -0.0004781846   0.0002818221  -0.0001681289   0.0000898110
       -0.0005457387  -0.0004977964  -0.0031387678  -0.0035148732  -0.0013758494
       -0.0039124933   0.0027327190  -0.0034148054   0.0006273530  -0.0005708872
        0.0003168352  -0.0039848471   0.0022172511  -0.0035125305   0.0014825738
       -0.0000864575   0.0002019888  -0.2338863988   0.0879790135  -0.0632845639
       -0.0004480984   0.0000000948   0.0001078022   0.0008023011   0.0005178086
       -0.0006147949  -0.0000689753  -0.0000883235  -0.0000276523   0.0040186004
       -0.0012176818  -0.0007510457   0.0016048196  -0.0013941002   0.0017412058
       -0.0141634672  -0.0275006117  -0.0037495798  -0.0026369432  -0.3012243385
       -0.0003386792   0.0816821279  -0.0213234651   0.0241610327  -0.0242163664
       -0.0546391693  -0.0067724578  -0.0427762622   0.0574800373  -0.0131050521
       -0.0699067855  -0.1791546781  -0.0197849756  -0.0006940384   0.6350952811
       -0.0030011373  -0.0001358002  -0.0000165688   0.0000204488   0.0004293068
        0.0000334070   0.0006556877  -0.0020696036  -0.0019398202  -0.0003947173
        0.0020655303  -0.0001394056   0.0006725991  -0.0005576118  -0.0003928306
       -0.0000837649   0.0024414519   0.0001394519   0.0007008528  -0.0223399654
       -0.0210440743  -0.0064989917   0.0869697797  -0.0831910130   0.0270632195
        0.0003496850  -0.0000768837   0.0004426662  -0.0008241870  -0.0005192012
        0.0000343790   0.0001689438   0.0001014615   0.0000908583  -0.0012703069
        0.0015153955   0.0012198555   0.0001010886  -0.0008976702  -0.0002766729
        0.0018221710  -0.0074472560  -0.0007030860  -0.0132588359   0.0194573508
       -0.0545313411   0.0024934645   0.0090113981   0.0023450845  -0.0002276987
       -0.0068375885  -0.0052459679  -0.0180727228   0.0035267508  -0.0036378323
       -0.0543973617  -0.0425113787  -0.0638616210   0.1520264872  -0.0030011373
        0.1633538007  -0.0001735694  -0.0001077473   0.0001530653   0.0001307864
       -0.0003185340  -0.0000344483  -0.0012231111  -0.0005809610   0.0007453441
       -0.0034277117   0.0009789786   0.0063821235   0.0002892182  -0.0001789110
       -0.0002279328  -0.0034568591   0.0006864860   0.0067385640   0.0004642605
        0.0001658349   0.0006978564  -0.0615137408   0.0270336128  -0.0536846953
        0.0000480070   0.0000478531  -0.0001903777   0.0005578855  -0.0000991230
        0.0004494319  -0.0001987437  -0.0000514970  -0.0001388314   0.0071379110
        0.0159664059   0.0111568331  -0.0895555157  -0.0940539003  -0.0586408136
       -0.0111817773  -0.0188806294  -0.0113703424  -0.0003420937   0.0003911979
       -0.0039627614   0.0000288844  -0.0004325531  -0.0000780905  -0.0002424906
       -0.0002355634   0.0002520314  -0.0001462513   0.0001633660  -0.0000697017
        0.0001773219   0.0001516236   0.0002786498  -0.0004781846  -0.0001358002
       -0.0001735694   0.0947247691   0.0997947652   0.0628354077  -0.0006105584
       -0.0024639555  -0.0013258005   0.0001004271  -0.0002129663   0.0011368161
        0.0000223941  -0.0000280298  -0.0000890292  -0.0000432398  -0.0000341189
        0.0000098475   0.0000193199  -0.0000112844  -0.0000475445   0.0000153442
        0.0000040729  -0.0000025569  -0.0000334090   0.0001201367  -0.0000295983
        0.0002040719  -0.0000862323  -0.0001117708  -0.0003902586   0.0004125853
        0.0002668519   0.0000214692  -0.0000972745   0.0001794952  -0.0003717642
       -0.0021404159  -0.0103409693  -0.0927670071  -0.1907683594  -0.0856073941
        0.0047921688   0.0057385222   0.0033930606  -0.0002190609  -0.0002427705
        0.0014183021   0.0004133085   0.0001111267   0.0000957014   0.0000109648
       -0.0000661832  -0.0001262385  -0.0000488414   0.0000900928   0.0000207068
        0.0000659748   0.0000822838  -0.0001224432   0.0002818221  -0.0000165688
       -0.0001077473   0.0997947652   0.2052977162   0.1000020241  -0.0120478736
       -0.0190830778  -0.0092697314   0.0005459181   0.0003541505   0.0001206285
       -0.0000710223   0.0000429233  -0.0000058046   0.0000113022   0.0000156576
       -0.0000027368  -0.0000359400   0.0000043113   0.0000455456  -0.0000058783
        0.0000379055   0.0000173828  -0.0001841195   0.0003136071   0.0001351369
        0.0000523889   0.0002619681   0.0001356934  -0.0004621875  -0.0004641786
       -0.0000947026   0.0000718670   0.0002607787   0.0000313419  -0.0097758440
       -0.0182003750  -0.0252346165  -0.0530973684  -0.0831965205  -0.0886219826
       -0.0043926612  -0.0066972145  -0.0086079432   0.0002903591   0.0001975786
       -0.0008803658   0.0000551160  -0.0000453299  -0.0000736965   0.0000193226
       -0.0000181904   0.0000833672   0.0000383283   0.0000295795  -0.0000020355
        0.0000134528   0.0000375560   0.0001250549  -0.0001681289   0.0000204488
        0.0001530653   0.0628354077   0.1000020241   0.1161789031   0.0048453510
        0.0081910121   0.0068656408  -0.0004330601  -0.0003030733   0.0001561863
        0.0000333697  -0.0000235697  -0.0000426172   0.0000117651   0.0000016733
        0.0000003740   0.0000196202  -0.0000052911  -0.0000273114   0.0000176100
        0.0000089141   0.0000055385   0.0000252916  -0.0000577904  -0.0001498942
       -0.0002619045   0.0001174018  -0.0005085272   0.0001122313  -0.0004898836
        0.0004601942   0.0000048885   0.0000908172  -0.0000031293  -0.0036176591
       -0.0141057465   0.0157206173  -0.0372730100  -0.0245896560   0.0065572430
        0.0015284863   0.0219210694  -0.0117701393   0.0003024974   0.0008256241
        0.0007960737  -0.0002450305   0.0000583435  -0.0000136270   0.0000785502
        0.0001489588   0.0000044269   0.0001026909  -0.0001355160   0.0000159075
       -0.0003054519  -0.0001427522  -0.0000314110   0.0000898110   0.0004293068
        0.0001307864  -0.0006105584  -0.0120478736   0.0048453510   0.0400335108
        0.0282761763  -0.0115150193  -0.0005468290   0.0001504683  -0.0044498992
        0.0001260631  -0.0000813629   0.0000312758   0.0000409011   0.0000155757
        0.0000184912   0.0000309703   0.0000168522   0.0000120988   0.0000232907
        0.0000118867   0.0000214656   0.0003865518  -0.0004696901  -0.0003221789
        0.0000061912  -0.0003520555   0.0001261880  -0.0002695095   0.0004399620
       -0.0004096761   0.0001930305  -0.0000775373   0.0001687301   0.0027911023
        0.0083790867  -0.0013350499  -0.0266864814  -0.2371138282   0.1063154265
       -0.0009323918  -0.0079725271   0.0065118965   0.0001079450   0.0004485127
       -0.0006740301   0.0000693390  -0.0002956895  -0.0000713255  -0.0001006609
       -0.0000896031   0.0000068352  -0.0000703772   0.0000765144  -0.0000163164
        0.0000820076  -0.0000597858   0.0001447345  -0.0005457387   0.0000334070
       -0.0003185340  -0.0024639555  -0.0190830778   0.0081910121   0.0282761763
        0.2554392185  -0.1186664568  -0.0002192478   0.0006303414   0.0009413961
       -0.0000614840  -0.0000099328  -0.0000225551  -0.0000375445  -0.0000479604
        0.0000015184   0.0000121824  -0.0000327728  -0.0000126349  -0.0000491231
       -0.0000748856  -0.0000026890  -0.0001014601  -0.0002373869  -0.0008784695
       -0.0002486861  -0.0000053309   0.0003356784   0.0003407867   0.0007374032
       -0.0004018875  -0.0002485263  -0.0002564460  -0.0000877397   0.0027314359
        0.0196073306  -0.0257791456   0.0091074471   0.1008009269  -0.0920029590
        0.0006664288   0.0078360599  -0.0081178191   0.0000425603   0.0005302832
        0.0001290526  -0.0000894159   0.0000003379  -0.0000625979   0.0001473999
        0.0001269024   0.0000350631   0.0002159280  -0.0000592663   0.0000095786
        0.0000486330  -0.0001953956  -0.0000178028  -0.0004977964   0.0006556877
       -0.0000344483  -0.0013258005  -0.0092697314   0.0068656408  -0.0115150193
       -0.1186664568   0.1206624464   0.0004517801  -0.0005241917  -0.0007826229
        0.0001013358  -0.0000774469   0.0000350740   0.0000406522   0.0000132845
        0.0000043283   0.0000776206  -0.0000035458  -0.0000452720   0.0000584346
        0.0000252078  -0.0000419740  -0.0001051986  -0.0012756126  -0.0007025936
        0.0000057877   0.0000686587   0.0000939723   0.0001572705  -0.0002612661
       -0.0005905639   0.0000837446   0.0000554230   0.0001558569  -0.0155324828
        0.0276157870  -0.0066083950  -0.0041316818   0.0066247029  -0.0025505338
       -0.0385694066   0.0225863801  -0.0075430810   0.0023152172  -0.0168687892
        0.0034712843   0.0008796836  -0.0023865277   0.0003077018   0.0000541954
        0.0002655090   0.0000642958   0.0001794267   0.0001264218   0.0000710335
        0.0002766187  -0.0009649021  -0.0001144232  -0.0031387678  -0.0020696036
       -0.0012231111   0.0001004271   0.0005459181  -0.0004330601  -0.0005468290
       -0.0002192478   0.0004517801   0.0593116190  -0.0357248560   0.0148512744
       -0.0010000023   0.0004740326  -0.0003617372  -0.0000047710   0.0000501828
       -0.0000308833  -0.0000169874   0.0000925413  -0.0000098736  -0.0002675948
       -0.0001835801  -0.0000437478  -0.0001554669   0.0001732154   0.0000422109
        0.0002413399   0.0000243919  -0.0002516017  -0.0001657545  -0.0001656617
        0.0004992469  -0.0001303194   0.0000067413  -0.0000708633   0.0127803475
       -0.0089919923   0.0022542564   0.0029576505  -0.0033991618   0.0008371967
        0.0224291421  -0.2701838309   0.0604979579  -0.0004265109  -0.0214706681
        0.0043400019   0.0017113238   0.0007960756   0.0003301882   0.0002854661
       -0.0001851703  -0.0002135354   0.0001374834   0.0003617244   0.0000329115
        0.0005002302  -0.0010668453  -0.0002362746  -0.0035148732  -0.0019398202
       -0.0005809610  -0.0002129663   0.0003541505  -0.0003030733   0.0001504683
        0.0006303414  -0.0005241917  -0.0357248560   0.3040561769  -0.0665911509
       -0.0006916159   0.0006845981   0.0000037840   0.0001140071   0.0001301541
        0.0000366115  -0.0000305866   0.0000787431   0.0000688900  -0.0002387068
       -0.0001554197  -0.0000948702  -0.0001712693   0.0004354731  -0.0000345224
       -0.0000998577   0.0001811994   0.0002406935  -0.0002431551  -0.0002301466
       -0.0001027310   0.0000940122   0.0002723536  -0.0000332662   0.0056711909
       -0.0166172685   0.0021759193  -0.0052797732   0.0274250133  -0.0086832497
       -0.0097435217   0.0621893315  -0.0494046409  -0.0006732486  -0.0061132522
        0.0017960212   0.0002554760  -0.0008953280  -0.0001700946   0.0000454123
        0.0000944006   0.0000058364   0.0001121425  -0.0000772293   0.0000437536
       -0.0001773942  -0.0003333592  -0.0001550286  -0.0013758494  -0.0003947173
        0.0007453441   0.0011368161   0.0001206285   0.0001561863  -0.0044498992
        0.0009413961  -0.0007826229   0.0148512744  -0.0665911509   0.0543617996
       -0.0001263546   0.0000597171   0.0001588018  -0.0000127787   0.0000095713
        0.0000294676   0.0000098384   0.0000210731  -0.0000433238  -0.0000197967
       -0.0000647468  -0.0002157314   0.0000254664   0.0000025144  -0.0001231344
       -0.0000938342  -0.0000422361   0.0000429327  -0.0000018625   0.0001283151
       -0.0000757238   0.0000208139   0.0000279400   0.0000057510   0.0005589950
       -0.0002892082  -0.0002977172   0.0000906735   0.0000453051   0.0002518150
       -0.0000852719   0.0023132034   0.0007769601  -0.0041065669   0.0252442488
       -0.0018616346  -0.0468223871   0.0279057848  -0.0039146976   0.0019271197
       -0.0224750658   0.0005968199  -0.0025365349  -0.0030762169  -0.0031150947
       -0.0004371465  -0.0001813408  -0.0000655319  -0.0039124933   0.0020655303
       -0.0034277117   0.0000223941  -0.0000710223   0.0000333697   0.0001260631
       -0.0000614840   0.0001013358  -0.0010000023  -0.0006916159  -0.0001263546
        0.0558990658  -0.0299726450   0.0096359024   0.0005287534  -0.0008826729
        0.0009652749   0.0000360290  -0.0012209577   0.0000387375  -0.0000903232
       -0.0000543395   0.0005009514  -0.0001234849   0.0012884775  -0.0000653842
        0.0001763080   0.0000461692  -0.0000432583  -0.0001246987  -0.0002875927
        0.0001005728  -0.0000274724   0.0001048535   0.0000178385  -0.0000720164
        0.0002400969   0.0000192196  -0.0000257275  -0.0000318429  -0.0001517196
       -0.0015307463   0.0005619400  -0.0003994989   0.0044046861  -0.0161276834
        0.0015263153   0.0269488178  -0.2878240490   0.0117870456   0.0003397358
       -0.0213934685   0.0002445756  -0.0036616847  -0.0012909648  -0.0009263438
       -0.0001594381   0.0008420379  -0.0000548147   0.0027327190  -0.0001394056
        0.0009789786  -0.0000280298   0.0000429233  -0.0000235697  -0.0000813629
       -0.0000099328  -0.0000774469   0.0004740326   0.0006845981   0.0000597171
       -0.0299726450   0.3252239489  -0.0131507751   0.0006213763   0.0009293324
        0.0001193806   0.0001689792  -0.0010001870   0.0000851684  -0.0000262928
        0.0001406935  -0.0000309542  -0.0001565401  -0.0007114672  -0.0000804311
       -0.0001115775   0.0002304605  -0.0000649271   0.0002376628  -0.0004054575
        0.0000138292  -0.0000915485   0.0001567202  -0.0001078199   0.0007760399
       -0.0004287542   0.0002881409  -0.0004613289   0.0001439703  -0.0001839829
        0.0005190816   0.0007268891  -0.0024400889  -0.0013478587   0.0074439701
        0.0004067303  -0.0039075839   0.0121659732  -0.0356886978   0.0003889943
       -0.0063021130   0.0007994473  -0.0030360756  -0.0008709868   0.0071542867
       -0.0001045167  -0.0001008750  -0.0002383309  -0.0034148054   0.0006725991
        0.0063821235  -0.0000890292  -0.0000058046  -0.0000426172   0.0000312758
       -0.0000225551   0.0000350740  -0.0003617372   0.0000037840   0.0001588018
        0.0096359024  -0.0131507751   0.0274398370   0.0009297324  -0.0002887554
       -0.0023493298   0.0000093596  -0.0003367939  -0.0000078444   0.0004874661
       -0.0000305261  -0.0016210051  -0.0000894535   0.0003990304   0.0000663733
       -0.0000463324   0.0000119848   0.0000247391   0.0000765628  -0.0000298313
       -0.0000853554   0.0000168143   0.0000115097  -0.0000240467  -0.0004223732
       -0.0000546408  -0.0001866172  -0.0000591835  -0.0000817547   0.0000557372
       -0.0007397644   0.0006873012  -0.0001937277  -0.0022652928  -0.0035723075
       -0.0030280039  -0.0236114131   0.0079686015  -0.0072498105  -0.2381295607
        0.0873482881  -0.0611682543  -0.0048764530   0.0037983896  -0.0017309835
        0.0016742134   0.0010855452  -0.0018757383   0.0006273530  -0.0005576118
        0.0002892182  -0.0000432398   0.0000113022   0.0000117651   0.0000409011
       -0.0000375445   0.0000406522  -0.0000047710   0.0001140071  -0.0000127787
        0.0005287534   0.0006213763   0.0009297324   0.2668031776  -0.0965748626
        0.0727869834   0.0006794158  -0.0007015254   0.0009554865  -0.0002481821
        0.0000139410  -0.0000432728  -0.0000006254  -0.0000621681   0.0005042748
        0.0000859209   0.0000627897   0.0000027511  -0.0000094459  -0.0002818527
        0.0000027038  -0.0000461317   0.0001737532  -0.0000112936  -0.0001077049
        0.0001168550  -0.0000032067  -0.0001323388  -0.0000204388  -0.0000506482
       -0.0007273267   0.0001008473  -0.0002379170  -0.0031134871  -0.0013292768
       -0.0008238928  -0.0146492766   0.0062163279  -0.0043997677   0.0875902760
       -0.0838148375   0.0265638835   0.0264318484  -0.0138390510   0.0079774715
        0.0005950431  -0.0059195790   0.0002927775  -0.0005708872  -0.0003928306
       -0.0001789110  -0.0000341189   0.0000156576   0.0000016733   0.0000155757
       -0.0000479604   0.0000132845   0.0000501828   0.0001301541   0.0000095713
       -0.0008826729   0.0009293324  -0.0002887554  -0.0965748626   0.0978209474
       -0.0294092187   0.0007622616   0.0006529571   0.0001948786   0.0013817929
       -0.0006671091   0.0003865947  -0.0000646480   0.0000933139  -0.0000419786
       -0.0001752580   0.0000995075  -0.0000363382   0.0003821171  -0.0001873776
       -0.0001139822  -0.0001550651   0.0000579283   0.0000414188  -0.0000818405
       -0.0001527737   0.0002906138  -0.0001560693   0.0000960250  -0.0000009091
       -0.0001858275   0.0002368003  -0.0003348691  -0.0029603715  -0.0010520235
        0.0072117798  -0.0070988373   0.0022968128  -0.0015586070  -0.0612091200
        0.0266756547  -0.0535143006  -0.0018447123   0.0010709609   0.0002619355
       -0.0019783263   0.0004319979   0.0073966547   0.0003168352  -0.0000837649
       -0.0002279328   0.0000098475  -0.0000027368   0.0000003740   0.0000184912
        0.0000015184   0.0000043283  -0.0000308833   0.0000366115   0.0000294676
        0.0009652749   0.0001193806  -0.0023493298   0.0727869834  -0.0294092187
        0.0467790190   0.0009369508  -0.0002209737  -0.0022379547  -0.0000661774
        0.0000128984  -0.0000982985   0.0005259884  -0.0000272274  -0.0015430694
       -0.0001807926   0.0000744483   0.0000083917   0.0000496645   0.0000075734
       -0.0001083150   0.0000868879  -0.0000381817  -0.0000265727  -0.0002522534
       -0.0002143431  -0.0001103134   0.0001640661   0.0001067636   0.0001214989
        0.0000574956   0.0002299158   0.0005410317   0.0003417987   0.0008290312
        0.0000239446   0.0016163337   0.0005334989  -0.0018951461   0.0012046395
       -0.0001420940   0.0001670134  -0.1919889310  -0.1161294640  -0.0455452661
       -0.0229779203  -0.0153909532  -0.0068882619  -0.0039848471   0.0024414519
       -0.0034568591   0.0000193199  -0.0000359400   0.0000196202   0.0000309703
        0.0000121824   0.0000776206  -0.0000169874  -0.0000305866   0.0000098384
        0.0000360290   0.0001689792   0.0000093596   0.0006794158   0.0007622616
        0.0009369508   0.2156231401   0.1283367435   0.0554994250   0.0004326642
       -0.0006411551   0.0008514684  -0.0009406935  -0.0008801323  -0.0002354290
        0.0000397016   0.0000583735  -0.0000104038   0.0000582869  -0.0002638223
       -0.0000000291  -0.0000428626   0.0001436149  -0.0000207163  -0.0000509320
        0.0001715682   0.0000667284  -0.0000041321   0.0000441846   0.0000061062
       -0.0000205306  -0.0000370693  -0.0000157272   0.0007850480  -0.0001259114
        0.0002249548   0.0008630719  -0.0057655160   0.0003397101  -0.0228551229
       -0.0204822866  -0.0066010179  -0.1160671530  -0.1353237973  -0.0336882916
        0.0072386857   0.0060738127   0.0020823677   0.0022172511   0.0001394519
        0.0006864860  -0.0000112844   0.0000043113  -0.0000052911   0.0000168522
       -0.0000327728  -0.0000035458   0.0000925413   0.0000787431   0.0000210731
       -0.0012209577  -0.0010001870  -0.0003367939  -0.0007015254   0.0006529571
       -0.0002209737   0.1283367435   0.1545178117   0.0371082458   0.0008418179
        0.0009025443   0.0002284907   0.0004845006   0.0002439892   0.0001386277
       -0.0001776388  -0.0001214281  -0.0000624454   0.0003469952   0.0003048552
       -0.0001235716  -0.0001273107  -0.0001522532   0.0001391372   0.0006383339
        0.0002281734   0.0000885933  -0.0004383197  -0.0003117911  -0.0001468066
        0.0002121118  -0.0000715963  -0.0016171388   0.0001918366   0.0002421795
        0.0002268586  -0.0019475309   0.0002950269   0.0074266277   0.0003055613
        0.0001675823   0.0007191513  -0.0455321992  -0.0337263513  -0.0484441152
       -0.0070068831  -0.0045971034  -0.0012224034  -0.0035125305   0.0007008528
        0.0067385640  -0.0000475445   0.0000455456  -0.0000273114   0.0000120988
       -0.0000126349  -0.0000452720  -0.0000098736   0.0000688900  -0.0000433238
        0.0000387375   0.0000851684  -0.0000078444   0.0009554865   0.0001948786
       -0.0022379547   0.0554994250   0.0371082458   0.0409571187   0.0008311410
       -0.0002068432  -0.0021761992  -0.0002318965  -0.0002413969  -0.0001416642
        0.0000779899   0.0001728966   0.0000113438   0.0000533846  -0.0001489363
        0.0000409487   0.0000503522  -0.0000244015  -0.0000448036   0.0000107502
       -0.0001170443   0.0000312357   0.0000531910   0.0000700771   0.0000525646
        0.0002833993  -0.0009568927   0.0000029910  -0.0022934188  -0.0030971610
       -0.0032269006  -0.0005745316  -0.0002290120  -0.0001404071  -0.0038238265
        0.0023285628  -0.0034265943  -0.0042507213   0.0259497761  -0.0016299141
       -0.0471640270   0.0297815327  -0.0035008084   0.0014825738  -0.0223399654
        0.0004642605   0.0000153442  -0.0000058783   0.0000176100   0.0000232907
       -0.0000491231   0.0000584346  -0.0002675948  -0.0002387068  -0.0000197967
       -0.0000903232  -0.0000262928   0.0004874661  -0.0002481821   0.0013817929
       -0.0000661774   0.0004326642   0.0008418179   0.0008311410   0.0557160658
       -0.0322955764   0.0090960459   0.0005136193  -0.0009974656   0.0009613603
        0.0000881220   0.0002210256  -0.0001011244  -0.0000215467  -0.0004008009
        0.0000052054   0.0001012586   0.0001175022   0.0000316095  -0.0000786608
        0.0002097818   0.0000874771   0.0000573411  -0.0000340842   0.0000450099
        0.0004259211  -0.0009785695   0.0001061180  -0.0034086925  -0.0012714117
       -0.0010618178  -0.0001853157   0.0009818727  -0.0000718982   0.0026620909
        0.0000027554   0.0008426243   0.0035002624  -0.0142323573   0.0010872892
        0.0294301178  -0.2923647929   0.0101491501  -0.0000864575  -0.0210440743
        0.0001658349   0.0000040729   0.0000379055   0.0000089141   0.0000118867
       -0.0000748856   0.0000252078  -0.0001835801  -0.0001554197  -0.0000647468
       -0.0000543395   0.0001406935  -0.0000305261   0.0000139410  -0.0006671091
        0.0000128984  -0.0006411551   0.0009025443  -0.0002068432  -0.0322955764
        0.3278335500  -0.0112608736   0.0006603099   0.0007758740   0.0002304915
        0.0000202570  -0.0002330918  -0.0000839263   0.0001432164   0.0005439987
       -0.0000006739  -0.0000445272  -0.0002293041   0.0001058048   0.0001974517
        0.0003947796  -0.0002372395  -0.0000372597  -0.0003312240   0.0000355746
       -0.0001139437  -0.0004441037   0.0002446773  -0.0031124057  -0.0008593630
        0.0073281785  -0.0001532908  -0.0000624998  -0.0001356668  -0.0034028061
        0.0007801649   0.0067931914  -0.0014678998   0.0076437483   0.0003906441
       -0.0035572023   0.0103932267  -0.0366272123   0.0002019888  -0.0064989917
        0.0006978564  -0.0000025569   0.0000173828   0.0000055385   0.0000214656
       -0.0000026890  -0.0000419740  -0.0000437478  -0.0000948702  -0.0002157314
        0.0005009514  -0.0000309542  -0.0016210051  -0.0000432728   0.0003865947
       -0.0000982985   0.0008514684   0.0002284907  -0.0021761992   0.0090960459
       -0.0112608736   0.0279636567   0.0009460677  -0.0003404213  -0.0023271952
       -0.0024202109   0.0013300064  -0.0018987697   0.0000760905  -0.0003338879
        0.0017599613  -0.0004811649  -0.0001866074  -0.0003900570  -0.0001167543
       -0.0016276958  -0.0001452672  -0.0000110501  -0.0005415880   0.0000083294
       -0.0004248820  -0.0002130025   0.0005915857  -0.0041704790   0.0050894246
       -0.0016636768   0.0014604613   0.0005312395  -0.0017923510   0.0004004771
       -0.0004017995   0.0001867117  -0.0020371338  -0.0033240178  -0.0030113429
       -0.0222231089   0.0071454258  -0.0071302317  -0.2338863988   0.0869697797
       -0.0615137408  -0.0000334090  -0.0001841195   0.0000252916   0.0003865518
       -0.0001014601  -0.0001051986  -0.0001554669  -0.0001712693   0.0000254664
       -0.0001234849  -0.0001565401  -0.0000894535  -0.0000006254  -0.0000646480
        0.0005259884  -0.0009406935   0.0004845006  -0.0002318965   0.0005136193
        0.0006603099   0.0009460677   0.2641876624  -0.0949040507   0.0739025835
        0.0006710885  -0.0004284707   0.0003138203  -0.0011524414   0.0002086299
        0.0002439485   0.0002752243  -0.0000527109   0.0001361532  -0.0004933743
        0.0000087275   0.0004825758  -0.0000017665  -0.0010977942  -0.0002861669
        0.0010630868   0.0004845977   0.0001649066   0.0251768770  -0.0130524004
        0.0077803628   0.0003465695  -0.0055288540   0.0001648827  -0.0004348056
       -0.0002643681  -0.0001328708  -0.0031514129  -0.0013542870  -0.0008484557
       -0.0145463815   0.0063201858  -0.0045651413   0.0879790135  -0.0831910130
        0.0270336128   0.0001201367   0.0003136071  -0.0000577904  -0.0004696901
       -0.0002373869  -0.0012756126   0.0001732154   0.0004354731   0.0000025144
        0.0012884775  -0.0007114672   0.0003990304  -0.0000621681   0.0000933139
       -0.0000272274  -0.0008801323   0.0002439892  -0.0002413969  -0.0009974656
        0.0007758740  -0.0003404213  -0.0949040507   0.0970343543  -0.0289467241
       -0.0004218975  -0.0001507528  -0.0004208707   0.0012425339   0.0005921409
       -0.0000854855  -0.0001382172  -0.0001894564  -0.0001589568   0.0008889852
        0.0002292204  -0.0004354497  -0.0006889168  -0.0010050955   0.0001078690
        0.0001336568  -0.0001475016  -0.0021026568  -0.0013298424   0.0015647293
        0.0008595681  -0.0018006998   0.0001983501   0.0066512572   0.0001919001
       -0.0002351273  -0.0001651980  -0.0030853391  -0.0007794019   0.0069829082
       -0.0064654383   0.0023375450  -0.0008925880  -0.0632845639   0.0270632195
       -0.0536846953  -0.0000295983   0.0001351369  -0.0001498942  -0.0003221789
       -0.0008784695  -0.0007025936   0.0000422109  -0.0000345224  -0.0001231344
       -0.0000653842  -0.0000804311   0.0000663733   0.0005042748  -0.0000419786
       -0.0015430694  -0.0002354290   0.0001386277  -0.0001416642   0.0009613603
        0.0002304915  -0.0023271952   0.0739025835  -0.0289467241   0.0482654761
