$hessian                                                                        
        0.1882643874  -0.1986974450   0.0460930080  -0.1232056386   0.1511676643
       -0.0375389601  -0.0402426579   0.0236242152  -0.0123675215  -0.0378048709
        0.0266198663   0.0032224848  -0.0004954130  -0.0038147334   0.0017034365
        0.0132856781   0.0004651871  -0.0008933518  -0.0006898317   0.0007368337
       -0.0004121927   0.0003492586   0.0001651615  -0.0000033447   0.0000563850
       -0.0001751949   0.0000685618  -0.0004414234   0.0001494646   0.0000681084
        0.0001854308  -0.0001941782  -0.0002049248   0.0002620869   0.0000786080
        0.0000274192   0.0000583734   0.0001091058  -0.0001248394   0.0001616690
        0.0001487310  -0.0000127821   0.0002557079  -0.0003244281   0.0003383995
        0.0000104836  -0.0000519509   0.0000446902   0.0000941175  -0.0000845583
       -0.0000711206  -0.0001382645   0.0000018016   0.0000988807  -0.0000285401
        0.0000135727   0.0000632666  -0.0000017963   0.0000488122  -0.0000276187
        0.0000251159  -0.0000230488  -0.0000169939   0.0000323661   0.0000364573
        0.0000016263   0.0000073762   0.0000000562  -0.0000562318
       -0.1986974450   0.3290871948  -0.0653784456   0.1535733571  -0.2592982802
        0.0481685206   0.0160861159  -0.0022139747  -0.0009527106   0.0301680777
       -0.0117112149   0.0015341570   0.0083023421  -0.0537417294   0.0167235075
       -0.0102443535  -0.0021199569  -0.0000183035  -0.0004445428   0.0010938132
        0.0002442492   0.0000150441  -0.0000684138  -0.0003090539  -0.0004786088
       -0.0002351547  -0.0000463111   0.0007480886  -0.0004844532  -0.0000119852
        0.0003049583  -0.0002894434   0.0006314190   0.0003373823   0.0002204520
        0.0000678843   0.0002599174  -0.0001048624  -0.0001079565   0.0002704631
       -0.0002227669   0.0000803807   0.0000039613   0.0000217339  -0.0007459950
        0.0001080310   0.0000168663  -0.0000050903   0.0001021731  -0.0000499765
       -0.0001535179  -0.0001041704  -0.0000298836   0.0001488330  -0.0000416492
       -0.0000047575  -0.0002428616  -0.0000884719  -0.0000096585   0.0001815943
       -0.0000680680   0.0001026232   0.0000549807  -0.0001128357   0.0000063353
       -0.0000167993   0.0000002331   0.0000355078   0.0001535041
        0.0460930080  -0.0653784456   0.0629735115  -0.0377542106   0.0471268063
       -0.0631307675  -0.0280882247   0.0171886153  -0.0043915766   0.0190485297
       -0.0164363168   0.0008496838  -0.0014644488   0.0176126221   0.0059980904
        0.0022604444  -0.0002203056  -0.0023265915   0.0005123291  -0.0003780926
       -0.0001134918  -0.0001797401   0.0002058197  -0.0000643206  -0.0000466229
        0.0000165577  -0.0000238947  -0.0002086696   0.0001051603   0.0000421881
       -0.0001695759   0.0001893620  -0.0001886550  -0.0001211208  -0.0001888682
       -0.0000074718  -0.0000889188   0.0000282539   0.0001000109  -0.0000413846
        0.0001441714  -0.0000228265   0.0000014585  -0.0000390546   0.0001432997
        0.0000555381   0.0000193329  -0.0000370101   0.0001692742   0.0000642619
        0.0001120257  -0.0000508032  -0.0000255421  -0.0001034438  -0.0000803439
       -0.0001313084   0.0000940984  -0.0000204607  -0.0000021436   0.0000299255
        0.0000212482  -0.0000156655   0.0000543712   0.0000697304   0.0000313573
        0.0000619708   0.0000829639   0.0000834225  -0.0000491264
       -0.1232056386   0.1535733571  -0.0377542106   0.3803224243  -0.0015751359
       -0.0021183216  -0.0521238859  -0.0239693365  -0.0945499834  -0.0401281817
        0.0248671723   0.0882368586  -0.1086964349  -0.1489244194   0.0426126791
       -0.0720321605  -0.0063821987   0.0051458198   0.0038227149   0.0015394101
        0.0008035395  -0.0006792798   0.0002511121  -0.0010241682   0.0008480584
        0.0028145181  -0.0006935974   0.0047495293   0.0025558473  -0.0002958825
        0.0025616242  -0.0017665395  -0.0034369621   0.0011030139  -0.0014066936
       -0.0003140453   0.0008166102  -0.0007631474   0.0001334052   0.0008237163
       -0.0013455121   0.0003413069   0.0021255994  -0.0002622898   0.0028790186
       -0.0000258625  -0.0001108114   0.0001957371  -0.0000809851   0.0004674474
        0.0002954249   0.0004973346   0.0001113764  -0.0003020410  -0.0000125568
        0.0001295479  -0.0009144526  -0.0002417602  -0.0001772783  -0.0000510534
       -0.0002296567   0.0000956787   0.0000308634  -0.0002051644  -0.0000716143
        0.0001182590  -0.0000090586   0.0003495098   0.0006618059
        0.1511676643  -0.2592982802   0.0471268063  -0.0015751359   0.6162515478
       -0.0677101747  -0.0181478008  -0.0460545033  -0.0244690494   0.0140871898
       -0.0436112563  -0.0244833804  -0.1446382961  -0.2725556618   0.0669209510
       -0.0017653079   0.0060253042   0.0027722516   0.0026635764  -0.0013272490
        0.0002996967  -0.0011970174  -0.0004055342  -0.0002317089  -0.0014285715
        0.0002276907   0.0000125550   0.0001644393   0.0012949902   0.0008098283
        0.0002607556   0.0003378006  -0.0008417612  -0.0000420930  -0.0000844061
        0.0001094899  -0.0001743214  -0.0000087367   0.0001640475   0.0000246523
       -0.0000800195   0.0000265169   0.0005558050  -0.0000334987   0.0003489267
        0.0000064919  -0.0001264754   0.0000917799  -0.0001705701   0.0002030672
       -0.0003800846   0.0001825876  -0.0002690442  -0.0000512116  -0.0000295587
        0.0001751110  -0.0000212075   0.0001087692  -0.0001379248  -0.0003453670
        0.0000798741  -0.0003799734   0.0000097126   0.0000949964  -0.0000530706
        0.0001317536  -0.0002281292  -0.0000898776  -0.0002903705
       -0.0375389601   0.0481685206  -0.0631307675  -0.0021183216  -0.0677101747
        0.3819961776  -0.0660439861  -0.0241569694  -0.1214563569   0.0611225376
       -0.0257347034  -0.1396917871   0.0412951116   0.0665292862  -0.0719446409
        0.0032168808   0.0027354268   0.0143717993  -0.0006340591   0.0001628135
       -0.0020186665   0.0001370111  -0.0004214908   0.0008765075   0.0003756066
        0.0002432641   0.0014035029   0.0010247767   0.0002715912   0.0044862995
       -0.0016807900   0.0002755501  -0.0006192165  -0.0007338122  -0.0011633599
        0.0003239465   0.0000315496   0.0000501174   0.0004648198   0.0006573207
        0.0008708890  -0.0000269710   0.0012905058  -0.0000888919  -0.0016628005
       -0.0000937729  -0.0000221996  -0.0002253585  -0.0003075044  -0.0001966439
       -0.0004647618   0.0000448021   0.0001317883  -0.0001564949   0.0007056618
        0.0004142433  -0.0011226274   0.0001569447  -0.0002898719  -0.0003199443
       -0.0000081977   0.0000902727  -0.0000168663  -0.0002301494   0.0002293188
       -0.0004092380  -0.0006691559  -0.0003887763  -0.0006565551
       -0.0402426579   0.0160861159  -0.0280882247  -0.0521238859  -0.0181478008
       -0.0660439861   0.1601631874   0.0300315471   0.0918963557  -0.0103155212
       -0.0020718313  -0.0035745003  -0.0364959024  -0.0282811811  -0.0145383402
       -0.0206680288   0.0045864992   0.0183195456  -0.0007438974  -0.0012027532
        0.0014835174  -0.0005570687  -0.0004008133  -0.0002236759  -0.0003090440
        0.0000186274  -0.0001966003  -0.0002212069   0.0008184838   0.0017736420
        0.0011202980  -0.0014136890  -0.0014238653   0.0006450711   0.0000668839
       -0.0000298539   0.0003399875  -0.0000491689   0.0000019836  -0.0003215178
       -0.0001046162  -0.0000719434  -0.0007960519  -0.0001571825   0.0001967734
        0.0000429410  -0.0001014136   0.0001467929   0.0001610962   0.0002320376
       -0.0001803435  -0.0000729212  -0.0000502484   0.0002928291   0.0002690822
       -0.0000211697  -0.0000743093   0.0001106004   0.0001122922   0.0001790056
        0.0000512383   0.0000548904   0.0000569614  -0.0000578776  -0.0000144937
        0.0000562476   0.0000220793   0.0000089842   0.0000419885
        0.0236242152  -0.0022139747   0.0171886153  -0.0239693365  -0.0460545033
       -0.0241569694   0.0300315471   0.0655161950   0.0406698397  -0.0013813042
        0.0050265249  -0.0186346327  -0.0289127805  -0.0135168282  -0.0139011647
        0.0023030741  -0.0091790499  -0.0019740540  -0.0024810215  -0.0009297796
        0.0003823527   0.0004284348   0.0003633427   0.0003547833   0.0003494086
       -0.0004831450   0.0001507351  -0.0007487112  -0.0001389355  -0.0004948032
        0.0002721801   0.0003504353   0.0000492703   0.0001701791   0.0004026316
       -0.0000471519   0.0001550595   0.0003027685  -0.0001866672   0.0002039648
        0.0000684090  -0.0001114540  -0.0002516107  -0.0001721777   0.0000638615
       -0.0001910521   0.0000571526   0.0002148671   0.0004115082  -0.0000791204
        0.0003928006  -0.0002772741   0.0002950434   0.0001993718  -0.0000809745
        0.0001064985   0.0001435976   0.0001136149   0.0002238446  -0.0001225216
        0.0001464644   0.0001130449  -0.0001748547   0.0000232763   0.0000039329
       -0.0001674820   0.0000611384  -0.0000623095   0.0001616606
       -0.0123675215  -0.0009527106  -0.0043915766  -0.0945499834  -0.0244690494
       -0.1214563569   0.0918963557   0.0406698397   0.2091911846  -0.0004748964
       -0.0179190443  -0.0600179289   0.0014137937   0.0046495819   0.0032714705
        0.0185412496  -0.0035016960  -0.0277990779   0.0013312518   0.0006246777
       -0.0005800301   0.0000069362   0.0005215090   0.0001513792   0.0002123179
       -0.0003682101  -0.0000971646  -0.0034179918  -0.0010802911  -0.0033157734
       -0.0004375830   0.0004536089   0.0019920782  -0.0000955520   0.0008536887
        0.0002717335  -0.0005186579   0.0004274268  -0.0005754786  -0.0006810208
        0.0004569273  -0.0000217566  -0.0013746464  -0.0003537932   0.0010073032
       -0.0000133550   0.0001788834  -0.0000033031   0.0000290672   0.0000096290
        0.0004165356   0.0001058088   0.0000093416  -0.0000147988  -0.0002226156
       -0.0003293416   0.0012692803   0.0002129139   0.0001507576   0.0001543954
        0.0000760439  -0.0000921702   0.0000966170   0.0000552044  -0.0001050310
        0.0003034998   0.0002728808   0.0001654660   0.0001477682
       -0.0378048709   0.0301680777   0.0190485297  -0.0401281817   0.0140871898
        0.0611225376  -0.0103155212  -0.0013813042  -0.0004748964   0.1399343828
       -0.0198527413  -0.0938567860  -0.0330537068  -0.0164910507   0.0298451519
       -0.0173667951  -0.0041158920  -0.0143711919  -0.0006303856  -0.0011427914
        0.0001200760  -0.0003843149  -0.0004534216  -0.0003046909  -0.0000901685
        0.0003375550  -0.0003956123  -0.0005563836   0.0001861193  -0.0014951885
       -0.0011022566  -0.0008655201  -0.0001136367  -0.0004869414   0.0008041157
        0.0001259874   0.0002648071  -0.0000582975  -0.0000594467   0.0004334788
       -0.0001765203  -0.0000378324   0.0010142658  -0.0008477399   0.0014980629
        0.0000864713  -0.0000846718  -0.0000331742   0.0000163592  -0.0000862226
       -0.0004009013  -0.0000966883  -0.0000575229   0.0001238438  -0.0000594361
        0.0000474420  -0.0000613701  -0.0000615975  -0.0000070569   0.0000346815
        0.0000262888   0.0000379527  -0.0000613314   0.0000718039   0.0000371176
       -0.0001620293   0.0002893907  -0.0000848165  -0.0000907829
        0.0266198663  -0.0117112149  -0.0164363168   0.0248671723  -0.0436112563
       -0.0257347034  -0.0020718313   0.0050265249  -0.0179190443  -0.0198527413
        0.0662369468   0.0453031684  -0.0235308978  -0.0047543190   0.0205618426
       -0.0061039760  -0.0106379137  -0.0054789060  -0.0026438591  -0.0015993949
       -0.0004100238   0.0002893624   0.0002280135   0.0000688917   0.0004817466
       -0.0001540193   0.0000609546   0.0005203941   0.0001105317  -0.0008699433
        0.0004871139  -0.0002863680   0.0002648295   0.0005554942   0.0000166549
       -0.0000464055   0.0003322906   0.0001027313  -0.0001563820   0.0001589410
        0.0000009508   0.0000342678   0.0003995916   0.0002168193   0.0004468151
       -0.0002929470  -0.0000084031  -0.0002065814  -0.0001172214   0.0001099612
       -0.0002312855  -0.0002754209   0.0001080467   0.0000042575  -0.0000652053
       -0.0002219324  -0.0000664545  -0.0000369472   0.0001062408   0.0003706744
        0.0001054443   0.0002231543   0.0001362142   0.0000780297   0.0002179743
        0.0001364371   0.0000956002   0.0002802712   0.0001676937
        0.0032224848   0.0015341570   0.0008496838   0.0882368586  -0.0244833804
       -0.1396917871  -0.0035745003  -0.0186346327  -0.0600179289  -0.0938567860
        0.0453031684   0.2270294767   0.0159114199   0.0013900163  -0.0083962525
       -0.0135622803  -0.0042965657  -0.0211149182   0.0003971914  -0.0001062988
        0.0013683919  -0.0003947950   0.0000964693  -0.0005146949  -0.0003974681
        0.0002822432  -0.0006134874   0.0017772909  -0.0000782610  -0.0028837477
        0.0019429898  -0.0005429715   0.0002486159   0.0008318986   0.0008298953
       -0.0002568243   0.0001833802  -0.0004655339  -0.0002833387  -0.0001100853
       -0.0012920852   0.0004431061  -0.0003722729   0.0003672502   0.0014481467
        0.0000790878  -0.0001178788   0.0003231854  -0.0000931421   0.0002210855
        0.0001189454   0.0000133740  -0.0001355048   0.0003553512  -0.0003042428
       -0.0001666674   0.0002285992   0.0000018787   0.0002046543   0.0002765721
       -0.0000785283   0.0000198355   0.0000812099  -0.0001647966  -0.0001726730
        0.0002724896   0.0003110428   0.0002436780   0.0007292058
       -0.0004954130   0.0083023421  -0.0014644488  -0.1086964349  -0.1446382961
        0.0412951116  -0.0364959024  -0.0289127805   0.0014137937  -0.0330537068
       -0.0235308978   0.0159114199   0.1666761349   0.1882715014  -0.0562549432
        0.0111436838   0.0012325196  -0.0009291519  -0.0000963188   0.0000439783
        0.0001302860  -0.0000113461  -0.0001158376  -0.0001356241   0.0000646630
        0.0000307006  -0.0000413675  -0.0001765739  -0.0001866776  -0.0000532379
        0.0002525927  -0.0002868576   0.0000932716   0.0002120812   0.0000652664
       -0.0000387512   0.0000350634   0.0000239445  -0.0001352786   0.0001229142
        0.0002152720   0.0000828787   0.0003055157  -0.0002840897   0.0000186202
        0.0000273952  -0.0000548449   0.0000127547   0.0000763879  -0.0000166952
       -0.0000129474  -0.0000297992  -0.0000387205   0.0000876262   0.0000374815
       -0.0000136887   0.0000544473   0.0000303150  -0.0000030725   0.0000070772
        0.0000471241  -0.0000470366  -0.0000004733   0.0000048350  -0.0000136109
       -0.0000018975   0.0000193074  -0.0000424186  -0.0000391657
       -0.0038147334  -0.0537417294   0.0176126221  -0.1489244194  -0.2725556618
        0.0665292862  -0.0282811811  -0.0135168282   0.0046495819  -0.0164910507
       -0.0047543190   0.0013900163   0.1882715014   0.3442469853  -0.0894380786
        0.0101568382   0.0000179004  -0.0008729664  -0.0003364692  -0.0010817467
       -0.0001359230   0.0003176928   0.0004355923   0.0002851174   0.0005596234
        0.0006730172   0.0000512652  -0.0004989742   0.0003391350  -0.0002538675
       -0.0006285112   0.0002453089  -0.0003606428  -0.0003991268  -0.0005730659
       -0.0002160670  -0.0001549283  -0.0000993921   0.0000551644  -0.0000614159
        0.0001682355   0.0000804332  -0.0002208990   0.0001736932   0.0004404508
        0.0000170827   0.0000822854  -0.0000497172   0.0001000270  -0.0000273921
        0.0003404206   0.0001187225   0.0000885835  -0.0001004646   0.0000766948
       -0.0000946428   0.0001625564   0.0000622102  -0.0000143691  -0.0000054686
        0.0000662236   0.0000913439  -0.0000542904   0.0000526684  -0.0000241533
       -0.0000898395   0.0000124241  -0.0000787801  -0.0000195887
        0.0017034365   0.0167235075   0.0059980904   0.0426126791   0.0669209510
       -0.0719446409  -0.0145383402  -0.0139011647   0.0032714705   0.0298451519
        0.0205618426  -0.0083962525  -0.0562549432  -0.0894380786   0.0735032179
       -0.0035893631  -0.0009831931  -0.0021018353   0.0004583270   0.0004654976
       -0.0004021134  -0.0002980178  -0.0001129500   0.0000438822  -0.0002616769
       -0.0001938156   0.0001765624   0.0001207473  -0.0000524149   0.0002047359
        0.0000865377   0.0000903903   0.0000890802   0.0001211986   0.0000377691
       -0.0000737640   0.0000120112  -0.0000014567  -0.0001391427  -0.0000015027
       -0.0000342543  -0.0002085806   0.0000338809  -0.0001026766  -0.0001058434
        0.0000311030  -0.0000211763   0.0001095938   0.0000888405   0.0000141288
       -0.0000057942  -0.0000965284  -0.0000358411   0.0000209932  -0.0000796558
        0.0000049822  -0.0000044724  -0.0000808802   0.0001037692   0.0000061165
       -0.0000268669  -0.0000244759  -0.0001012991   0.0000488245  -0.0000712054
        0.0000319266   0.0000650369   0.0000498651   0.0000280689
        0.0132856781  -0.0102443535   0.0022604444  -0.0720321605  -0.0017653079
        0.0032168808  -0.0206680288   0.0023030741   0.0185412496  -0.0173667951
       -0.0061039760  -0.0135622803   0.0111436838   0.0101568382  -0.0035893631
        0.1062918106   0.0147840575  -0.0122294512  -0.0101030286  -0.0080824129
       -0.0010045063   0.0018328465   0.0003465505   0.0023065135  -0.0021383846
       -0.0054819886   0.0027173549  -0.0009165092  -0.0060311909   0.0011005540
       -0.0025005744   0.0014198485   0.0067653378  -0.0019900106   0.0040699074
        0.0001126183  -0.0021192448   0.0025683171   0.0000713595  -0.0013861890
        0.0040723926  -0.0013548170   0.0008192344  -0.0004771580  -0.0056342026
       -0.0001346693   0.0001247172  -0.0002788617   0.0004944382  -0.0002655737
       -0.0000985318  -0.0007648303  -0.0002810287  -0.0003452331  -0.0008634582
       -0.0003877065   0.0017970017   0.0001324098   0.0000732443  -0.0000457658
       -0.0000408431  -0.0003330366   0.0000358239   0.0000199525   0.0000025002
       -0.0000063959  -0.0009953273  -0.0004677144  -0.0007757298
        0.0004651871  -0.0021199569  -0.0002203056  -0.0063821987   0.0060253042
        0.0027354268   0.0045864992  -0.0091790499  -0.0035016960  -0.0041158920
       -0.0106379137  -0.0042965657   0.0012325196   0.0000179004  -0.0009831931
        0.0147840575   0.0354826520   0.0027873225   0.0029192629  -0.0128481096
        0.0059895472  -0.0038374695  -0.0012888711  -0.0026980364  -0.0059867332
        0.0016592114  -0.0008646346   0.0004484565  -0.0006515249   0.0022696508
       -0.0022859974   0.0011476410  -0.0005687827  -0.0023537032  -0.0023667734
       -0.0008713853  -0.0007182510  -0.0019279651   0.0014152996  -0.0006153647
       -0.0006507349   0.0010298766  -0.0005256485   0.0002911618  -0.0012531555
        0.0010172245  -0.0002558864   0.0005118178  -0.0000001496  -0.0003621595
       -0.0004166286   0.0007508713  -0.0008693573  -0.0001626725   0.0004522203
        0.0001759766  -0.0001164716   0.0002769447  -0.0005473121  -0.0004096116
       -0.0000487075  -0.0004089012  -0.0000601673   0.0001497691  -0.0004337030
        0.0000362760  -0.0002128975  -0.0002516285  -0.0003519107
       -0.0008933518  -0.0000183035  -0.0023265915   0.0051458198   0.0027722516
        0.0143717993   0.0183195456  -0.0019740540  -0.0277990779  -0.0143711919
       -0.0054789060  -0.0211149182  -0.0009291519  -0.0008729664  -0.0021018353
       -0.0122294512   0.0027873225   0.0456243472   0.0004428842   0.0041624711
       -0.0058259815  -0.0007628606  -0.0022455526   0.0012807975   0.0015370912
        0.0007235735   0.0008999719   0.0016645021   0.0012319983   0.0087038649
       -0.0047230608   0.0033682556  -0.0043277453  -0.0018502891  -0.0046687211
        0.0006706889   0.0005947084  -0.0000898638   0.0012798387   0.0018041316
        0.0032352313  -0.0009916060   0.0062672659  -0.0023792275  -0.0032117669
       -0.0004366280  -0.0001413375  -0.0002004275   0.0001162271  -0.0005481530
       -0.0004399747   0.0000067396   0.0001570893  -0.0002935822   0.0016473009
        0.0004054938  -0.0018605633  -0.0000602258  -0.0003160782  -0.0006042895
       -0.0000227372   0.0000556657  -0.0003513259  -0.0001260669   0.0001856199
       -0.0006219219  -0.0011412014  -0.0003518090  -0.0007597008
       -0.0006898317  -0.0004445428   0.0005123291   0.0038227149   0.0026635764
       -0.0006340591  -0.0007438974  -0.0024810215   0.0013312518  -0.0006303856
       -0.0026438591   0.0003971914  -0.0000963188  -0.0003364692   0.0004583270
       -0.0101030286   0.0029192629   0.0004428842   0.3303968390  -0.0035801878
        0.1003474693  -0.0869116867  -0.0440494632  -0.0767464756  -0.1875125541
        0.0318722627  -0.0050624133  -0.0159334596   0.0169100862  -0.0096633403
        0.0027864237  -0.0020506444  -0.0009262726   0.0007571511   0.0013901753
       -0.0009110044  -0.0003827046  -0.0002884261  -0.0002680731   0.0018534924
        0.0022208132  -0.0000995314   0.0000321505  -0.0001738950   0.0012329206
       -0.0081547185  -0.0029106883  -0.0056857683   0.0023546216   0.0017142021
        0.0005476352  -0.0285585383  -0.0005840919  -0.0054022379  -0.0011245172
       -0.0001867811   0.0004089229  -0.0003698247  -0.0000014130  -0.0000251964
       -0.0003631734  -0.0000575385  -0.0000082653   0.0001340077   0.0001120015
       -0.0000986836  -0.0005627618  -0.0000133583  -0.0001476104
        0.0007368337   0.0010938132  -0.0003780926   0.0015394101  -0.0013272490
        0.0001628135  -0.0012027532  -0.0009297796   0.0006246777  -0.0011427914
       -0.0015993949  -0.0001062988   0.0000439783  -0.0010817467   0.0004654976
       -0.0080824129  -0.0128481096   0.0041624711  -0.0035801878   0.1563864604
        0.0417533601  -0.0339900333  -0.0699797916  -0.0372004263   0.0301726440
       -0.0516344935   0.0079061311   0.0409834484  -0.0196193131   0.0134485888
        0.0033701800   0.0026934497   0.0020952093  -0.0016717810   0.0013606065
        0.0010139692   0.0002745917   0.0002625370   0.0006049685  -0.0023397014
       -0.0005620641   0.0001887629   0.0020126971  -0.0002973859  -0.0033448946
       -0.0284184702  -0.0073138560  -0.0227376854   0.0052550953   0.0023743463
       -0.0019649962  -0.0053963078   0.0021404742  -0.0069188386   0.0002111649
       -0.0001067942  -0.0000882250   0.0001408254   0.0003009619   0.0002407433
        0.0006498467   0.0002549432   0.0001675233   0.0000047715   0.0002861840
        0.0000611301   0.0004289519   0.0001462017  -0.0001563889
       -0.0004121927   0.0002442492  -0.0001134918   0.0008035395   0.0002996967
       -0.0020186665   0.0014835174   0.0003823527  -0.0005800301   0.0001200760
       -0.0004100238   0.0013683919   0.0001302860  -0.0001359230  -0.0004021134
       -0.0010045063   0.0059895472  -0.0058259815   0.1003474693   0.0417533601
        0.2112820219  -0.0676817450  -0.0404430228  -0.1447352667  -0.0160953565
        0.0100196791  -0.0407088750  -0.0053630356   0.0009922895   0.0000864728
        0.0006019783  -0.0007773514   0.0001880004   0.0001366136   0.0004277448
        0.0000621869  -0.0000181909   0.0000207072   0.0001261782   0.0006381589
        0.0000651946   0.0002897135  -0.0009776133   0.0004081571  -0.0002194957
       -0.0055481364  -0.0087719641  -0.0031896631  -0.0284866237  -0.0079256531
       -0.0247635460   0.0216672086  -0.0020933297   0.0083415419   0.0000306110
        0.0001477143   0.0001360670   0.0002382736   0.0000169919   0.0000651922
       -0.0001207639  -0.0000242376   0.0001512397  -0.0002960745  -0.0000609443
        0.0001839517  -0.0001934935  -0.0001252346   0.0002761718
        0.0003492586   0.0000150441  -0.0001797401  -0.0006792798  -0.0011970174
        0.0001370111  -0.0005570687   0.0004284348   0.0000069362  -0.0003843149
        0.0002893624  -0.0003947950  -0.0000113461   0.0003176928  -0.0002980178
        0.0018328465  -0.0038374695  -0.0007628606  -0.0869116867  -0.0339900333
       -0.0676817450   0.2423384360   0.0273157814  -0.1000095485  -0.0595604645
        0.0623916754   0.0842422105  -0.0037444463   0.0062919087   0.0019217165
       -0.0004516932  -0.0007286512  -0.0003140179   0.0006054852  -0.0002084967
       -0.0000318113   0.0001004036   0.0001722830   0.0001730235   0.0000900313
       -0.0004315595   0.0003213372  -0.0004393180  -0.0002014760  -0.0002608529
       -0.0385893738  -0.0395661002   0.0068421659  -0.0505784934  -0.0253744336
        0.0623521324  -0.0033306449   0.0084404988   0.0134803819   0.0001675401
       -0.0000600244   0.0000257093   0.0000747810  -0.0000647328   0.0000115048
       -0.0000062580   0.0000198963   0.0000676041  -0.0000917396  -0.0000766684
        0.0000783430  -0.0002226543   0.0000540853   0.0002733128
        0.0001651615  -0.0000684138   0.0002058197   0.0002511121  -0.0004055342
       -0.0004214908  -0.0004008133   0.0003633427   0.0005215090  -0.0004534216
        0.0002280135   0.0000964693  -0.0001158376   0.0004355923  -0.0001129500
        0.0003465505  -0.0012888711  -0.0022455526  -0.0440494632  -0.0699797916
       -0.0404430228   0.0273157814   0.5903801997   0.0406407526   0.0756611113
       -0.1369932005  -0.0985211393  -0.0007601841  -0.0165953907  -0.0219407813
        0.0007977804  -0.0053525561   0.0010708140  -0.0004272944  -0.0010490638
       -0.0014200693  -0.0002305801  -0.0000838353  -0.0002334039   0.0002424821
        0.0003083165  -0.0005142408   0.0004707968   0.0009330194  -0.0003962937
       -0.0366746095  -0.2890043635   0.0323209547  -0.0244226832  -0.0758563970
        0.0826918650   0.0023440322   0.0051533876   0.0088002534   0.0000340167
        0.0000006409   0.0001123270  -0.0001796566  -0.0003115883  -0.0000016245
       -0.0001635929  -0.0000286643  -0.0001436610  -0.0000559377   0.0000036993
       -0.0001289532   0.0003052496  -0.0007885415   0.0000624185
       -0.0000033447  -0.0003090539  -0.0000643206  -0.0010241682  -0.0002317089
        0.0008765075  -0.0002236759   0.0003547833   0.0001513792  -0.0003046909
        0.0000688917  -0.0005146949  -0.0001356241   0.0002851174   0.0000438822
        0.0023065135  -0.0026980364   0.0012807975  -0.0767464756  -0.0372004263
       -0.1447352667  -0.1000095485   0.0406407526   0.5933691290   0.1008626277
       -0.1031110680  -0.1540910689  -0.0003047461  -0.0001808470   0.0055729980
       -0.0004707312   0.0005185129  -0.0001451350   0.0000773401  -0.0000247070
       -0.0000954019  -0.0000219884   0.0000452847   0.0001022261  -0.0000356963
       -0.0001655566   0.0001187505   0.0003823876   0.0007273777   0.0003839617
        0.0084587158   0.0282231195  -0.0435422393   0.0680189877   0.0844955236
       -0.2402269018  -0.0003579107  -0.0123659853  -0.0181992750  -0.0000044052
       -0.0000191048  -0.0000390200  -0.0000661557  -0.0000280473   0.0000129911
        0.0000223775  -0.0000187642   0.0000322117   0.0001483768   0.0000699000
       -0.0000429237  -0.0005681654   0.0009240425  -0.0002485866
        0.0000563850  -0.0004786088  -0.0000466229   0.0008480584  -0.0014285715
        0.0003756066  -0.0003090440   0.0003494086   0.0002123179  -0.0000901685
        0.0004817466  -0.0003974681   0.0000646630   0.0005596234  -0.0002616769
       -0.0021383846  -0.0059867332   0.0015370912  -0.1875125541   0.0301726440
       -0.0160953565  -0.0595604645   0.0756611113   0.1008626277   0.4024157700
       -0.0534739183  -0.1988578818  -0.0486290064   0.0075467777   0.0044071981
       -0.0016907005   0.0010194012   0.0024259180   0.0052147269  -0.0012846715
       -0.0011175992  -0.0002692678   0.0004291227   0.0002442182   0.0061029315
       -0.0012302986  -0.0004340634  -0.0005929693   0.0030586575  -0.0023357503
        0.0022051418  -0.0031335143  -0.0007560654  -0.0067792979   0.0033808189
        0.0009910814  -0.1047818248  -0.0562793986   0.1083658713  -0.0016065828
        0.0004010031   0.0000567721   0.0002484712  -0.0001676188  -0.0000354250
       -0.0014058771   0.0001059612   0.0001761680   0.0001051544  -0.0000267696
        0.0000853461  -0.0018951600   0.0003238273   0.0005976930
       -0.0001751949  -0.0002351547   0.0000165577   0.0028145181   0.0002276907
        0.0002432641   0.0000186274  -0.0004831450  -0.0003682101   0.0003375550
       -0.0001540193   0.0002822432   0.0000307006   0.0006730172  -0.0001938156
       -0.0054819886   0.0016592114   0.0007235735   0.0318722627  -0.0516344935
        0.0100196791   0.0623916754  -0.1369932005  -0.1031110680  -0.0534739183
        0.5330028740  -0.0024291553   0.0061080384  -0.2074639164   0.0255236145
        0.0001189966  -0.0310883329  -0.0043029278   0.0001999050   0.0002814296
       -0.0044687232  -0.0004529528  -0.0007698918   0.0006954329   0.0012140687
        0.0011166219   0.0022598495   0.0003596588  -0.0165807163   0.0089713706
        0.0215746612  -0.0157439424  -0.0113909557  -0.0091882809   0.0051969482
        0.0010461288  -0.0567159565  -0.0810019645   0.0761988249  -0.0002518217
        0.0008408850   0.0012797481  -0.0003382666  -0.0009274639   0.0001265477
       -0.0003269577   0.0000470509  -0.0000169386  -0.0001183915  -0.0005605670
       -0.0000570209  -0.0005169382   0.0005910791  -0.0010480195
        0.0000685618  -0.0000463111  -0.0000238947  -0.0006935974   0.0000125550
        0.0014035029  -0.0001966003   0.0001507351  -0.0000971646  -0.0003956123
        0.0000609546  -0.0006134874  -0.0000413675   0.0000512652   0.0001765624
        0.0027173549  -0.0008646346   0.0008999719  -0.0050624133   0.0079061311
       -0.0407088750   0.0842422105  -0.0985211393  -0.1540910689  -0.1988578818
       -0.0024291553   0.4617403238   0.0015469998   0.0283892047  -0.0708027033
       -0.0000517103  -0.0222487957   0.0029925423  -0.0014669328  -0.0037538073
       -0.0029009994   0.0000699036   0.0001055341  -0.0004837710  -0.0015381488
        0.0015851117  -0.0047569287   0.0001307510   0.0258089144  -0.0047775635
       -0.0037998973  -0.0007774692  -0.0017453074   0.0195618735  -0.0118942301
       -0.0125123596   0.1025955973   0.0774608026  -0.1742901687   0.0002459308
       -0.0014033567   0.0004549439  -0.0003078958  -0.0012649147   0.0001092247
        0.0002463071  -0.0000350991  -0.0000036755   0.0002737116   0.0013176092
       -0.0003113522   0.0007128556   0.0003900954   0.0003422481
       -0.0004414234   0.0007480886  -0.0002086696   0.0047495293   0.0001644393
        0.0010247767  -0.0002212069  -0.0007487112  -0.0034179918  -0.0005563836
        0.0005203941   0.0017772909  -0.0001765739  -0.0004989742   0.0001207473
       -0.0009165092   0.0004484565   0.0016645021  -0.0159334596   0.0409834484
       -0.0053630356  -0.0037444463  -0.0007601841  -0.0003047461  -0.0486290064
        0.0061080384   0.0015469998   0.1465845216  -0.0113778757   0.0476803734
       -0.0514257953  -0.0167636317  -0.0301987637   0.0020704581  -0.0109595273
        0.0064190466  -0.0051870107  -0.0004222525  -0.0073316745   0.0002806861
        0.0064945227   0.0001015419  -0.0466609303  -0.0015542536  -0.0087358249
        0.0007626700  -0.0005029879  -0.0005043012  -0.0002120035   0.0001024178
        0.0001739978   0.0026918340  -0.0120819285   0.0026894259   0.0008703202
       -0.0010471662  -0.0023115853   0.0075295279  -0.0002755481  -0.0006742012
        0.0002686939   0.0003501892  -0.0001582213   0.0074016526  -0.0001028314
       -0.0007480397   0.0008948553   0.0011758774  -0.0032416476
        0.0001494646  -0.0004844532   0.0001051603   0.0025558473   0.0012949902
        0.0002715912   0.0008184838  -0.0001389355  -0.0010802911   0.0001861193
        0.0001105317  -0.0000782610  -0.0001866776   0.0003391350  -0.0000524149
       -0.0060311909  -0.0006515249   0.0012319983   0.0169100862  -0.0196193131
        0.0009922895   0.0062919087  -0.0165953907  -0.0001808470   0.0075467777
       -0.2074639164   0.0283892047  -0.0113778757   0.5886822215  -0.0163738487
       -0.0188860683  -0.1566929121  -0.1195760190  -0.0049698998  -0.0452979210
       -0.0145036354  -0.0014707465   0.0044704507  -0.0091617667   0.0003928743
       -0.0199774161   0.0307362772   0.0083207860  -0.1176808705   0.1006604609
        0.0019133168  -0.0004158322  -0.0003395264  -0.0007841257   0.0004062369
        0.0005055438   0.0003154953  -0.0124058812   0.0050660629   0.0009861886
        0.0061023335   0.0066066461  -0.0007998447  -0.0052909271   0.0010483956
       -0.0000521625   0.0007879893  -0.0002068111  -0.0007573794  -0.0055216841
        0.0009970814  -0.0010713775   0.0060430892  -0.0150572907
        0.0000681084  -0.0000119852   0.0000421881  -0.0002958825   0.0008098283
        0.0044862995   0.0017736420  -0.0004948032  -0.0033157734  -0.0014951885
       -0.0008699433  -0.0028837477  -0.0000532379  -0.0002538675   0.0002047359
        0.0011005540   0.0022696508   0.0087038649  -0.0096633403   0.0134485888
        0.0000864728   0.0019217165  -0.0219407813   0.0055729980   0.0044071981
        0.0255236145  -0.0708027033   0.0476803734  -0.0163738487   0.6032104572
       -0.0183644141  -0.0615764627  -0.2100192226   0.0060445286  -0.0643288572
        0.0372314625  -0.0069537337  -0.0093400369  -0.0626275429   0.0012629976
        0.0830613495   0.0117789049  -0.0215838100   0.0396511250  -0.2684677896
        0.0037515383  -0.0018362103  -0.0015357819  -0.0012626182  -0.0005008861
       -0.0000316040  -0.0009306768   0.0193896532  -0.0053493994  -0.0049110515
       -0.0143058941  -0.0234696109  -0.0009749413   0.0012477105   0.0013804253
       -0.0002379654  -0.0002253552  -0.0006054452  -0.0003719360   0.0007302491
        0.0013058866  -0.0009118609   0.0059271621  -0.0248950747
        0.0001854308   0.0003049583  -0.0001695759   0.0025616242   0.0002607556
       -0.0016807900   0.0011202980   0.0002721801  -0.0004375830  -0.0011022566
        0.0004871139   0.0019429898   0.0002525927  -0.0006285112   0.0000865377
       -0.0025005744  -0.0022859974  -0.0047230608   0.0027864237   0.0033701800
        0.0006019783  -0.0004516932   0.0007977804  -0.0004707312  -0.0016907005
        0.0001189966  -0.0000517103  -0.0514257953  -0.0188860683  -0.0183644141
        0.1159734502   0.0275419071   0.0565081846  -0.0487221086  -0.0148181739
       -0.0056012767   0.0027651562   0.0025204073   0.0049189022  -0.0038089101
       -0.0031435879  -0.0005850926   0.0039763812   0.0010025850  -0.0087048569
       -0.0000303329   0.0001465932   0.0001831165   0.0000800516  -0.0000027970
        0.0000264380   0.0001919311   0.0002748960   0.0000744636  -0.0346844131
        0.0070397970  -0.0211329752   0.0008080620  -0.0043753146   0.0001041005
        0.0074542650   0.0000050567  -0.0013936997  -0.0004536604   0.0000479328
       -0.0000359659   0.0067147785  -0.0000506896  -0.0010949790
       -0.0001941782  -0.0002894434   0.0001893620  -0.0017665395   0.0003378006
        0.0002755501  -0.0014136890   0.0003504353   0.0004536089  -0.0008655201
       -0.0002863680  -0.0005429715  -0.0002868576   0.0002453089   0.0000903903
        0.0014198485   0.0011476410   0.0033682556  -0.0020506444   0.0026934497
       -0.0007773514  -0.0007286512  -0.0053525561   0.0005185129   0.0010194012
       -0.0310883329  -0.0222487957  -0.0167636317  -0.1566929121  -0.0615764627
        0.0275419071   0.6231027080  -0.0320895232  -0.0144348623  -0.3087718996
       -0.0061934181   0.0105151610  -0.0193867535   0.0865040868  -0.0040120963
       -0.0541280650  -0.0238455153  -0.0052770240   0.0498968096  -0.0371640311
        0.0012559409  -0.0006089725  -0.0007137447  -0.0001197619   0.0000085140
        0.0000101824   0.0002559865   0.0004837782  -0.0009328591   0.0063805969
       -0.0809166257   0.0893523755  -0.0010671250  -0.0205786296   0.0003578606
       -0.0000422963   0.0000222428   0.0026404251   0.0001627927  -0.0002650113
       -0.0005810263   0.0004712430   0.0000768816   0.0029050888
       -0.0002049248   0.0006314190  -0.0001886550  -0.0034369621  -0.0008417612
       -0.0006192165  -0.0014238653   0.0000492703   0.0019920782  -0.0001136367
        0.0002648295   0.0002486159   0.0000932716  -0.0003606428   0.0000890802
        0.0067653378  -0.0005687827  -0.0043277453  -0.0009262726   0.0020952093
        0.0001880004  -0.0003140179   0.0010708140  -0.0001451350   0.0024259180
       -0.0043029278   0.0029925423  -0.0301987637  -0.1195760190  -0.2100192226
        0.0565081846  -0.0320895232   0.6239538029  -0.0049512575   0.0653036147
       -0.0985613519   0.0039358668   0.0318951360   0.0107057534   0.0001684719
       -0.0240984881  -0.0054740680  -0.0057980244   0.0089047679  -0.0564569324
       -0.0002737269   0.0000678720  -0.0000457706   0.0000892779   0.0001361139
       -0.0004031849  -0.0000690476   0.0010382621   0.0003163254  -0.0195204581
        0.0880648582  -0.2578423981  -0.0010258578  -0.0220203541   0.0021516071
       -0.0011805720   0.0025149791  -0.0046173802   0.0001405002  -0.0004479645
        0.0006429638  -0.0006894414   0.0022693173  -0.0045797093
        0.0002620869   0.0003373823  -0.0001211208   0.0011030139  -0.0000420930
       -0.0007338122   0.0006450711   0.0001701791  -0.0000955520  -0.0004869414
        0.0005554942   0.0008318986   0.0002120812  -0.0003991268   0.0001211986
       -0.0019900106  -0.0023537032  -0.0018502891   0.0007571511  -0.0016717810
        0.0001366136   0.0006054852  -0.0004272944   0.0000773401   0.0052147269
        0.0001999050  -0.0014669328   0.0020704581  -0.0049698998   0.0060445286
       -0.0487221086  -0.0144348623  -0.0049512575   0.1262365103   0.0334736445
        0.0654248389  -0.0524796583   0.0082997578  -0.0243943459   0.0012532989
       -0.0017434473  -0.0067176705  -0.0040098954   0.0032734411  -0.0024968779
        0.0000055703   0.0000551711   0.0000661164  -0.0000127139  -0.0000525095
        0.0000171671  -0.0000838013   0.0005170676  -0.0003408095   0.0010384487
        0.0022279574  -0.0005772247  -0.0398200714  -0.0216947457  -0.0284241596
        0.0009995321  -0.0003810269   0.0008833074   0.0077232272  -0.0009238534
       -0.0014073375  -0.0005214608  -0.0000156566  -0.0000256193
        0.0000786080   0.0002204520  -0.0001888682  -0.0014066936  -0.0000844061
       -0.0011633599   0.0000668839   0.0004026316   0.0008536887   0.0008041157
        0.0000166549   0.0008298953   0.0000652664  -0.0005730659   0.0000377691
        0.0040699074  -0.0023667734  -0.0046687211   0.0013901753   0.0013606065
        0.0004277448  -0.0002084967  -0.0010490638  -0.0000247070  -0.0012846715
        0.0002814296  -0.0037538073  -0.0109595273  -0.0452979210  -0.0643288572
       -0.0148181739  -0.3087718996   0.0653036147   0.0334736445   0.6298197225
        0.0183197893  -0.0003468612  -0.1291257680   0.0380670660   0.0050688183
        0.0584812901   0.0121258191   0.0041910961  -0.0391635595   0.0329702758
        0.0002528764  -0.0000167237   0.0000719097  -0.0000200914   0.0000429382
        0.0001775994   0.0000463110   0.0000604127   0.0001881817   0.0002770196
       -0.0122583098   0.0035951711  -0.0216876100  -0.1374213118  -0.1222648500
        0.0021656149  -0.0130661702   0.0264998879  -0.0010500306  -0.0014108243
       -0.0033541726  -0.0001681810  -0.0000803410   0.0002789307
        0.0000274192   0.0000678843  -0.0000074718  -0.0003140453   0.0001094899
        0.0003239465  -0.0000298539  -0.0000471519   0.0002717335   0.0001259874
       -0.0000464055  -0.0002568243  -0.0000387512  -0.0002160670  -0.0000737640
        0.0001126183  -0.0008713853   0.0006706889  -0.0009110044   0.0010139692
        0.0000621869  -0.0000318113  -0.0014200693  -0.0000954019  -0.0011175992
       -0.0044687232  -0.0029009994   0.0064190466  -0.0145036354   0.0372314625
       -0.0056012767  -0.0061934181  -0.0985613519   0.0654248389   0.0183197893
        0.6448670997  -0.0228101949   0.1158126475  -0.2802350714  -0.0103117580
       -0.0461075802  -0.0645527083  -0.0016535249   0.0335393335  -0.0209969515
        0.0002159776  -0.0000806240  -0.0001125437  -0.0000517358   0.0000292677
       -0.0000003935  -0.0000418418  -0.0001470449  -0.0001643491   0.0003461269
        0.0262463670  -0.0046233530  -0.0287354195  -0.1222303766  -0.2026944757
       -0.0002574207   0.0038594475  -0.0051825700  -0.0010372026  -0.0032452092
       -0.0033890622   0.0002714254   0.0005794948   0.0004201738
        0.0000583734   0.0002599174  -0.0000889188   0.0008166102  -0.0001743214
        0.0000315496   0.0003399875   0.0001550595  -0.0005186579   0.0002648071
        0.0003322906   0.0001833802   0.0000350634  -0.0001549283   0.0000120112
       -0.0021192448  -0.0007182510   0.0005947084  -0.0003827046   0.0002745917
       -0.0000181909   0.0001004036  -0.0002305801  -0.0000219884  -0.0002692678
       -0.0004529528   0.0000699036  -0.0051870107  -0.0014707465  -0.0069537337
        0.0027651562   0.0105151610   0.0039358668  -0.0524796583  -0.0003468612
       -0.0228101949   0.1264987975   0.0273871008   0.0558876494  -0.0525916152
       -0.0145712581  -0.0257191357   0.0012231827  -0.0087024085   0.0020372972
       -0.0000374039  -0.0000238764   0.0000357331  -0.0000482661   0.0000009258
        0.0000366119  -0.0000393453  -0.0000186276   0.0000495703   0.0075650071
       -0.0007962696  -0.0006568504   0.0009856918   0.0011549934  -0.0039206013
       -0.0359175648  -0.0106290165   0.0004680383   0.0009012028  -0.0012595901
       -0.0021018821   0.0075177982  -0.0005303521  -0.0005321660
        0.0001091058  -0.0001048624   0.0000282539  -0.0007631474  -0.0000087367
        0.0000501174  -0.0000491689   0.0003027685   0.0004274268  -0.0000582975
        0.0001027313  -0.0004655339   0.0000239445  -0.0000993921  -0.0000014567
        0.0025683171  -0.0019279651  -0.0000898638  -0.0002884261   0.0002625370
        0.0000207072   0.0001722830  -0.0000838353   0.0000452847   0.0004291227
       -0.0007698918   0.0001055341  -0.0004222525   0.0044704507  -0.0093400369
        0.0025204073  -0.0193867535   0.0318951360   0.0082997578  -0.1291257680
        0.1158126475   0.0273871008   0.6713163395  -0.0039011102  -0.0231773889
       -0.1822605464  -0.1479480629  -0.0037555372  -0.0474125472  -0.0151837823
       -0.0000469803   0.0000578853   0.0000788867  -0.0000985568   0.0000309964
        0.0000907472   0.0000564098   0.0002224020  -0.0001289922  -0.0005176229
       -0.0057506564   0.0012495468  -0.0016533348   0.0062487199  -0.0153202781
       -0.0110333372  -0.2964679446   0.0346335649   0.0007511705   0.0062084530
        0.0072805530  -0.0004535687  -0.0058243842   0.0006607110
       -0.0001248394  -0.0001079565   0.0001000109   0.0001334052   0.0001640475
        0.0004648198   0.0000019836  -0.0001866672  -0.0005754786  -0.0000594467
       -0.0001563820  -0.0002833387  -0.0001352786   0.0000551644  -0.0001391427
        0.0000713595   0.0014152996   0.0012798387  -0.0002680731   0.0006049685
        0.0001261782   0.0001730235  -0.0002334039   0.0001022261   0.0002442182
        0.0006954329  -0.0004837710  -0.0073316745  -0.0091617667  -0.0626275429
        0.0049189022   0.0865040868   0.0107057534  -0.0243943459   0.0380670660
       -0.2802350714   0.0558876494  -0.0039011102   0.6205121130  -0.0228446559
       -0.0697022330  -0.2367012923   0.0005935303  -0.0724973192   0.0406639402
        0.0000482391  -0.0000030503   0.0000731720  -0.0000339799   0.0000017930
        0.0001524036  -0.0000893474   0.0000693754   0.0002027698  -0.0006551608
        0.0008625816   0.0009810416  -0.0019738526   0.0071433455  -0.0233053975
        0.0002980769   0.0346308720  -0.0482190409  -0.0038318032  -0.0154399929
       -0.0238517719  -0.0006279297   0.0011758486   0.0010575807
        0.0001616690   0.0002704631  -0.0000413846   0.0008237163   0.0000246523
        0.0006573207  -0.0003215178   0.0002039648  -0.0006810208   0.0004334788
        0.0001589410  -0.0001100853   0.0001229142  -0.0000614159  -0.0000015027
       -0.0013861890  -0.0006153647   0.0018041316   0.0018534924  -0.0023397014
        0.0006381589   0.0000900313   0.0002424821  -0.0000356963   0.0061029315
        0.0012140687  -0.0015381488   0.0002806861   0.0003928743   0.0012629976
       -0.0038089101  -0.0040120963   0.0001684719   0.0012532989   0.0050688183
       -0.0103117580  -0.0525916152  -0.0231773889  -0.0228446559   0.1246155674
        0.0232244657   0.0551382800  -0.0493521165  -0.0033545916  -0.0035685600
        0.0000051721  -0.0000070822   0.0000168375  -0.0000451421  -0.0000759286
        0.0000367509  -0.0002197417   0.0008784113  -0.0003125068  -0.0006157289
       -0.0000964239   0.0002804970   0.0074383161  -0.0002925010  -0.0013460983
        0.0006178690  -0.0011505272  -0.0011441976  -0.0363084482   0.0066273704
       -0.0182218028   0.0008502664  -0.0031234901   0.0001539717
        0.0001487310  -0.0002227669   0.0001441714  -0.0013455121  -0.0000800195
        0.0008708890  -0.0001046162   0.0000684090   0.0004569273  -0.0001765203
        0.0000009508  -0.0012920852   0.0002152720   0.0001682355  -0.0000342543
        0.0040723926  -0.0006507349   0.0032352313   0.0022208132  -0.0005620641
        0.0000651946  -0.0004315595   0.0003083165  -0.0001655566  -0.0012302986
        0.0011166219   0.0015851117   0.0064945227  -0.0199774161   0.0830613495
       -0.0031435879  -0.0541280650  -0.0240984881  -0.0017434473   0.0584812901
       -0.0461075802  -0.0145712581  -0.1822605464  -0.0697022330   0.0232244657
        0.6165515390  -0.0088133420  -0.0157180468  -0.2981700637  -0.0090786910
       -0.0000896220   0.0000493490  -0.0000109071  -0.0001156201  -0.0001813170
       -0.0001706596   0.0002510695  -0.0006671650   0.0000613814  -0.0003715420
       -0.0003101832   0.0000222611  -0.0003278967   0.0001182725   0.0025344503
       -0.0033709225  -0.0202483721  -0.0222216168   0.0069040744  -0.0800534684
        0.0895279496  -0.0007908911  -0.0193508021   0.0001304966
       -0.0000127821   0.0000803807  -0.0000228265   0.0003413069   0.0000265169
       -0.0000269710  -0.0000719434  -0.0001114540  -0.0000217566  -0.0000378324
        0.0000342678   0.0004431061   0.0000828787   0.0000804332  -0.0002085806
       -0.0013548170   0.0010298766  -0.0009916060  -0.0000995314   0.0001887629
        0.0002897135   0.0003213372  -0.0005142408   0.0001187505  -0.0004340634
        0.0022598495  -0.0047569287   0.0001015419   0.0307362772   0.0117789049
       -0.0005850926  -0.0238455153  -0.0054740680  -0.0067176705   0.0121258191
       -0.0645527083  -0.0257191357  -0.1479480629  -0.2367012923   0.0551382800
       -0.0088133420   0.6632286461  -0.0007226262   0.0642407717  -0.0997069797
       -0.0000036044  -0.0000890780   0.0001055230  -0.0002790671   0.0000834249
        0.0000927213   0.0000401976   0.0009336657  -0.0003117310  -0.0001366673
       -0.0003307678   0.0005933271  -0.0014795991   0.0024267559  -0.0049191052
        0.0002254606   0.0004542077   0.0021307908  -0.0179732434   0.0893908954
       -0.2632143115  -0.0006233268  -0.0224394445   0.0021273822
        0.0002557079   0.0000039613   0.0000014585   0.0021255994   0.0005558050
        0.0012905058  -0.0007960519  -0.0002516107  -0.0013746464   0.0010142658
        0.0003995916  -0.0003722729   0.0003055157  -0.0002208990   0.0000338809
        0.0008192344  -0.0005256485   0.0062672659   0.0000321505   0.0020126971
       -0.0009776133  -0.0004393180   0.0004707968   0.0003823876  -0.0005929693
        0.0003596588   0.0001307510  -0.0466609303   0.0083207860  -0.0215838100
        0.0039763812  -0.0052770240  -0.0057980244  -0.0040098954   0.0041910961
       -0.0016535249   0.0012231827  -0.0037555372   0.0005935303  -0.0493521165
       -0.0157180468  -0.0007226262   0.1133339546   0.0275567646   0.0490470895
        0.0000266351   0.0001356099  -0.0002061135  -0.0001099349   0.0001890526
       -0.0002710323   0.0001592488  -0.0010132394   0.0001250327   0.0061809698
       -0.0008324304  -0.0009373296  -0.0003192642   0.0001936987   0.0002334785
        0.0077026777  -0.0007105340  -0.0012338771   0.0010147843   0.0016466087
       -0.0003355844  -0.0358898274  -0.0177311569  -0.0226389256
       -0.0003244281   0.0000217339  -0.0000390546  -0.0002622898  -0.0000334987
       -0.0000888919  -0.0001571825  -0.0001721777  -0.0003537932  -0.0008477399
        0.0002168193   0.0003672502  -0.0002840897   0.0001736932  -0.0001026766
       -0.0004771580   0.0002911618  -0.0023792275  -0.0001738950  -0.0002973859
        0.0004081571  -0.0002014760   0.0009330194   0.0007273777   0.0030586575
       -0.0165807163   0.0258089144  -0.0015542536  -0.1176808705   0.0396511250
        0.0010025850   0.0498968096   0.0089047679   0.0032734411  -0.0391635595
        0.0335393335  -0.0087024085  -0.0474125472  -0.0724973192  -0.0033545916
       -0.2981700637   0.0642407717   0.0275567646   0.6246205327   0.0238133545
       -0.0000393015   0.0002266670   0.0001914694   0.0004544109  -0.0010301936
        0.0004643068   0.0005424297  -0.0039542582   0.0014593633  -0.0002588862
       -0.0015473195  -0.0036494509   0.0002532189   0.0000272991   0.0007139576
       -0.0008713304  -0.0015113416  -0.0033004737  -0.0004127294  -0.0135207203
        0.0039592446  -0.0182197474  -0.1353330833  -0.1218385061
        0.0003383995  -0.0007459950   0.0001432997   0.0028790186   0.0003489267
       -0.0016628005   0.0001967734   0.0000638615   0.0010073032   0.0014980629
        0.0004468151   0.0014481467   0.0000186202   0.0004404508  -0.0001058434
       -0.0056342026  -0.0012531555  -0.0032117669   0.0012329206  -0.0033448946
       -0.0002194957  -0.0002608529  -0.0003962937   0.0003839617  -0.0023357503
        0.0089713706  -0.0047775635  -0.0087358249   0.1006604609  -0.2684677896
       -0.0087048569  -0.0371640311  -0.0564569324  -0.0024968779   0.0329702758
       -0.0209969515   0.0020372972  -0.0151837823   0.0406639402  -0.0035685600
       -0.0090786910  -0.0997069797   0.0490470895   0.0238133545   0.6260940769
        0.0001943538  -0.0001057633  -0.0002501743   0.0007305448  -0.0005255469
        0.0001474901  -0.0001748154  -0.0000164784  -0.0001775244  -0.0016908956
       -0.0029205184  -0.0028735174   0.0001785730   0.0005145609   0.0003203889
       -0.0013323261  -0.0032311970  -0.0028984426   0.0006036691   0.0266066856
       -0.0052283323  -0.0240203601  -0.1208704152  -0.2031744932
        0.0000104836   0.0001080310   0.0000555381  -0.0000258625   0.0000064919
       -0.0000937729   0.0000429410  -0.0001910521  -0.0000133550   0.0000864713
       -0.0002929470   0.0000790878   0.0000273952   0.0000170827   0.0000311030
       -0.0001346693   0.0010172245  -0.0004366280  -0.0081547185  -0.0284184702
       -0.0055481364  -0.0385893738  -0.0366746095   0.0084587158   0.0022051418
        0.0215746612  -0.0037998973   0.0007626700   0.0019133168   0.0037515383
       -0.0000303329   0.0012559409  -0.0002737269   0.0000055703   0.0002528764
        0.0002159776  -0.0000374039  -0.0000469803   0.0000482391   0.0000051721
       -0.0000896220  -0.0000036044   0.0000266351  -0.0000393015   0.0001943538
        0.0435929574   0.0474672512  -0.0041148051   0.0003211219  -0.0077021944
        0.0023167655  -0.0000227443  -0.0000325615  -0.0007066632  -0.0000532838
       -0.0000145221  -0.0000630734  -0.0000018688   0.0000720726  -0.0000252182
       -0.0000273530  -0.0000296333  -0.0000136048  -0.0000130779  -0.0000227729
       -0.0000063807   0.0000041291  -0.0001302823  -0.0000524526
       -0.0000519509   0.0000168663   0.0000193329  -0.0001108114  -0.0001264754
       -0.0000221996  -0.0001014136   0.0000571526   0.0001788834  -0.0000846718
       -0.0000084031  -0.0001178788  -0.0000548449   0.0000822854  -0.0000211763
        0.0001247172  -0.0002558864  -0.0001413375  -0.0029106883  -0.0073138560
       -0.0087719641  -0.0395661002  -0.2890043635   0.0282231195  -0.0031335143
       -0.0157439424  -0.0007774692  -0.0005029879  -0.0004158322  -0.0018362103
        0.0001465932  -0.0006089725   0.0000678720   0.0000551711  -0.0000167237
       -0.0000806240  -0.0000238764   0.0000578853  -0.0000030503  -0.0000070822
        0.0000493490  -0.0000890780   0.0001356099   0.0002266670  -0.0001057633
        0.0474672512   0.3237112912  -0.0209658644  -0.0013230384  -0.0110602972
        0.0037878227   0.0001178784   0.0004063447   0.0005939090  -0.0000165115
       -0.0000056362   0.0000985344  -0.0000301002  -0.0000274095   0.0000217962
       -0.0000125367   0.0000000632   0.0000210914  -0.0000000783   0.0000430918
       -0.0000095944  -0.0001170139  -0.0000631985  -0.0000701513
        0.0000446902  -0.0000050903  -0.0000370101   0.0001957371   0.0000917799
       -0.0002253585   0.0001467929   0.0002148671  -0.0000033031  -0.0000331742
       -0.0002065814   0.0003231854   0.0000127547  -0.0000497172   0.0001095938
       -0.0002788617   0.0005118178  -0.0002004275  -0.0056857683  -0.0227376854
       -0.0031896631   0.0068421659   0.0323209547  -0.0435422393  -0.0007560654
       -0.0113909557  -0.0017453074  -0.0005043012  -0.0003395264  -0.0015357819
        0.0001831165  -0.0007137447  -0.0000457706   0.0000661164   0.0000719097
       -0.0001125437   0.0000357331   0.0000788867   0.0000731720   0.0000168375
       -0.0000109071   0.0001055230  -0.0002061135   0.0001914694  -0.0002501743
       -0.0041148051  -0.0209658644   0.0526216501   0.0036317053   0.0237348925
       -0.0028359906   0.0003028141  -0.0007683044   0.0001694941  -0.0000164877
        0.0000375547   0.0000978966  -0.0000190304   0.0000041167  -0.0000157589
       -0.0000138140   0.0000106861  -0.0000220533  -0.0000137049  -0.0000211161
       -0.0000044510   0.0001636627  -0.0000594421   0.0002653183
        0.0000941175   0.0001021731   0.0001692742  -0.0000809851  -0.0001705701
       -0.0003075044   0.0001610962   0.0004115082   0.0000290672   0.0000163592
       -0.0001172214  -0.0000931421   0.0000763879   0.0001000270   0.0000888405
        0.0004944382  -0.0000001496   0.0001162271   0.0023546216   0.0052550953
       -0.0284866237  -0.0505784934  -0.0244226832   0.0680189877  -0.0067792979
       -0.0091882809   0.0195618735  -0.0002120035  -0.0007841257  -0.0012626182
        0.0000800516  -0.0001197619   0.0000892779  -0.0000127139  -0.0000200914
       -0.0000517358  -0.0000482661  -0.0000985568  -0.0000339799  -0.0000451421
       -0.0001156201  -0.0002790671  -0.0001099349   0.0004544109   0.0007305448
        0.0003211219  -0.0013230384   0.0036317053   0.0540508401   0.0265506617
       -0.0644262080   0.0007904214   0.0024473565   0.0033404455  -0.0000691974
       -0.0000904688  -0.0000688491  -0.0000246303  -0.0000426028  -0.0000167904
       -0.0000371320  -0.0000454964  -0.0000484507  -0.0000132007  -0.0000118734
       -0.0000296778  -0.0004284582   0.0012293082  -0.0006715963
       -0.0000845583  -0.0000499765   0.0000642619   0.0004674474   0.0002030672
       -0.0001966439   0.0002320376  -0.0000791204   0.0000096290  -0.0000862226
        0.0001099612   0.0002210855  -0.0000166952  -0.0000273921   0.0000141288
       -0.0002655737  -0.0003621595  -0.0005481530   0.0017142021   0.0023743463
       -0.0079256531  -0.0253744336  -0.0758563970   0.0844955236   0.0033808189
        0.0051969482  -0.0118942301   0.0001024178   0.0004062369  -0.0005008861
       -0.0000027970   0.0000085140   0.0001361139  -0.0000525095   0.0000429382
        0.0000292677   0.0000009258   0.0000309964   0.0000017930  -0.0000759286
       -0.0001813170   0.0000834249   0.0001890526  -0.0010301936  -0.0005255469
       -0.0077021944  -0.0110602972   0.0237348925   0.0265506617   0.0824604201
       -0.0861901605  -0.0003242748  -0.0011722634  -0.0019073393   0.0000083242
        0.0000549335   0.0001255486  -0.0000065827   0.0000249471   0.0000098126
        0.0000201619   0.0000282196   0.0000207695   0.0000210339  -0.0000179227
        0.0000233668   0.0013046864  -0.0011044896   0.0007189948
       -0.0000711206  -0.0001535179   0.0001120257   0.0002954249  -0.0003800846
       -0.0004647618  -0.0001803435   0.0003928006   0.0004165356  -0.0004009013
       -0.0002312855   0.0001189454  -0.0000129474   0.0003404206  -0.0000057942
       -0.0000985318  -0.0004166286  -0.0004399747   0.0005476352  -0.0019649962
       -0.0247635460   0.0623521324   0.0826918650  -0.2402269018   0.0009910814
        0.0010461288  -0.0125123596   0.0001739978   0.0005055438  -0.0000316040
        0.0000264380   0.0000101824  -0.0004031849   0.0000171671   0.0001775994
       -0.0000003935   0.0000366119   0.0000907472   0.0001524036   0.0000367509
       -0.0001706596   0.0000927213  -0.0002710323   0.0004643068   0.0001474901
        0.0023167655   0.0037878227  -0.0028359906  -0.0644262080  -0.0861901605
        0.2801176210  -0.0010969354  -0.0005059985  -0.0002664886  -0.0000149698
        0.0001129612   0.0001335421  -0.0000006500   0.0000679543  -0.0000273408
       -0.0000030075   0.0000154131  -0.0000126912  -0.0000159521   0.0000790960
       -0.0000222262  -0.0002014053   0.0002304893   0.0007219732
       -0.0001382645  -0.0001041704  -0.0000508032   0.0004973346   0.0001825876
        0.0000448021  -0.0000729212  -0.0002772741   0.0001058088  -0.0000966883
       -0.0002754209   0.0000133740  -0.0000297992   0.0001187225  -0.0000965284
       -0.0007648303   0.0007508713   0.0000067396  -0.0285585383  -0.0053963078
        0.0216672086  -0.0033306449   0.0023440322  -0.0003579107  -0.1047818248
       -0.0567159565   0.1025955973   0.0026918340   0.0003154953  -0.0009306768
        0.0001919311   0.0002559865  -0.0000690476  -0.0000838013   0.0000463110
       -0.0000418418  -0.0000393453   0.0000564098  -0.0000893474  -0.0002197417
        0.0002510695   0.0000401976   0.0001592488   0.0005424297  -0.0001748154
       -0.0000227443   0.0001178784   0.0003028141   0.0007904214  -0.0003242748
       -0.0010969354   0.1338149211   0.0584022060  -0.1216967143   0.0000550637
       -0.0003206797  -0.0002196153  -0.0000111861   0.0000423471   0.0000060103
        0.0000012283  -0.0000094686  -0.0000079013  -0.0000570906   0.0000341563
       -0.0000009543   0.0000054380  -0.0000369505   0.0000505393
        0.0000018016  -0.0000298836  -0.0000255421   0.0001113764  -0.0002690442
        0.0001317883  -0.0000502484   0.0002950434   0.0000093416  -0.0000575229
        0.0001080467  -0.0001355048  -0.0000387205   0.0000885835  -0.0000358411
       -0.0002810287  -0.0008693573   0.0001570893  -0.0005840919   0.0021404742
       -0.0020933297   0.0084404988   0.0051533876  -0.0123659853  -0.0562793986
       -0.0810019645   0.0774608026  -0.0120819285  -0.0124058812   0.0193896532
        0.0002748960   0.0004837782   0.0010382621   0.0005170676   0.0000604127
       -0.0001470449  -0.0000186276   0.0002224020   0.0000693754   0.0008784113
       -0.0006671650   0.0009336657  -0.0010132394  -0.0039542582  -0.0000164784
       -0.0000325615   0.0004063447  -0.0007683044   0.0024473565  -0.0011722634
       -0.0005059985   0.0584022060   0.0917777849  -0.0822366895  -0.0003996360
       -0.0002546937  -0.0005006737   0.0000410226   0.0000779583  -0.0000301510
       -0.0001370990   0.0000760031  -0.0000620551   0.0000521008  -0.0002915143
       -0.0000108879  -0.0001926345   0.0000258060  -0.0002554918
        0.0000988807   0.0001488330  -0.0001034438  -0.0003020410  -0.0000512116
       -0.0001564949   0.0002928291   0.0001993718  -0.0000147988   0.0001238438
        0.0000042575   0.0003553512   0.0000876262  -0.0001004646   0.0000209932
       -0.0003452331  -0.0001626725  -0.0002935822  -0.0054022379  -0.0069188386
        0.0083415419   0.0134803819   0.0088002534  -0.0181992750   0.1083658713
        0.0761988249  -0.1742901687   0.0026894259   0.0050660629  -0.0053493994
        0.0000744636  -0.0009328591   0.0003163254  -0.0003408095   0.0001881817
       -0.0001643491   0.0000495703  -0.0001289922   0.0002027698  -0.0003125068
        0.0000613814  -0.0003117310   0.0001250327   0.0014593633  -0.0001775244
       -0.0007066632   0.0005939090   0.0001694941   0.0033404455  -0.0019073393
       -0.0002664886  -0.1216967143  -0.0822366895   0.1897566098   0.0001901606
       -0.0001871337   0.0000713674  -0.0000015641  -0.0000437047  -0.0000073019
        0.0000922262  -0.0000229050  -0.0000337829  -0.0000227553   0.0000246720
        0.0000090707   0.0001197674  -0.0000523000   0.0001248172
       -0.0000285401  -0.0000416492  -0.0000803439  -0.0000125568  -0.0000295587
        0.0007056618   0.0002690822  -0.0000809745  -0.0002226156  -0.0000594361
       -0.0000652053  -0.0003042428   0.0000374815   0.0000766948  -0.0000796558
       -0.0008634582   0.0004522203   0.0016473009  -0.0011245172   0.0002111649
        0.0000306110   0.0001675401   0.0000340167  -0.0000044052  -0.0016065828
       -0.0002518217   0.0002459308   0.0008703202   0.0009861886  -0.0049110515
       -0.0346844131   0.0063805969  -0.0195204581   0.0010384487   0.0002770196
        0.0003461269   0.0075650071  -0.0005176229  -0.0006551608  -0.0006157289
       -0.0003715420  -0.0001366673   0.0061809698  -0.0002588862  -0.0016908956
       -0.0000532838  -0.0000165115  -0.0000164877  -0.0000691974   0.0000083242
       -0.0000149698   0.0000550637  -0.0003996360   0.0001901606   0.0267997426
       -0.0066229126   0.0239630175  -0.0023747790   0.0000497879   0.0004781055
       -0.0001022601  -0.0000440364   0.0000395945  -0.0016144713   0.0000852751
        0.0001888246   0.0002255686   0.0001390678  -0.0001983801
        0.0000135727  -0.0000047575  -0.0001313084   0.0001295479   0.0001751110
        0.0004142433  -0.0000211697   0.0001064985  -0.0003293416   0.0000474420
       -0.0002219324  -0.0001666674  -0.0000136887  -0.0000946428   0.0000049822
       -0.0003877065   0.0001759766   0.0004054938  -0.0001867811  -0.0001067942
        0.0001477143  -0.0000600244   0.0000006409  -0.0000191048   0.0004010031
        0.0008408850  -0.0014033567  -0.0010471662   0.0061023335  -0.0143058941
        0.0070397970  -0.0809166257   0.0880648582   0.0022279574  -0.0122583098
        0.0262463670  -0.0007962696  -0.0057506564   0.0008625816  -0.0000964239
       -0.0003101832  -0.0003307678  -0.0008324304  -0.0015473195  -0.0029205184
       -0.0000145221  -0.0000056362   0.0000375547  -0.0000904688   0.0000549335
        0.0001129612  -0.0003206797  -0.0002546937  -0.0001871337  -0.0066229126
        0.0937615474  -0.0977119335   0.0003326682   0.0004976441   0.0008249982
        0.0001249241  -0.0005207618   0.0013469027   0.0001229036   0.0000373460
       -0.0000472764   0.0000504278   0.0002393969  -0.0009153546
        0.0000632666  -0.0002428616   0.0000940984  -0.0009144526  -0.0000212075
       -0.0011226274  -0.0000743093   0.0001435976   0.0012692803  -0.0000613701
       -0.0000664545   0.0002285992   0.0000544473   0.0001625564  -0.0000044724
        0.0017970017  -0.0001164716  -0.0018605633   0.0004089229  -0.0000882250
        0.0001360670   0.0000257093   0.0001123270  -0.0000390200   0.0000567721
        0.0012797481   0.0004549439  -0.0023115853   0.0066066461  -0.0234696109
       -0.0211329752   0.0893523755  -0.2578423981  -0.0005772247   0.0035951711
       -0.0046233530  -0.0006568504   0.0012495468   0.0009810416   0.0002804970
        0.0000222611   0.0005933271  -0.0009373296  -0.0036494509  -0.0028735174
       -0.0000630734   0.0000985344   0.0000978966  -0.0000688491   0.0001255486
        0.0001335421  -0.0002196153  -0.0005006737   0.0000713674   0.0239630175
       -0.0977119335   0.2879055783   0.0003388505  -0.0007512632   0.0009031008
       -0.0000475698  -0.0000651776  -0.0001987510   0.0001803106  -0.0000469673
        0.0001590736  -0.0001035909   0.0005123738  -0.0009936028
       -0.0000017963  -0.0000884719  -0.0000204607  -0.0002417602   0.0001087692
        0.0001569447   0.0001106004   0.0001136149   0.0002129139  -0.0000615975
       -0.0000369472   0.0000018787   0.0000303150   0.0000622102  -0.0000808802
        0.0001324098   0.0002769447  -0.0000602258  -0.0003698247   0.0001408254
        0.0002382736   0.0000747810  -0.0001796566  -0.0000661557   0.0002484712
       -0.0003382666  -0.0003078958   0.0075295279  -0.0007998447  -0.0009749413
        0.0008080620  -0.0010671250  -0.0010258578  -0.0398200714  -0.0216876100
       -0.0287354195   0.0009856918  -0.0016533348  -0.0019738526   0.0074383161
       -0.0003278967  -0.0014795991  -0.0003192642   0.0002532189   0.0001785730
       -0.0000018688  -0.0000301002  -0.0000190304  -0.0000246303  -0.0000065827
       -0.0000006500  -0.0000111861   0.0000410226  -0.0000015641  -0.0023747790
        0.0003326682   0.0003388505   0.0300083690   0.0248231911   0.0331264313
       -0.0022437992   0.0000681129   0.0004069503  -0.0002380951  -0.0001080863
       -0.0000932476  -0.0016578715   0.0001033446   0.0001789645
        0.0000488122  -0.0000096585  -0.0000021436  -0.0001772783  -0.0001379248
       -0.0002898719   0.0001122922   0.0002238446   0.0001507576  -0.0000070569
        0.0001062408   0.0002046543  -0.0000030725  -0.0000143691   0.0001037692
        0.0000732443  -0.0005473121  -0.0003160782  -0.0000014130   0.0003009619
        0.0000169919  -0.0000647328  -0.0003115883  -0.0000280473  -0.0001676188
       -0.0009274639  -0.0012649147  -0.0002755481  -0.0052909271   0.0012477105
       -0.0043753146  -0.0205786296  -0.0220203541  -0.0216947457  -0.1374213118
       -0.1222303766   0.0011549934   0.0062487199   0.0071433455  -0.0002925010
        0.0001182725   0.0024267559   0.0001936987   0.0000272991   0.0005145609
        0.0000720726  -0.0000274095   0.0000041167  -0.0000426028   0.0000249471
        0.0000679543   0.0000423471   0.0000779583  -0.0000437047   0.0000497879
        0.0004976441  -0.0007512632   0.0248231911   0.1565070008   0.1335769674
        0.0003402183   0.0007973754   0.0009237290   0.0000526061   0.0002773728
        0.0005258193   0.0001386207   0.0000589572   0.0000396219
       -0.0000276187   0.0001815943   0.0000299255  -0.0000510534  -0.0003453670
       -0.0003199443   0.0001790056  -0.0001225216   0.0001543954   0.0000346815
        0.0003706744   0.0002765721   0.0000070772  -0.0000054686   0.0000061165
       -0.0000457658  -0.0004096116  -0.0006042895  -0.0000251964   0.0002407433
        0.0000651922   0.0000115048  -0.0000016245   0.0000129911  -0.0000354250
        0.0001265477   0.0001092247  -0.0006742012   0.0010483956   0.0013804253
        0.0001041005   0.0003578606   0.0021516071  -0.0284241596  -0.1222648500
       -0.2026944757  -0.0039206013  -0.0153202781  -0.0233053975  -0.0013460983
        0.0025344503  -0.0049191052   0.0002334785   0.0007139576   0.0003203889
       -0.0000252182   0.0000217962  -0.0000157589  -0.0000167904   0.0000098126
       -0.0000273408   0.0000060103  -0.0000301510  -0.0000073019   0.0004781055
        0.0008249982   0.0009031008   0.0331264313   0.1335769674   0.2268064089
        0.0002870384  -0.0007064041   0.0005454580  -0.0000849890  -0.0008613043
       -0.0010107831   0.0002096838   0.0000597825   0.0001425903
        0.0000251159  -0.0000680680   0.0000212482  -0.0002296567   0.0000798741
       -0.0000081977   0.0000512383   0.0001464644   0.0000760439   0.0000262888
        0.0001054443  -0.0000785283   0.0000471241   0.0000662236  -0.0000268669
       -0.0000408431  -0.0000487075  -0.0000227372  -0.0003631734   0.0006498467
       -0.0001207639  -0.0000062580  -0.0001635929   0.0000223775  -0.0014058771
       -0.0003269577   0.0002463071   0.0002686939  -0.0000521625  -0.0002379654
        0.0074542650  -0.0000422963  -0.0011805720   0.0009995321   0.0021656149
       -0.0002574207  -0.0359175648  -0.0110333372   0.0002980769   0.0006178690
       -0.0033709225   0.0002254606   0.0077026777  -0.0008713304  -0.0013323261
       -0.0000273530  -0.0000125367  -0.0000138140  -0.0000371320   0.0000201619
       -0.0000030075   0.0000012283  -0.0001370990   0.0000922262  -0.0001022601
        0.0001249241  -0.0000475698  -0.0022437992   0.0003402183   0.0002870384
        0.0256107047   0.0124938037   0.0016479659  -0.0023549813   0.0001009487
        0.0003612240  -0.0000758391  -0.0001665140   0.0000518010
       -0.0000230488   0.0001026232  -0.0000156655   0.0000956787  -0.0003799734
        0.0000902727   0.0000548904   0.0001130449  -0.0000921702   0.0000379527
        0.0002231543   0.0000198355  -0.0000470366   0.0000913439  -0.0000244759
       -0.0003330366  -0.0004089012   0.0000556657  -0.0000575385   0.0002549432
       -0.0000242376   0.0000198963  -0.0000286643  -0.0000187642   0.0001059612
        0.0000470509  -0.0000350991   0.0003501892   0.0007879893  -0.0002253552
        0.0000050567   0.0000222428   0.0025149791  -0.0003810269  -0.0130661702
        0.0038594475  -0.0106290165  -0.2964679446   0.0346308720  -0.0011505272
       -0.0202483721   0.0004542077  -0.0007105340  -0.0015113416  -0.0032311970
       -0.0000296333   0.0000000632   0.0000106861  -0.0000454964   0.0000282196
        0.0000154131  -0.0000094686   0.0000760031  -0.0000229050  -0.0000440364
       -0.0005207618  -0.0000651776   0.0000681129   0.0007973754  -0.0007064041
        0.0124938037   0.3301832153  -0.0380368495   0.0002175472   0.0007311090
        0.0006315209   0.0000113108  -0.0008262490   0.0002154006
       -0.0000169939   0.0000549807   0.0000543712   0.0000308634   0.0000097126
       -0.0000168663   0.0000569614  -0.0001748547   0.0000966170  -0.0000613314
        0.0001362142   0.0000812099  -0.0000004733  -0.0000542904  -0.0001012991
        0.0000358239  -0.0000601673  -0.0003513259  -0.0000082653   0.0001675233
        0.0001512397   0.0000676041  -0.0001436610   0.0000322117   0.0001761680
       -0.0000169386  -0.0000036755  -0.0001582213  -0.0002068111  -0.0006054452
       -0.0013936997   0.0026404251  -0.0046173802   0.0008833074   0.0264998879
       -0.0051825700   0.0004680383   0.0346335649  -0.0482190409  -0.0011441976
       -0.0222216168   0.0021307908  -0.0012338771  -0.0033004737  -0.0028984426
       -0.0000136048   0.0000210914  -0.0000220533  -0.0000484507   0.0000207695
       -0.0000126912  -0.0000079013  -0.0000620551  -0.0000337829   0.0000395945
        0.0013469027  -0.0001987510   0.0004069503   0.0009237290   0.0005454580
        0.0016479659  -0.0380368495   0.0584448465   0.0002638628  -0.0010105777
        0.0006420262   0.0000098765  -0.0011665053   0.0000845529
        0.0000323661  -0.0001128357   0.0000697304  -0.0002051644   0.0000949964
       -0.0002301494  -0.0000578776   0.0000232763   0.0000552044   0.0000718039
        0.0000780297  -0.0001647966   0.0000048350   0.0000526684   0.0000488245
        0.0000199525   0.0001497691  -0.0001260669   0.0001340077   0.0000047715
       -0.0002960745  -0.0000917396  -0.0000559377   0.0001483768   0.0001051544
       -0.0001183915   0.0002737116   0.0074016526  -0.0007573794  -0.0003719360
       -0.0004536604   0.0001627927   0.0001405002   0.0077232272  -0.0010500306
       -0.0010372026   0.0009012028   0.0007511705  -0.0038318032  -0.0363084482
        0.0069040744  -0.0179732434   0.0010147843  -0.0004127294   0.0006036691
       -0.0000130779  -0.0000000783  -0.0000137049  -0.0000132007   0.0000210339
       -0.0000159521  -0.0000570906   0.0000521008  -0.0000227553  -0.0016144713
        0.0001229036   0.0001803106  -0.0002380951   0.0000526061  -0.0000849890
       -0.0023549813   0.0002175472   0.0002638628   0.0263433224  -0.0062831319
        0.0220717801  -0.0023445017   0.0001027740   0.0003127033
        0.0000364573   0.0000063353   0.0000313573  -0.0000716143  -0.0000530706
        0.0002293188  -0.0000144937   0.0000039329  -0.0001050310   0.0000371176
        0.0002179743  -0.0001726730  -0.0000136109  -0.0000241533  -0.0000712054
        0.0000025002  -0.0004337030   0.0001856199   0.0001120015   0.0002861840
       -0.0000609443  -0.0000766684   0.0000036993   0.0000699000  -0.0000267696
       -0.0005605670   0.0013176092  -0.0001028314  -0.0055216841   0.0007302491
        0.0000479328  -0.0002650113  -0.0004479645  -0.0009238534  -0.0014108243
       -0.0032452092  -0.0012595901   0.0062084530  -0.0154399929   0.0066273704
       -0.0800534684   0.0893908954   0.0016466087  -0.0135207203   0.0266066856
       -0.0000227729   0.0000430918  -0.0000211161  -0.0000118734  -0.0000179227
        0.0000790960   0.0000341563  -0.0002915143   0.0000246720   0.0000852751
        0.0000373460  -0.0000469673  -0.0001080863   0.0002773728  -0.0008613043
        0.0001009487   0.0007311090  -0.0010105777  -0.0062831319   0.0937911573
       -0.0980576354   0.0001849279   0.0005459834   0.0008752180
        0.0000016263  -0.0000167993   0.0000619708   0.0001182590   0.0001317536
       -0.0004092380   0.0000562476  -0.0001674820   0.0003034998  -0.0001620293
        0.0001364371   0.0002724896  -0.0000018975  -0.0000898395   0.0000319266
       -0.0000063959   0.0000362760  -0.0006219219  -0.0000986836   0.0000611301
        0.0001839517   0.0000783430  -0.0001289532  -0.0000429237   0.0000853461
       -0.0000570209  -0.0003113522  -0.0007480397   0.0009970814   0.0013058866
       -0.0000359659  -0.0005810263   0.0006429638  -0.0014073375  -0.0033541726
       -0.0033890622  -0.0021018821   0.0072805530  -0.0238517719  -0.0182218028
        0.0895279496  -0.2632143115  -0.0003355844   0.0039592446  -0.0052283323
       -0.0000063807  -0.0000095944  -0.0000044510  -0.0000296778   0.0000233668
       -0.0000222262  -0.0000009543  -0.0000108879   0.0000090707   0.0001888246
       -0.0000472764   0.0001590736  -0.0000932476   0.0005258193  -0.0010107831
        0.0003612240   0.0006315209   0.0006420262   0.0220717801  -0.0980576354
        0.2935602475   0.0002882284  -0.0007904445   0.0009332671
        0.0000073762   0.0000002331   0.0000829639  -0.0000090586  -0.0002281292
       -0.0006691559   0.0000220793   0.0000611384   0.0002728808   0.0002893907
        0.0000956002   0.0003110428   0.0000193074   0.0000124241   0.0000650369
       -0.0009953273  -0.0002128975  -0.0011412014  -0.0005627618   0.0004289519
       -0.0001934935  -0.0002226543   0.0003052496  -0.0005681654  -0.0018951600
       -0.0005169382   0.0007128556   0.0008948553  -0.0010713775  -0.0009118609
        0.0067147785   0.0004712430  -0.0006894414  -0.0005214608  -0.0001681810
        0.0002714254   0.0075177982  -0.0004535687  -0.0006279297   0.0008502664
       -0.0007908911  -0.0006233268  -0.0358898274  -0.0182197474  -0.0240203601
        0.0000041291  -0.0001170139   0.0001636627  -0.0004284582   0.0013046864
       -0.0002014053   0.0000054380  -0.0001926345   0.0001197674   0.0002255686
        0.0000504278  -0.0001035909  -0.0016578715   0.0001386207   0.0002096838
       -0.0000758391   0.0000113108   0.0000098765  -0.0023445017   0.0001849279
        0.0002882284   0.0280519328   0.0189065650   0.0272425074
        0.0000000562   0.0000355078   0.0000834225   0.0003495098  -0.0000898776
       -0.0003887763   0.0000089842  -0.0000623095   0.0001654660  -0.0000848165
        0.0002802712   0.0002436780  -0.0000424186  -0.0000787801   0.0000498651
       -0.0004677144  -0.0002516285  -0.0003518090  -0.0000133583   0.0001462017
       -0.0001252346   0.0000540853  -0.0007885415   0.0009240425   0.0003238273
        0.0005910791   0.0003900954   0.0011758774   0.0060430892   0.0059271621
       -0.0000506896   0.0000768816   0.0022693173  -0.0000156566  -0.0000803410
        0.0005794948  -0.0005303521  -0.0058243842   0.0011758486  -0.0031234901
       -0.0193508021  -0.0224394445  -0.0177311569  -0.1353330833  -0.1208704152
       -0.0001302823  -0.0000631985  -0.0000594421   0.0012293082  -0.0011044896
        0.0002304893  -0.0000369505   0.0000258060  -0.0000523000   0.0001390678
        0.0002393969   0.0005123738   0.0001033446   0.0000589572   0.0000597825
       -0.0001665140  -0.0008262490  -0.0011665053   0.0001027740   0.0005459834
       -0.0007904445   0.0189065650   0.1558105110   0.1336333336
       -0.0000562318   0.0001535041  -0.0000491264   0.0006618059  -0.0002903705
       -0.0006565551   0.0000419885   0.0001616606   0.0001477682  -0.0000907829
        0.0001676937   0.0007292058  -0.0000391657  -0.0000195887   0.0000280689
       -0.0007757298  -0.0003519107  -0.0007597008  -0.0001476104  -0.0001563889
        0.0002761718   0.0002733128   0.0000624185  -0.0002485866   0.0005976930
       -0.0010480195   0.0003422481  -0.0032416476  -0.0150572907  -0.0248950747
       -0.0010949790   0.0029050888  -0.0045797093  -0.0000256193   0.0002789307
        0.0004201738  -0.0005321660   0.0006607110   0.0010575807   0.0001539717
        0.0001304966   0.0021273822  -0.0226389256  -0.1218385061  -0.2031744932
       -0.0000524526  -0.0000701513   0.0002653183  -0.0006715963   0.0007189948
        0.0007219732   0.0000505393  -0.0002554918   0.0001248172  -0.0001983801
       -0.0009153546  -0.0009936028   0.0001789645   0.0000396219   0.0001425903
        0.0000518010   0.0002154006   0.0000845529   0.0003127033   0.0008752180
        0.0009332671   0.0272425074   0.1336333336   0.2279557302
