$hessian                                                                        
        0.0429162662  -0.0188575222   0.0100995396  -0.0375760509   0.0200055989
       -0.0086656385  -0.0009065286   0.0013906167   0.0003441611  -0.0010983776
       -0.0003140237  -0.0010874146  -0.0002366198   0.0002541217  -0.0002520594
       -0.0006294221  -0.0001863316  -0.0008997443  -0.0000307748  -0.0003466496
        0.0001300637  -0.0006807460  -0.0008651196   0.0001932232  -0.0002643536
       -0.0001973197  -0.0004726746   0.0000723466   0.0001729948  -0.0002016096
        0.0001870355  -0.0001507762  -0.0000583659  -0.0002168842   0.0002308575
        0.0002673806  -0.0000990060  -0.0000544739   0.0001564963  -0.0000276924
       -0.0002857371   0.0000055106   0.0000609021  -0.0001400026   0.0002057884
       -0.0018172148  -0.0006327139   0.0001881498   0.0000876130  -0.0000251684
        0.0000365158   0.0000224227   0.0000623285  -0.0000497963   0.0000955983
       -0.0000466504  -0.0000440838   0.0001414864  -0.0000140292   0.0001045575
       -0.0188575222   0.0119361966  -0.0039627967   0.0186075708  -0.0121459274
        0.0036699796   0.0010949740  -0.0006743683  -0.0001374889   0.0005149618
        0.0008839937   0.0003093992  -0.0004909174  -0.0003196365   0.0001448700
       -0.0003888598  -0.0000316484  -0.0000527032   0.0001064828   0.0002937364
        0.0000941788   0.0007066536  -0.0003617177  -0.0001119701  -0.0000077954
        0.0000912673   0.0000719676   0.0000239118   0.0000626499   0.0001297350
       -0.0000911923   0.0000773586  -0.0000294836  -0.0000125819   0.0000739587
       -0.0000158909   0.0000733487   0.0001512599  -0.0000797125   0.0001781149
        0.0000669972   0.0000827718  -0.0001297223   0.0000425154  -0.0001452719
       -0.0009983677  -0.0000713079   0.0001034372   0.0000027891  -0.0001134261
       -0.0000544012  -0.0001061607  -0.0000164870   0.0000551353  -0.0000911662
        0.0000216126   0.0000164469  -0.0001345214   0.0000329730  -0.0000882024
        0.0100995396  -0.0039627967   0.0049813339  -0.0071775231   0.0032971353
       -0.0042574372  -0.0001780870   0.0003154405   0.0003730497  -0.0027345984
       -0.0001886214  -0.0005856136  -0.0002112279   0.0005424265  -0.0000047900
        0.0000387357   0.0002044366  -0.0006414878   0.0000206392   0.0000284210
       -0.0000555390  -0.0001780549   0.0001705702   0.0000661192  -0.0001371661
        0.0000000505  -0.0001128204   0.0000274941  -0.0000475082   0.0000374867
        0.0000341966  -0.0000358866   0.0000770593   0.0000951132  -0.0000699165
        0.0000207854   0.0000441184   0.0000178320   0.0001202943   0.0002325294
       -0.0000009382  -0.0001839745  -0.0001421647  -0.0001018740   0.0000213586
        0.0000803320  -0.0001185903  -0.0000781753  -0.0000345819  -0.0000345635
        0.0000641047   0.0000641963   0.0000108931   0.0000137153   0.0000502237
       -0.0000024053   0.0000808641   0.0000062859  -0.0000241049   0.0000636668
       -0.0375760509   0.0186075708  -0.0071775231   0.0662493569  -0.0425850222
        0.0092945432  -0.0220170909   0.0252042859   0.0038484571  -0.0068078600
       -0.0008449208  -0.0047118606   0.0004154078   0.0006419128   0.0015918371
        0.0007359452  -0.0016455401  -0.0027730593  -0.0016439220   0.0008726837
       -0.0024402311   0.0039701185  -0.0000530244   0.0003783551  -0.0005059193
        0.0003031529   0.0020419138  -0.0001726172  -0.0000073984   0.0006998354
       -0.0006842407   0.0002068571   0.0000852158  -0.0008195950   0.0001904215
       -0.0003359086   0.0000667555   0.0003351108   0.0000446049   0.0004359026
        0.0006991823   0.0002276928  -0.0006685110  -0.0002945189  -0.0002950798
       -0.0007398522  -0.0015219298  -0.0000696481  -0.0000022190  -0.0002327457
       -0.0001551058  -0.0000005215  -0.0000026801  -0.0000382546   0.0000169600
        0.0000972351  -0.0000166314  -0.0002520467   0.0000293674  -0.0001991526
        0.0200055989  -0.0121459274   0.0032971353  -0.0425850222   0.0570900202
        0.0111120967   0.0246216380  -0.0323865561  -0.0057283528   0.0001927744
       -0.0067997594  -0.0051491142  -0.0016855994  -0.0004044861  -0.0019055632
        0.0002716718   0.0004494843  -0.0004042249  -0.0024466771  -0.0004560621
       -0.0021766404   0.0005150581   0.0025784285  -0.0001344941  -0.0002631436
       -0.0000094228   0.0014187459  -0.0000646662  -0.0004152318   0.0001521112
       -0.0001276645  -0.0000790548   0.0001788224   0.0000796743  -0.0008012549
       -0.0007265456   0.0000998836  -0.0005220636  -0.0000296471   0.0001462658
       -0.0014247608  -0.0004588819   0.0000920263  -0.0000562770   0.0000786305
        0.0003311803  -0.0048568173   0.0002580229  -0.0000086292   0.0000090264
        0.0002290051   0.0002855247   0.0000937959  -0.0001392473   0.0002580463
        0.0001068039  -0.0000495304   0.0002820596   0.0000301148   0.0001776718
       -0.0086656385   0.0036699796  -0.0042574372   0.0092945432   0.0111120967
        0.0250188623   0.0048164244  -0.0070028545  -0.0034269668  -0.0019858224
       -0.0024795713  -0.0170750394  -0.0013154973  -0.0024469587  -0.0002681387
       -0.0021089486  -0.0030874181   0.0008861518   0.0004138641  -0.0000000567
        0.0016211995  -0.0015302184  -0.0017241302   0.0004382148   0.0006130511
       -0.0008855235  -0.0015103791   0.0004936912  -0.0000307228  -0.0002759543
       -0.0000992823   0.0000925440  -0.0002786054  -0.0006768168   0.0004667476
        0.0000401513   0.0004454586  -0.0000605311  -0.0004521205   0.0001498577
       -0.0002504719   0.0003861145  -0.0002432298   0.0002561347  -0.0004928288
        0.0005704602   0.0018000363   0.0007930377   0.0000470758   0.0005002154
       -0.0006411793   0.0000008622  -0.0000290736  -0.0001617905   0.0000069004
       -0.0000160310  -0.0001621893  -0.0002267349   0.0001155891  -0.0001811026
       -0.0009065286   0.0010949740  -0.0001780870  -0.0220170909   0.0246216380
        0.0048164244   0.0221366353  -0.0260804167  -0.0049699737   0.0001055084
        0.0005944123   0.0001415989   0.0003477107  -0.0001928431   0.0002175825
        0.0000642235  -0.0001009679   0.0004671360  -0.0003214297  -0.0002243055
       -0.0000803717   0.0001794815   0.0003922375  -0.0000843130  -0.0000259036
        0.0001376589  -0.0000072179  -0.0000693395  -0.0000944991  -0.0000772234
       -0.0000684437  -0.0000515710  -0.0000480187   0.0000371771  -0.0003722777
       -0.0001742682   0.0000813494   0.0000014805  -0.0001561816  -0.0000345991
       -0.0001633209   0.0000547126  -0.0000048965   0.0001344111  -0.0000528435
        0.0003829656   0.0000663264  -0.0000312189   0.0000021290   0.0000052606
        0.0000801617  -0.0000102730   0.0000364022   0.0000110403   0.0000873631
        0.0000657552  -0.0000192081   0.0000339608   0.0001296453   0.0000902693
        0.0013906167  -0.0006743683   0.0003154405   0.0252042859  -0.0323865561
       -0.0070028545  -0.0260804167   0.0368915393   0.0074392068   0.0011219503
       -0.0006919383   0.0002282272  -0.0003010812  -0.0000313279  -0.0008810264
       -0.0004539602  -0.0003652862   0.0000411699  -0.0002132791  -0.0015486553
        0.0004274667  -0.0013082526  -0.0008916916  -0.0002516119   0.0001381352
       -0.0003257497  -0.0004885243  -0.0001569417   0.0001353465  -0.0001987111
        0.0001284663  -0.0001016893   0.0001395421   0.0001514480  -0.0001715917
        0.0000981705  -0.0001744206  -0.0000560325   0.0001815287  -0.0000205090
        0.0001607241  -0.0001518350   0.0000741892  -0.0000215412   0.0000923981
        0.0002165754   0.0000696542   0.0000266161   0.0000895599   0.0000120742
       -0.0000222002   0.0000422530  -0.0000005491  -0.0000146906   0.0000678572
       -0.0000157266  -0.0000160574   0.0000835240   0.0000133656   0.0000377446
        0.0003441611  -0.0001374889   0.0003730497   0.0038484571  -0.0057283528
       -0.0034269668  -0.0049699737   0.0074392068   0.0032065041   0.0009024314
       -0.0015739523   0.0000915890  -0.0000728621   0.0001663674  -0.0001964915
        0.0002775370   0.0001103893   0.0000098777  -0.0001981682  -0.0003149636
        0.0001227023   0.0000425434   0.0000256826  -0.0001203169   0.0000543200
        0.0002099340   0.0000408755  -0.0000311392   0.0001310419  -0.0000474712
       -0.0000123086  -0.0000210684   0.0000366465   0.0000540162  -0.0001628858
       -0.0002291985  -0.0001342212  -0.0001419948   0.0000052843   0.0000293910
        0.0000534617  -0.0000314250   0.0000327177   0.0000944720   0.0000707580
       -0.0001805925  -0.0000677087  -0.0000644643  -0.0000023735  -0.0000474408
        0.0000343759  -0.0000510983  -0.0000165652   0.0000744583  -0.0000139156
       -0.0000147688  -0.0000492700   0.0000810778  -0.0000033655   0.0000994827
       -0.0010983776   0.0005149618  -0.0027345984  -0.0068078600   0.0001927744
       -0.0019858224   0.0001055084   0.0011219503   0.0009024314   0.2039924463
        0.0631171933  -0.0034943880  -0.0293972914   0.0044059458  -0.0048663500
       -0.1259786528  -0.0563109250  -0.0035543809  -0.0239167947  -0.0184391902
        0.0170680716  -0.0006950519   0.0023384431  -0.0041900910  -0.0011787824
        0.0022732293   0.0014731748   0.0006921803  -0.0006080173  -0.0003190660
        0.0008053863   0.0016132620   0.0010751256   0.0019325355  -0.0027645660
        0.0013428302   0.0009727342   0.0094361086   0.0033897106   0.0026678171
        0.0183904591   0.0013522732  -0.0221475567  -0.0217963997  -0.0054341575
        0.0001095160  -0.0009756042   0.0001840711   0.0001438233   0.0000358933
        0.0000754025  -0.0001410787  -0.0007570851  -0.0000559944  -0.0001552981
       -0.0004828610   0.0000401057   0.0000947971  -0.0013055727  -0.0002683482
       -0.0003140237   0.0008839937  -0.0001886214  -0.0008449208  -0.0067997594
       -0.0024795713   0.0005944123  -0.0006919383  -0.0015739523   0.0631171933
        0.3398026475   0.0340908086   0.0213627066  -0.2090340466  -0.0241084424
       -0.0700103922  -0.0745110441   0.0016829257  -0.0065492629  -0.0028481784
        0.0061522844   0.0000656725   0.0024765380  -0.0020224602  -0.0014624537
        0.0010282450   0.0011114127   0.0007523281  -0.0004769399   0.0001352428
        0.0005635170   0.0002990845  -0.0001106849   0.0007526768  -0.0011304867
        0.0007912187  -0.0020849903  -0.0193387625  -0.0090935119  -0.0051211218
       -0.0285833237  -0.0014410420  -0.0012139171   0.0005013763  -0.0024435588
        0.0002415260  -0.0012902713  -0.0002997260  -0.0000737924  -0.0003017291
       -0.0000346734  -0.0000267162  -0.0001258863  -0.0000363213   0.0000586459
        0.0003082059   0.0000192447   0.0001929126  -0.0001677248  -0.0001505716
       -0.0010874146   0.0003093992  -0.0005856136  -0.0047118606  -0.0051491142
       -0.0170750394   0.0001415989   0.0002282272   0.0000915890  -0.0034943880
        0.0340908086   0.1200589897   0.0001249996  -0.0243694768  -0.0562551472
       -0.0033283384   0.0033779048  -0.0484492175   0.0231155558   0.0225268610
       -0.0046823565   0.0026411427   0.0013385270   0.0002221174  -0.0009129250
       -0.0007579769   0.0013052495   0.0007185882   0.0000635361   0.0006036300
       -0.0002430046  -0.0014599165  -0.0011523586  -0.0010156968   0.0012041546
       -0.0005600768  -0.0086726687  -0.0308059205  -0.0013350953   0.0068382342
        0.0170394124   0.0053906168  -0.0109241635  -0.0188382171   0.0015863622
        0.0001772636   0.0001334898   0.0001467833   0.0001512458   0.0004620997
        0.0003131324   0.0003088383   0.0007639617   0.0002356919   0.0000141152
       -0.0000343799   0.0000728937   0.0001588778  -0.0001233802   0.0000678490
       -0.0002366198  -0.0004909174  -0.0002112279   0.0004154078  -0.0016855994
       -0.0013154973   0.0003477107  -0.0003010812  -0.0000728621  -0.0293972914
        0.0213627066   0.0001249996   0.4374000269  -0.2054887771  -0.0102029114
       -0.2335783113   0.0906869949   0.0364433587  -0.0122914437   0.0061358801
        0.0090412398  -0.0002008431  -0.0002800534  -0.0009150952  -0.0001883654
       -0.0004898835  -0.0004403405  -0.0003093880   0.0002192274  -0.0002835581
       -0.0009600014  -0.0000004989   0.0006681014   0.0007627661   0.0010671043
        0.0018753322  -0.0494029195   0.0126276947   0.0532142064  -0.0980495983
        0.0619173611  -0.0902666735  -0.0147179146   0.0136387499   0.0027409338
        0.0001144277   0.0002050309  -0.0005893177  -0.0000456102  -0.0000766474
       -0.0001103910   0.0000762956   0.0003070862   0.0000526137  -0.0000017464
        0.0002563926   0.0002059197   0.0002634182   0.0003892295   0.0000411695
        0.0002541217  -0.0003196365   0.0005424265   0.0006419128  -0.0004044861
       -0.0024469587  -0.0001928431  -0.0000313279   0.0001663674   0.0044059458
       -0.2090340466  -0.0243694768  -0.2054887771   0.4064241194  -0.0015437942
        0.1165316106  -0.0532728739  -0.0156013892  -0.0019666582   0.0000971070
       -0.0005212885  -0.0000730231  -0.0005464073   0.0003868619   0.0004455003
       -0.0001383883  -0.0002896165  -0.0001864360   0.0001919094  -0.0001485962
        0.0000942367   0.0005051118   0.0002410707   0.0001789862  -0.0002041991
       -0.0004778308   0.0159913334  -0.0439165354  -0.0468558940   0.0672463597
       -0.0944065454   0.0916384268   0.0031328900  -0.0053601426  -0.0019022960
       -0.0007419549   0.0003507143   0.0011423380   0.0000034767   0.0000305239
        0.0000351305  -0.0000531558  -0.0000015903   0.0000164429  -0.0000417398
        0.0000047188   0.0000049841  -0.0001817860   0.0000319749  -0.0000169079
       -0.0002520594   0.0001448700  -0.0000047900   0.0015918371  -0.0019055632
       -0.0002681387   0.0002175825  -0.0008810264  -0.0001964915  -0.0048663500
       -0.0241084424  -0.0562551472  -0.0102029114  -0.0015437942   0.5734004448
        0.0445945463  -0.0136946830  -0.0555710726   0.0134774969  -0.0197396888
       -0.0033447324  -0.0005159744   0.0000561387  -0.0004536238   0.0006324004
        0.0003898469   0.0001815069   0.0001549824  -0.0003018291  -0.0001166783
        0.0015300372   0.0005519306   0.0000325402   0.0012276431  -0.0004206743
       -0.0037711171   0.0535434266  -0.0428481177  -0.2780620982  -0.0903651271
        0.0881377817  -0.1766311580  -0.0117558753   0.0176028289   0.0037885252
        0.0010989602  -0.0006837620  -0.0024121196  -0.0000214575  -0.0002896942
       -0.0000193862  -0.0000934960  -0.0004718050   0.0000130307   0.0001035730
       -0.0000328689  -0.0002284515  -0.0000992347   0.0000385524  -0.0000810429
       -0.0006294221  -0.0003888598   0.0000387357   0.0007359452   0.0002716718
       -0.0021089486   0.0000642235  -0.0004539602   0.0002775370  -0.1259786528
       -0.0700103922  -0.0033283384  -0.2335783113   0.1165316106   0.0445945463
        0.6076198177  -0.0963114188   0.0124397333  -0.0818466729   0.0064346213
        0.0433825377   0.0082818291  -0.0039150781  -0.0037347098   0.0014693095
        0.0019699888  -0.0046999744  -0.0012387105   0.0005377565   0.0008857187
       -0.0042952752   0.0030188261  -0.0009430633  -0.0236588718   0.0044820249
        0.0268136136  -0.0075283463   0.0020074842   0.0008620576  -0.0140000044
       -0.0001703808   0.0005661898  -0.1241961165   0.0361872886  -0.1169364847
       -0.0006457284   0.0001451792  -0.0003276044   0.0002161035   0.0000096343
       -0.0008968270  -0.0000996831  -0.0002430764   0.0000054384  -0.0004965316
        0.0003685397   0.0012257508  -0.0001949016  -0.0004714598   0.0018840916
       -0.0001863316  -0.0000316484   0.0002044366  -0.0016455401   0.0004494843
       -0.0030874181  -0.0001009679  -0.0003652862   0.0001103893  -0.0563109250
       -0.0745110441   0.0033779048   0.0906869949  -0.0532728739  -0.0136946830
       -0.0963114188   0.2233694125  -0.0308058061   0.0041592085  -0.0523730761
        0.0050212293  -0.0041500408  -0.0024329582   0.0092157134   0.0040100922
        0.0050228673   0.0011556650  -0.0003027318  -0.0001070077  -0.0000943497
        0.0040712384   0.0054751536   0.0001452277   0.0052621350   0.0019032751
       -0.0090681580   0.0067673900  -0.0025351645  -0.0024971813   0.0146737111
       -0.0021149926   0.0000874082   0.0313477704  -0.0435190751   0.0412989812
       -0.0008402528  -0.0013915765  -0.0004333142   0.0000308538   0.0005231162
        0.0004652484  -0.0005320662  -0.0014873191  -0.0001017989   0.0001854925
       -0.0004359961  -0.0004929191  -0.0008146117  -0.0021652906  -0.0008065753
       -0.0008997443  -0.0000527032  -0.0006414878  -0.0027730593  -0.0004042249
        0.0008861518   0.0004671360   0.0000411699   0.0000098777  -0.0035543809
        0.0016829257  -0.0484492175   0.0364433587  -0.0156013892  -0.0555710726
        0.0124397333  -0.0308058061   0.5344635677   0.0530275690   0.0031039693
       -0.1895458135   0.0061851833   0.0020540379  -0.0349919843  -0.0044977393
        0.0033730074  -0.0018213804   0.0004404885  -0.0004385927  -0.0010554653
        0.0009641234   0.0013086982   0.0025172133   0.0137474997  -0.0029317796
       -0.0080966889   0.0269752595   0.0015226307  -0.0043171266  -0.0200349293
       -0.0028798920   0.0030236337  -0.1171898627   0.0417935354  -0.1967470938
        0.0004586504  -0.0011902399   0.0008813419   0.0002943556  -0.0003797416
       -0.0011680451  -0.0003224694  -0.0005181018  -0.0000643175  -0.0001597353
        0.0000279355  -0.0002361168  -0.0020114371   0.0002945609   0.0009240240
       -0.0000307748   0.0001064828   0.0000206392  -0.0016439220  -0.0024466771
        0.0004138641  -0.0003214297  -0.0002132791  -0.0001981682  -0.0239167947
       -0.0065492629   0.0231155558  -0.0122914437  -0.0019666582   0.0134774969
       -0.0818466729   0.0041592085   0.0530275690   0.5912440384  -0.1509201856
       -0.0085066718  -0.1390915592   0.0476981985  -0.0584508870   0.0491526275
       -0.0138681467  -0.0315192651  -0.0451717765   0.0170156018  -0.0245885533
       -0.0259091780  -0.0002768297   0.0812787381  -0.2817287005   0.0876099867
       -0.0179393594  -0.0018312567  -0.0005405578   0.0000921837   0.0005020689
        0.0003077718  -0.0000637879   0.0055215387   0.0012427254  -0.0135411582
       -0.0172796956   0.0063959391  -0.0200356068   0.0007351023   0.0020150285
        0.0032301080  -0.0003969967   0.0001661481  -0.0006284426   0.0008037003
        0.0025281458   0.0027881789  -0.0164988751   0.0075363602  -0.0019724334
       -0.0003466496   0.0002937364   0.0000284210   0.0008726837  -0.0004560621
       -0.0000000567  -0.0002243055  -0.0015486553  -0.0003149636  -0.0184391902
       -0.0028481784   0.0225268610   0.0061358801   0.0000971070  -0.0197396888
        0.0064346213  -0.0523730761   0.0031039693  -0.1509201856   0.2031734779
       -0.0709860641   0.0485172534  -0.0715456030   0.0416280838  -0.0191435242
        0.0054280755   0.0187768278   0.0165271294  -0.0133562831   0.0087085890
        0.0060245456   0.0018095558  -0.0309987903   0.0806627114  -0.0791055419
        0.0112028894   0.0040694133   0.0007455416  -0.0001906489  -0.0010154580
       -0.0002224984  -0.0000223275  -0.0005065381   0.0006415064   0.0060109436
        0.0074924643  -0.0024264354   0.0086639778   0.0024618543   0.0070353420
        0.0000846409   0.0002150861   0.0000998470   0.0002383594   0.0022141931
        0.0072270923   0.0004149223   0.0089680152  -0.0026689481   0.0008640547
        0.0001300637   0.0000941788  -0.0000555390  -0.0024402311  -0.0021766404
        0.0016211995  -0.0000803717   0.0004274667   0.0001227023   0.0170680716
        0.0061522844  -0.0046823565   0.0090412398  -0.0005212885  -0.0033447324
        0.0433825377   0.0050212293  -0.1895458135  -0.0085066718  -0.0709860641
        0.5957835612  -0.1134157273   0.0672704289  -0.2243322224   0.0201090495
        0.0000504818  -0.0637724116  -0.0253545950   0.0098632702  -0.0072483922
        0.0272023096  -0.0122014236   0.0147280191   0.0477171506  -0.0125783986
       -0.0914893222   0.0000275591   0.0003754227  -0.0000587517  -0.0007401463
        0.0001628158   0.0001421815   0.0054218241   0.0022373220  -0.0220745912
       -0.0022187049  -0.0017189207   0.0024037611   0.0026208808  -0.0001523564
       -0.0041029830  -0.0006722054   0.0002250456   0.0007072602   0.0029560960
        0.0003515702  -0.0043137390  -0.0222481290   0.0081035758  -0.0004878302
       -0.0006807460   0.0007066536  -0.0001780549   0.0039701185   0.0005150581
       -0.0015302184   0.0001794815  -0.0013082526   0.0000425434  -0.0006950519
        0.0000656725   0.0026411427  -0.0002008431  -0.0000730231  -0.0005159744
        0.0082818291  -0.0041500408   0.0061851833  -0.1390915592   0.0485172534
       -0.1134157273   0.5601223261  -0.1916445259  -0.0250512333  -0.1261317404
        0.0184957219   0.1192779419  -0.0264381335   0.0077177646   0.0269634644
        0.0026156492  -0.0022691223  -0.0041026932  -0.0358112008   0.0163795790
       -0.0173687549  -0.0002997370   0.0000528462  -0.0000402095  -0.0007921535
        0.0001466988   0.0018103698  -0.0008504044   0.0000732232   0.0026903496
       -0.2423316678   0.0991183678   0.0139353252   0.0056747291  -0.0003753092
       -0.0126292870  -0.0040519039   0.0044157194   0.0009058816   0.0008307163
       -0.0003158324  -0.0000845389  -0.0042997082   0.0039315477   0.0004644899
       -0.0008651196  -0.0003617177   0.0001705702  -0.0000530244   0.0025784285
       -0.0017241302   0.0003922375  -0.0008916916   0.0000256826   0.0023384431
        0.0024765380   0.0013385270  -0.0002800534  -0.0005464073   0.0000561387
       -0.0039150781  -0.0024329582   0.0020540379   0.0476981985  -0.0715456030
        0.0672704289  -0.1916445259   0.1937728953  -0.0434531042   0.0283463530
       -0.0550992836  -0.0271171879   0.0022465248   0.0025192940  -0.0124559119
       -0.0027466706  -0.0051842670   0.0066731554   0.0190636506  -0.0054731747
        0.0049324496  -0.0000431669   0.0000654600   0.0000573104   0.0002938071
       -0.0002603090  -0.0010462372   0.0005764495   0.0010522746  -0.0005787553
        0.0932404750  -0.0728763285  -0.0046117451  -0.0027919148   0.0008153678
        0.0075797119   0.0044145038   0.0060581750   0.0002489393  -0.0004288680
       -0.0002934255   0.0000557250   0.0041577785   0.0056267329   0.0005243948
        0.0001932232  -0.0001119701   0.0000661192   0.0003783551  -0.0001344941
        0.0004382148  -0.0000843130  -0.0002516119  -0.0001203169  -0.0041900910
       -0.0020224602   0.0002221174  -0.0009150952   0.0003868619  -0.0004536238
       -0.0037347098   0.0092157134  -0.0349919843  -0.0584508870   0.0416280838
       -0.2243322224  -0.0250512333  -0.0434531042   0.6271574604   0.0537778193
        0.0017179632  -0.2820834727   0.0798765156  -0.0318241200   0.0165661521
       -0.0031047564   0.0075282971  -0.0619514968  -0.0664218922   0.0211680349
        0.0327372848  -0.0002421225   0.0002374198  -0.0000955529  -0.0004180620
        0.0002369042  -0.0008212401   0.0017193707   0.0007544694  -0.0044460013
        0.0155984143  -0.0056279059  -0.0437864408   0.0091649771  -0.0002120218
       -0.0253318104   0.0008407243   0.0003968974   0.0009856469  -0.0001316546
        0.0000522511  -0.0006840128   0.0011954175   0.0003147920   0.0009251798
       -0.0002643536  -0.0000077954  -0.0001371661  -0.0005059193  -0.0002631436
        0.0006130511  -0.0000259036   0.0001381352   0.0000543200  -0.0011787824
       -0.0014624537  -0.0009129250  -0.0001883654   0.0004455003   0.0006324004
        0.0014693095   0.0040100922  -0.0044977393   0.0491526275  -0.0191435242
        0.0201090495  -0.1261317404   0.0283463530   0.0537778193   0.5768931930
       -0.1762683650  -0.0024945436  -0.2866605094   0.0828371956   0.0567390680
       -0.0354167365   0.0213819817  -0.0730273547  -0.0393690551   0.0089623044
        0.0295193278   0.0000571529  -0.0000997186   0.0000471748   0.0000611741
       -0.0001044097  -0.0001612617   0.0000177934   0.0000990806  -0.0009348397
       -0.0147638739   0.0024290545   0.0245787045  -0.1094947994   0.0405807006
       -0.1050276112  -0.0134742366   0.0051900924   0.0033319465  -0.0000316781
        0.0033037182  -0.0027465515  -0.0001452967  -0.0003747984   0.0005371309
       -0.0001973197   0.0000912673   0.0000000505   0.0003031529  -0.0000094228
       -0.0008855235   0.0001376589  -0.0003257497   0.0002099340   0.0022732293
        0.0010282450  -0.0007579769  -0.0004898835  -0.0001383883   0.0003898469
        0.0019699888   0.0050228673   0.0033730074  -0.0138681467   0.0054280755
        0.0000504818   0.0184957219  -0.0550992836   0.0017179632  -0.1762683650
        0.1917624118  -0.0516248192   0.0921495080  -0.0828217694  -0.0156886390
        0.0157988545  -0.0065114365   0.0226754155   0.0086568363  -0.0077805034
       -0.0094092977  -0.0001719584   0.0000713856  -0.0001195564  -0.0001251281
       -0.0000279118   0.0001988794  -0.0002427569  -0.0001188344   0.0005609280
        0.0061292352  -0.0000328651  -0.0101346850   0.0393777478  -0.0567974370
        0.0584353024   0.0029779788  -0.0001950064  -0.0007781484   0.0032505812
        0.0065932935   0.0020505395  -0.0001569353  -0.0001389376  -0.0002637025
       -0.0004726746   0.0000719676  -0.0001128204   0.0020419138   0.0014187459
       -0.0015103791  -0.0000072179  -0.0004885243   0.0000408755   0.0014731748
        0.0011114127   0.0013052495  -0.0004403405  -0.0002896165   0.0001815069
       -0.0046999744   0.0011556650  -0.0018213804  -0.0315192651   0.0187768278
       -0.0637724116   0.1192779419  -0.0271171879  -0.2820834727  -0.0024945436
       -0.0516248192   0.6501404450  -0.0156852716   0.0110690896  -0.0982860561
       -0.0201516042   0.0035545359   0.0367392976   0.0304125784  -0.0096094792
       -0.0183422206  -0.0001301436   0.0000360347   0.0001229722   0.0002561166
       -0.0000683488  -0.0000720892   0.0004546902   0.0000540415  -0.0009833600
        0.0043104995   0.0004593279  -0.0033305471  -0.1054484158   0.0583614994
       -0.2110607430   0.0252061937  -0.0087852222  -0.0040318416  -0.0029566991
        0.0019606976  -0.0034565092   0.0005730413  -0.0000466475   0.0003334844
        0.0000723466   0.0000239118   0.0000274941  -0.0001726172  -0.0000646662
        0.0004936912  -0.0000693395  -0.0001569417  -0.0000311392   0.0006921803
        0.0007523281   0.0007185882  -0.0003093880  -0.0001864360   0.0001549824
       -0.0012387105  -0.0003027318   0.0004404885  -0.0451717765   0.0165271294
       -0.0253545950  -0.0264381335   0.0022465248   0.0798765156  -0.2866605094
        0.0921495080  -0.0156852716   0.5782055373  -0.1668981457  -0.0294216717
       -0.1514466324   0.0414898451  -0.0568155022   0.0521597983  -0.0153037230
       -0.0348823661  -0.0000047051  -0.0000598582   0.0000730649   0.0002200502
       -0.0001114354   0.0000709693   0.0001600742  -0.0000000855  -0.0000158828
        0.0009523507   0.0023576886   0.0027636550  -0.0163510310   0.0057177441
       -0.0007337380  -0.0888097338   0.0106988168   0.0973357744  -0.0165710354
        0.0084935772  -0.0222237635   0.0007812747   0.0026269497   0.0032087064
        0.0001729948   0.0000626499  -0.0000475082  -0.0000073984  -0.0004152318
       -0.0000307228  -0.0000944991   0.0001353465   0.0001310419  -0.0006080173
       -0.0004769399   0.0000635361   0.0002192274   0.0001919094  -0.0003018291
        0.0005377565  -0.0001070077  -0.0004385927   0.0170156018  -0.0133562831
        0.0098632702   0.0077177646   0.0025192940  -0.0318241200   0.0828371956
       -0.0828217694   0.0110690896  -0.1668981457   0.1864899819  -0.0377283184
        0.0490042073  -0.0709656824   0.0376323717  -0.0213284257   0.0070343358
        0.0197201569   0.0000357357   0.0000263140  -0.0000351763  -0.0000814220
        0.0000190854   0.0000096805  -0.0000580469   0.0000758497  -0.0000247088
        0.0028417330   0.0067366813   0.0002534533   0.0089892815  -0.0018679007
        0.0001983191   0.0106735543  -0.0384170069  -0.0169205941   0.0066164043
       -0.0018647255   0.0082039004   0.0024144983   0.0070010994   0.0002067507
       -0.0002016096   0.0001297350   0.0000374867   0.0006998354   0.0001521112
       -0.0002759543  -0.0000772234  -0.0001987111  -0.0000474712  -0.0003190660
        0.0001352428   0.0006036300  -0.0002835581  -0.0001485962  -0.0001166783
        0.0008857187  -0.0000943497  -0.0010554653  -0.0245885533   0.0087085890
       -0.0072483922   0.0269634644  -0.0124559119   0.0165661521   0.0567390680
       -0.0156886390  -0.0982860561  -0.0294216717  -0.0377283184   0.6596828923
       -0.1296393201   0.0652479615  -0.2470836849   0.0186028684   0.0001638003
       -0.0650788213  -0.0000445930   0.0000234412   0.0000214924   0.0000062529
        0.0000085842   0.0000421619   0.0000125502  -0.0000693553   0.0003470156
        0.0033705129   0.0001040841  -0.0045126952  -0.0222510363   0.0082808453
        0.0011069345   0.0972424861  -0.0171366986  -0.2512439798  -0.0005552329
        0.0001237449   0.0011156391   0.0028591073   0.0004424406  -0.0045742062
        0.0001870355  -0.0000911923   0.0000341966  -0.0006842407  -0.0001276645
       -0.0000992823  -0.0000684437   0.0001284663  -0.0000123086   0.0008053863
        0.0005635170  -0.0002430046  -0.0009600014   0.0000942367   0.0015300372
       -0.0042952752   0.0040712384   0.0009641234  -0.0259091780   0.0060245456
        0.0272023096   0.0026156492  -0.0027466706  -0.0031047564  -0.0354167365
        0.0157988545  -0.0201516042  -0.1514466324   0.0490042073  -0.1296393201
        0.6051159462  -0.1751885595  -0.0189803057  -0.1322163564   0.0175018105
        0.1252393124  -0.0002884525  -0.0001000043   0.0000162377   0.0000716406
       -0.0000306411   0.0000318049  -0.0001263111   0.0000494418  -0.0001482466
        0.0005264435  -0.0005262170  -0.0000451900  -0.0043013777   0.0045327873
        0.0005952070   0.0058990757  -0.0026393070   0.0091808455  -0.2656611599
        0.0839211061   0.0203373326   0.0061529884  -0.0002399554  -0.0127073884
       -0.0001507762   0.0000773586  -0.0000358866   0.0002068571  -0.0000790548
        0.0000925440  -0.0000515710  -0.0001016893  -0.0000210684   0.0016132620
        0.0002990845  -0.0014599165  -0.0000004989   0.0005051118   0.0005519306
        0.0030188261   0.0054751536   0.0013086982  -0.0002768297   0.0018095558
       -0.0122014236  -0.0022691223  -0.0051842670   0.0075282971   0.0213819817
       -0.0065114365   0.0035545359   0.0414898451  -0.0709656824   0.0652479615
       -0.1751885595   0.1898255760  -0.0431905250   0.0263597277  -0.0567714926
       -0.0220768346  -0.0002528812  -0.0000558214   0.0000177368  -0.0000169079
       -0.0000422770   0.0000344200   0.0000972355  -0.0000703724   0.0001080787
       -0.0003718198  -0.0001728091   0.0000592693   0.0044943965   0.0060074871
        0.0004301349  -0.0006878354   0.0014555016  -0.0010984097   0.0835685262
       -0.0667668209  -0.0066879999  -0.0029638561   0.0012668943   0.0078384573
       -0.0000583659  -0.0000294836   0.0000770593   0.0000852158   0.0001788224
       -0.0002786054  -0.0000480187   0.0001395421   0.0000366465   0.0010751256
       -0.0001106849  -0.0011523586   0.0006681014   0.0002410707   0.0000325402
       -0.0009430633   0.0001452277   0.0025172133   0.0812787381  -0.0309987903
        0.0147280191  -0.0041026932   0.0066731554  -0.0619514968  -0.0730273547
        0.0226754155   0.0367392976  -0.0568155022   0.0376323717  -0.2470836849
       -0.0189803057  -0.0431905250   0.6315118747   0.0533763573   0.0059601988
       -0.2801397626   0.0000301419   0.0000471303  -0.0000810966  -0.0001910089
        0.0000882092  -0.0000750795  -0.0002881981   0.0000873715   0.0001756374
        0.0001491858   0.0003077621  -0.0004159950   0.0010471512   0.0008136982
        0.0010783106  -0.0124838247   0.0070759841  -0.0248457721   0.0204978262
       -0.0067710361  -0.0459063220   0.0087304921  -0.0009654399  -0.0249664252
       -0.0002168842  -0.0000125819   0.0000951132  -0.0008195950   0.0000796743
       -0.0006768168   0.0000371771   0.0001514480   0.0000540162   0.0019325355
        0.0007526768  -0.0010156968   0.0007627661   0.0001789862   0.0012276431
       -0.0236588718   0.0052621350   0.0137474997  -0.2817287005   0.0806627114
        0.0477171506  -0.0358112008   0.0190636506  -0.0664218922  -0.0393690551
        0.0086568363   0.0304125784   0.0521597983  -0.0213284257   0.0186028684
       -0.1322163564   0.0263597277   0.0533763573   0.5798462798  -0.1681068034
       -0.0131460801  -0.0002500109  -0.0000673937  -0.0001908322  -0.0001498091
        0.0000060579  -0.0001577768   0.0011068729  -0.0002282283  -0.0017958155
        0.0005553456   0.0033398152  -0.0022594724  -0.0000395332   0.0003900477
        0.0005436327   0.0001349756   0.0030670232  -0.0026867496  -0.0142014875
        0.0029100028   0.0250198687  -0.1080742463   0.0388626399  -0.1024455958
        0.0002308575   0.0000739587  -0.0000699165   0.0001904215  -0.0008012549
        0.0004667476  -0.0003722777  -0.0001715917  -0.0001628858  -0.0027645660
       -0.0011304867   0.0012041546   0.0010671043  -0.0002041991  -0.0004206743
        0.0044820249   0.0019032751  -0.0029317796   0.0876099867  -0.0791055419
       -0.0125783986   0.0163795790  -0.0054731747   0.0211680349   0.0089623044
       -0.0077805034  -0.0096094792  -0.0153037230   0.0070343358   0.0001638003
        0.0175018105  -0.0567714926   0.0059601988  -0.1681068034   0.1876604159
       -0.0582623072   0.0000245463  -0.0000600949  -0.0000188605  -0.0000216398
       -0.0000491134   0.0001066704  -0.0008705364  -0.0001831825   0.0006391045
        0.0032277471   0.0053158678   0.0018840074  -0.0001152851  -0.0002486918
       -0.0002529985   0.0031681146   0.0067095040   0.0020287060   0.0052798531
       -0.0000260243  -0.0089095855   0.0394304814  -0.0566920055   0.0595954612
        0.0002673806  -0.0000158909   0.0000207854  -0.0003359086  -0.0007265456
        0.0000401513  -0.0001742682   0.0000981705  -0.0002291985   0.0013428302
        0.0007912187  -0.0005600768   0.0018753322  -0.0004778308  -0.0037711171
        0.0268136136  -0.0090681580  -0.0080966889  -0.0179393594   0.0112028894
       -0.0914893222  -0.0173687549   0.0049324496   0.0327372848   0.0295193278
       -0.0094092977  -0.0183422206  -0.0348823661   0.0197201569  -0.0650788213
        0.1252393124  -0.0220768346  -0.2801397626  -0.0131460801  -0.0582623072
        0.6534815999   0.0009787364   0.0002307663   0.0000598963  -0.0000703682
        0.0000562777  -0.0002452567   0.0020957471  -0.0007832328   0.0006279287
       -0.0029164023   0.0020454067  -0.0036155859   0.0006127899  -0.0005328437
        0.0004506764  -0.0025954918   0.0020706914  -0.0036554656   0.0034907869
       -0.0005293330  -0.0037730747  -0.1028068573   0.0607342469  -0.2084217321
       -0.0000990060   0.0000733487   0.0000441184   0.0000667555   0.0000998836
        0.0004454586   0.0000813494  -0.0001744206  -0.0001342212   0.0009727342
       -0.0020849903  -0.0086726687  -0.0494029195   0.0159913334   0.0535434266
       -0.0075283463   0.0067673900   0.0269752595  -0.0018312567   0.0040694133
        0.0000275591  -0.0002997370  -0.0000431669  -0.0002421225   0.0000571529
       -0.0001719584  -0.0001301436  -0.0000047051   0.0000357357  -0.0000445930
       -0.0002884525  -0.0002528812   0.0000301419  -0.0002500109   0.0000245463
        0.0009787364   0.0545876883  -0.0214044298  -0.0611020387   0.0034600883
       -0.0019612958  -0.0124341866   0.0002443655  -0.0010200757   0.0004527995
        0.0001135223   0.0000127383   0.0001253171   0.0000139249  -0.0000134706
       -0.0000107003   0.0000561829   0.0000342640   0.0000075678  -0.0000282087
       -0.0000116601   0.0000887979   0.0000788785   0.0000296961   0.0000514917
       -0.0000544739   0.0001512599   0.0000178320   0.0003351108  -0.0005220636
       -0.0000605311   0.0000014805  -0.0000560325  -0.0001419948   0.0094361086
       -0.0193387625  -0.0308059205   0.0126276947  -0.0439165354  -0.0428481177
        0.0020074842  -0.0025351645   0.0015226307  -0.0005405578   0.0007455416
        0.0003754227   0.0000528462   0.0000654600   0.0002374198  -0.0000997186
        0.0000713856   0.0000360347  -0.0000598582   0.0000263140   0.0000234412
       -0.0001000043  -0.0000558214   0.0000471303  -0.0000673937  -0.0000600949
        0.0002307663  -0.0214044298   0.0614037575   0.0606395370  -0.0025548925
        0.0042317984   0.0115103193   0.0005527510  -0.0001698021  -0.0004713818
       -0.0000399327  -0.0000098619  -0.0003222618  -0.0000094958   0.0000054070
        0.0000054814  -0.0000243771   0.0000095879   0.0000061668  -0.0000273952
       -0.0000091555   0.0000116800  -0.0000309464  -0.0000372178  -0.0000136545
        0.0001564963  -0.0000797125   0.0001202943   0.0000446049  -0.0000296471
       -0.0004521205  -0.0001561816   0.0001815287   0.0000052843   0.0033897106
       -0.0090935119  -0.0013350953   0.0532142064  -0.0468558940  -0.2780620982
        0.0008620576  -0.0024971813  -0.0043171266   0.0000921837  -0.0001906489
       -0.0000587517  -0.0000402095   0.0000573104  -0.0000955529   0.0000471748
       -0.0001195564   0.0001229722   0.0000730649  -0.0000351763   0.0000214924
        0.0000162377   0.0000177368  -0.0000810966  -0.0001908322  -0.0000188605
        0.0000598963  -0.0611020387   0.0606395370   0.3042073562   0.0038722760
       -0.0022345626  -0.0209963399  -0.0005113688   0.0003997170   0.0005610929
        0.0001854351  -0.0001184587   0.0002775674   0.0000001434  -0.0000051650
        0.0000432300   0.0000238085   0.0000070200  -0.0000025144  -0.0000059893
        0.0000055405   0.0000059034   0.0000292201  -0.0000300152  -0.0000243935
       -0.0000276924   0.0001781149   0.0002325294   0.0004359026   0.0001462658
        0.0001498577  -0.0000345991  -0.0000205090   0.0000293910   0.0026678171
       -0.0051211218   0.0068382342  -0.0980495983   0.0672463597  -0.0903651271
       -0.0140000044   0.0146737111  -0.0200349293   0.0005020689  -0.0010154580
       -0.0007401463  -0.0007921535   0.0002938071  -0.0004180620   0.0000611741
       -0.0001251281   0.0002561166   0.0002200502  -0.0000814220   0.0000062529
        0.0000716406  -0.0000169079  -0.0001910089  -0.0001498091  -0.0000216398
       -0.0000703682   0.0034600883  -0.0025548925   0.0038722760   0.1062683914
       -0.0773905836   0.0974682073  -0.0016811874   0.0039575367   0.0012679958
        0.0007174656  -0.0000317581   0.0018096692   0.0000378396  -0.0000063157
       -0.0000400444   0.0000581560  -0.0000170964  -0.0000297374   0.0000347027
       -0.0000150082  -0.0000487199   0.0001997469  -0.0000779543   0.0000076132
       -0.0002857371   0.0000669972  -0.0000009382   0.0006991823  -0.0014247608
       -0.0002504719  -0.0001633209   0.0001607241   0.0000534617   0.0183904591
       -0.0285833237   0.0170394124   0.0619173611  -0.0944065454   0.0881377817
       -0.0001703808  -0.0021149926  -0.0028798920   0.0003077718  -0.0002224984
        0.0001628158   0.0001466988  -0.0002603090   0.0002369042  -0.0001044097
       -0.0000279118  -0.0000683488  -0.0001114354   0.0000190854   0.0000085842
       -0.0000306411  -0.0000422770   0.0000882092   0.0000060579  -0.0000491134
        0.0000562777  -0.0019612958   0.0042317984  -0.0022345626  -0.0773905836
        0.1209190249  -0.0995385779  -0.0011588109   0.0008857873   0.0000444967
        0.0000175419   0.0009128451  -0.0008838624  -0.0000204802  -0.0000309867
        0.0000295855  -0.0000287249  -0.0000193386   0.0000094323  -0.0000109422
       -0.0000108361   0.0000121302  -0.0000483104  -0.0000033689  -0.0000224379
        0.0000055106   0.0000827718  -0.0001839745   0.0002276928  -0.0004588819
        0.0003861145   0.0000547126  -0.0001518350  -0.0000314250   0.0013522732
       -0.0014410420   0.0053906168  -0.0902666735   0.0916384268  -0.1766311580
        0.0005661898   0.0000874082   0.0030236337  -0.0000637879  -0.0000223275
        0.0001421815   0.0018103698  -0.0010462372  -0.0008212401  -0.0001612617
        0.0001988794  -0.0000720892   0.0000709693   0.0000096805   0.0000421619
        0.0000318049   0.0000344200  -0.0000750795  -0.0001577768   0.0001066704
       -0.0002452567  -0.0124341866   0.0115103193  -0.0209963399   0.0974682073
       -0.0995385779   0.1924331331   0.0008041067  -0.0007034889   0.0001565703
        0.0007878056  -0.0003361552  -0.0024181269   0.0000070192   0.0000182430
       -0.0000810225  -0.0000444572  -0.0000102816   0.0000015936  -0.0000123808
       -0.0000018116  -0.0000155847  -0.0000461373   0.0000238193  -0.0000047083
        0.0000609021  -0.0001297223  -0.0001421647  -0.0006685110   0.0000920263
       -0.0002432298  -0.0000048965   0.0000741892   0.0000327177  -0.0221475567
       -0.0012139171  -0.0109241635  -0.0147179146   0.0031328900  -0.0117558753
       -0.1241961165   0.0313477704  -0.1171898627   0.0055215387  -0.0005065381
        0.0054218241  -0.0008504044   0.0005764495   0.0017193707   0.0000177934
       -0.0002427569   0.0004546902   0.0001600742  -0.0000580469   0.0000125502
       -0.0001263111   0.0000972355  -0.0002881981   0.0011068729  -0.0008705364
        0.0020957471   0.0002443655   0.0005527510  -0.0005113688  -0.0016811874
       -0.0011588109   0.0008041067   0.1580899909  -0.0319080015   0.1301128061
       -0.0000532203  -0.0000616955  -0.0000105458  -0.0000901494  -0.0000312185
        0.0001459728  -0.0000150762   0.0000147944  -0.0000318016  -0.0000414904
        0.0000223022   0.0000583979  -0.0006087034   0.0002708357   0.0002390268
       -0.0001400026   0.0000425154  -0.0001018740  -0.0002945189  -0.0000562770
        0.0002561347   0.0001344111  -0.0000215412   0.0000944720  -0.0217963997
        0.0005013763  -0.0188382171   0.0136387499  -0.0053601426   0.0176028289
        0.0361872886  -0.0435190751   0.0417935354   0.0012427254   0.0006415064
        0.0022373220   0.0000732232   0.0010522746   0.0007544694   0.0000990806
       -0.0001188344   0.0000540415  -0.0000000855   0.0000758497  -0.0000693553
        0.0000494418  -0.0000703724   0.0000873715  -0.0002282283  -0.0001831825
       -0.0007832328  -0.0010200757  -0.0001698021   0.0003997170   0.0039575367
        0.0008857873  -0.0007034889  -0.0319080015   0.0462211689  -0.0424771323
       -0.0001281244  -0.0000316168  -0.0001843063  -0.0000699590  -0.0001346393
        0.0000182634  -0.0000052816   0.0000260971   0.0000016147   0.0000093041
        0.0000243197  -0.0000322969   0.0001989159   0.0001945878  -0.0001098669
        0.0002057884  -0.0001452719   0.0000213586  -0.0002950798   0.0000786305
       -0.0004928288  -0.0000528435   0.0000923981   0.0000707580  -0.0054341575
       -0.0024435588   0.0015863622   0.0027409338  -0.0019022960   0.0037885252
       -0.1169364847   0.0412989812  -0.1967470938  -0.0135411582   0.0060109436
       -0.0220745912   0.0026903496  -0.0005787553  -0.0044460013  -0.0009348397
        0.0005609280  -0.0009833600  -0.0000158828  -0.0000247088   0.0003470156
       -0.0001482466   0.0001080787   0.0001756374  -0.0017958155   0.0006391045
        0.0006279287   0.0004527995  -0.0004713818   0.0005610929   0.0012679958
        0.0000444967   0.0001565703   0.1301128061  -0.0424771323   0.2171271721
        0.0002453351  -0.0001784403   0.0002390141   0.0002150683  -0.0000666303
       -0.0003290179   0.0000380832  -0.0000490492   0.0000997153  -0.0000461926
        0.0000014046   0.0001627797   0.0012315412  -0.0004977412   0.0001089629
       -0.0018172148  -0.0009983677   0.0000803320  -0.0007398522   0.0003311803
        0.0005704602   0.0003829656   0.0002165754  -0.0001805925   0.0001095160
        0.0002415260   0.0001772636   0.0001144277  -0.0007419549   0.0010989602
       -0.0006457284  -0.0008402528   0.0004586504  -0.0172796956   0.0074924643
       -0.0022187049  -0.2423316678   0.0932404750   0.0155984143  -0.0147638739
        0.0061292352   0.0043104995   0.0009523507   0.0028417330   0.0033705129
        0.0005264435  -0.0003718198   0.0001491858   0.0005553456   0.0032277471
       -0.0029164023   0.0001135223  -0.0000399327   0.0001854351   0.0007174656
        0.0000175419   0.0007878056  -0.0000532203  -0.0001281244   0.0002453351
        0.2751887011  -0.1089082901  -0.0210935125   0.0005028769  -0.0014159920
       -0.0007524903  -0.0006741949   0.0001901684  -0.0000233323  -0.0001246998
       -0.0007527158  -0.0000431824  -0.0007334674   0.0002688036   0.0001953624
       -0.0006327139  -0.0000713079  -0.0001185903  -0.0015219298  -0.0048568173
        0.0018000363   0.0000663264   0.0000696542  -0.0000677087  -0.0009756042
       -0.0012902713   0.0001334898   0.0002050309   0.0003507143  -0.0006837620
        0.0001451792  -0.0013915765  -0.0011902399   0.0063959391  -0.0024264354
       -0.0017189207   0.0991183678  -0.0728763285  -0.0056279059   0.0024290545
       -0.0000328651   0.0004593279   0.0023576886   0.0067366813   0.0001040841
       -0.0005262170  -0.0001728091   0.0003077621   0.0033398152   0.0053158678
        0.0020454067   0.0000127383  -0.0000098619  -0.0001184587  -0.0000317581
        0.0009128451  -0.0003361552  -0.0000616955  -0.0000316168  -0.0001784403
       -0.1089082901   0.0732261245   0.0053090830  -0.0013876720  -0.0020947094
       -0.0000066116   0.0000581554  -0.0000991121   0.0000386638  -0.0006058007
       -0.0014171011  -0.0001244474   0.0005233859   0.0001589252  -0.0000266128
        0.0001881498   0.0001034372  -0.0000781753  -0.0000696481   0.0002580229
        0.0007930377  -0.0000312189   0.0000266161  -0.0000644643   0.0001840711
       -0.0002997260   0.0001467833  -0.0005893177   0.0011423380  -0.0024121196
       -0.0003276044  -0.0004333142   0.0008813419  -0.0200356068   0.0086639778
        0.0024037611   0.0139353252  -0.0046117451  -0.0437864408   0.0245787045
       -0.0101346850  -0.0033305471   0.0027636550   0.0002534533  -0.0045126952
       -0.0000451900   0.0000592693  -0.0004159950  -0.0022594724   0.0018840074
       -0.0036155859   0.0001253171  -0.0003222618   0.0002775674   0.0018096692
       -0.0008838624  -0.0024181269  -0.0000105458  -0.0001843063   0.0002390141
       -0.0210935125   0.0053090830   0.0553385924   0.0008284164  -0.0006306747
        0.0007005485   0.0012865291  -0.0004023755  -0.0001467014  -0.0000411016
       -0.0001521629   0.0000483575  -0.0011966194   0.0003549088  -0.0000481522
        0.0000876130   0.0000027891  -0.0000345819  -0.0000022190  -0.0000086292
        0.0000470758   0.0000021290   0.0000895599  -0.0000023735   0.0001438233
       -0.0000737924   0.0001512458  -0.0000456102   0.0000034767  -0.0000214575
        0.0002161035   0.0000308538   0.0002943556   0.0007351023   0.0024618543
        0.0026208808   0.0056747291  -0.0027919148   0.0091649771  -0.1094947994
        0.0393777478  -0.1054484158  -0.0163510310   0.0089892815  -0.0222510363
       -0.0043013777   0.0044943965   0.0010471512  -0.0000395332  -0.0001152851
        0.0006127899   0.0000139249  -0.0000094958   0.0000001434   0.0000378396
       -0.0000204802   0.0000070192  -0.0000901494  -0.0000699590   0.0002150683
        0.0005028769  -0.0013876720   0.0008284164   0.1236004353  -0.0496680717
        0.1147961068   0.0001968273  -0.0009494011  -0.0008046538  -0.0007907129
        0.0002605635  -0.0011997990  -0.0000959716  -0.0006158218  -0.0000229125
       -0.0000251684  -0.0001134261  -0.0000345635  -0.0002327457   0.0000090264
        0.0005002154   0.0000052606   0.0000120742  -0.0000474408   0.0000358933
       -0.0003017291   0.0004620997  -0.0000766474   0.0000305239  -0.0002896942
        0.0000096343   0.0005231162  -0.0003797416   0.0020150285   0.0070353420
       -0.0001523564  -0.0003753092   0.0008153678  -0.0002120218   0.0405807006
       -0.0567974370   0.0583614994   0.0057177441  -0.0018679007   0.0082808453
        0.0045327873   0.0060074871   0.0008136982   0.0003900477  -0.0002486918
       -0.0005328437  -0.0000134706   0.0000054070  -0.0000051650  -0.0000063157
       -0.0000309867   0.0000182430  -0.0000312185  -0.0001346393  -0.0000666303
       -0.0014159920  -0.0020947094  -0.0006306747  -0.0496680717   0.0508983725
       -0.0663404098  -0.0010657390  -0.0020275683   0.0000101501   0.0002094183
       -0.0002953613   0.0004377706  -0.0005858364  -0.0014242674  -0.0001929797
        0.0000365158  -0.0000544012   0.0000641047  -0.0001551058   0.0002290051
       -0.0006411793   0.0000801617  -0.0000222002   0.0000343759   0.0000754025
       -0.0000346734   0.0003131324  -0.0001103910   0.0000351305  -0.0000193862
       -0.0008968270   0.0004652484  -0.0011680451   0.0032301080   0.0000846409
       -0.0041029830  -0.0126292870   0.0075797119  -0.0253318104  -0.1050276112
        0.0584353024  -0.2110607430  -0.0007337380   0.0001983191   0.0011069345
        0.0005952070   0.0004301349   0.0010783106   0.0005436327  -0.0002529985
        0.0004506764  -0.0000107003   0.0000054814   0.0000432300  -0.0000400444
        0.0000295855  -0.0000810225   0.0001459728   0.0000182634  -0.0003290179
       -0.0007524903  -0.0000066116   0.0007005485   0.1147961068  -0.0663404098
        0.2379538944   0.0006754190  -0.0005644881   0.0008705869   0.0001499339
       -0.0000678060   0.0000474856   0.0000277348  -0.0001672346   0.0000709075
        0.0000224227  -0.0001061607   0.0000641963  -0.0000005215   0.0002855247
        0.0000008622  -0.0000102730   0.0000422530  -0.0000510983  -0.0001410787
       -0.0000267162   0.0003088383   0.0000762956  -0.0000531558  -0.0000934960
       -0.0000996831  -0.0005320662  -0.0003224694  -0.0003969967   0.0002150861
       -0.0006722054  -0.0040519039   0.0044145038   0.0008407243  -0.0134742366
        0.0029779788   0.0252061937  -0.0888097338   0.0106735543   0.0972424861
        0.0058990757  -0.0006878354  -0.0124838247   0.0001349756   0.0031681146
       -0.0025954918   0.0000561829  -0.0000243771   0.0000238085   0.0000581560
       -0.0000287249  -0.0000444572  -0.0000150762  -0.0000052816   0.0000380832
       -0.0006741949   0.0000581554   0.0012865291   0.0001968273  -0.0010657390
        0.0006754190   0.1005415791  -0.0182890146  -0.1076123612   0.0004268401
       -0.0009786787  -0.0010210823   0.0002613434  -0.0000374206  -0.0007906545
        0.0000623285  -0.0000164870   0.0000108931  -0.0000026801   0.0000937959
       -0.0000290736   0.0000364022  -0.0000005491  -0.0000165652  -0.0007570851
       -0.0001258863   0.0007639617   0.0003070862  -0.0000015903  -0.0004718050
       -0.0002430764  -0.0014873191  -0.0005181018   0.0001661481   0.0000998470
        0.0002250456   0.0044157194   0.0060581750   0.0003968974   0.0051900924
       -0.0001950064  -0.0087852222   0.0106988168  -0.0384170069  -0.0171366986
       -0.0026393070   0.0014555016   0.0070759841   0.0030670232   0.0067095040
        0.0020706914   0.0000342640   0.0000095879   0.0000070200  -0.0000170964
       -0.0000193386  -0.0000102816   0.0000147944   0.0000260971  -0.0000490492
        0.0001901684  -0.0000991121  -0.0004023755  -0.0009494011  -0.0020275683
       -0.0005644881  -0.0182890146   0.0301583840   0.0170129781  -0.0011112026
       -0.0020919687   0.0000999332  -0.0001739803  -0.0001290599   0.0003202561
       -0.0000497963   0.0000551353   0.0000137153  -0.0000382546  -0.0001392473
       -0.0001617905   0.0000110403  -0.0000146906   0.0000744583  -0.0000559944
       -0.0000363213   0.0002356919   0.0000526137   0.0000164429   0.0000130307
        0.0000054384  -0.0001017989  -0.0000643175  -0.0006284426   0.0002383594
        0.0007072602   0.0009058816   0.0002489393   0.0009856469   0.0033319465
       -0.0007781484  -0.0040318416   0.0973357744  -0.0169205941  -0.2512439798
        0.0091808455  -0.0010984097  -0.0248457721  -0.0026867496   0.0020287060
       -0.0036554656   0.0000075678   0.0000061668  -0.0000025144  -0.0000297374
        0.0000094323   0.0000015936  -0.0000318016   0.0000016147   0.0000997153
       -0.0000233323   0.0000386638  -0.0001467014  -0.0008046538   0.0000101501
        0.0008705869  -0.1076123612   0.0170129781   0.2816165613   0.0005239527
       -0.0004852169   0.0006455975   0.0006060629  -0.0000921614  -0.0011114752
        0.0000955983  -0.0000911662   0.0000502237   0.0000169600   0.0002580463
        0.0000069004   0.0000873631   0.0000678572  -0.0000139156  -0.0001552981
        0.0000586459   0.0000141152  -0.0000017464  -0.0000417398   0.0001035730
       -0.0004965316   0.0001854925  -0.0001597353   0.0008037003   0.0022141931
        0.0029560960   0.0008307163  -0.0004288680  -0.0001316546  -0.0000316781
        0.0032505812  -0.0029566991  -0.0165710354   0.0066164043  -0.0005552329
       -0.2656611599   0.0835685262   0.0204978262  -0.0142014875   0.0052798531
        0.0034907869  -0.0000282087  -0.0000273952  -0.0000059893   0.0000347027
       -0.0000109422  -0.0000123808  -0.0000414904   0.0000093041  -0.0000461926
       -0.0001246998  -0.0006058007  -0.0000411016  -0.0007907129   0.0002094183
        0.0001499339   0.0004268401  -0.0011112026   0.0005239527   0.2953066802
       -0.0983972324  -0.0231173682   0.0005014880  -0.0010039750  -0.0007531380
       -0.0000466504   0.0000216126  -0.0000024053   0.0000972351   0.0001068039
       -0.0000160310   0.0000657552  -0.0000157266  -0.0000147688  -0.0004828610
        0.0003082059  -0.0000343799   0.0002563926   0.0000047188  -0.0000328689
        0.0003685397  -0.0004359961   0.0000279355   0.0025281458   0.0072270923
        0.0003515702  -0.0003158324  -0.0002934255   0.0000522511   0.0033037182
        0.0065932935   0.0019606976   0.0084935772  -0.0018647255   0.0001237449
        0.0839211061  -0.0667668209  -0.0067710361   0.0029100028  -0.0000260243
       -0.0005293330  -0.0000116601  -0.0000091555   0.0000055405  -0.0000150082
       -0.0000108361  -0.0000018116   0.0000223022   0.0000243197   0.0000014046
       -0.0007527158  -0.0014171011  -0.0001521629   0.0002605635  -0.0002953613
       -0.0000678060  -0.0009786787  -0.0020919687  -0.0004852169  -0.0983972324
        0.0610972177   0.0056468276  -0.0012266996  -0.0021561229  -0.0000621519
       -0.0000440838   0.0000164469   0.0000808641  -0.0000166314  -0.0000495304
       -0.0001621893  -0.0000192081  -0.0000160574  -0.0000492700   0.0000401057
        0.0000192447   0.0000728937   0.0002059197   0.0000049841  -0.0002284515
        0.0012257508  -0.0004929191  -0.0002361168   0.0027881789   0.0004149223
       -0.0043137390  -0.0000845389   0.0000557250  -0.0006840128  -0.0027465515
        0.0020505395  -0.0034565092  -0.0222237635   0.0082039004   0.0011156391
        0.0203373326  -0.0066879999  -0.0459063220   0.0250198687  -0.0089095855
       -0.0037730747   0.0000887979   0.0000116800   0.0000059034  -0.0000487199
        0.0000121302  -0.0000155847   0.0000583979  -0.0000322969   0.0001627797
       -0.0000431824  -0.0001244474   0.0000483575  -0.0011997990   0.0004377706
        0.0000474856  -0.0010210823   0.0000999332   0.0006455975  -0.0231173682
        0.0056468276   0.0560049677   0.0008005768  -0.0006612679   0.0006407816
        0.0001414864  -0.0001345214   0.0000062859  -0.0002520467   0.0002820596
       -0.0002267349   0.0000339608   0.0000835240   0.0000810778   0.0000947971
        0.0001929126   0.0001588778   0.0002634182  -0.0001817860  -0.0000992347
       -0.0001949016  -0.0008146117  -0.0020114371  -0.0164988751   0.0089680152
       -0.0222481290  -0.0042997082   0.0041577785   0.0011954175  -0.0001452967
       -0.0001569353   0.0005730413   0.0007812747   0.0024144983   0.0028591073
        0.0061529884  -0.0029638561   0.0087304921  -0.1080742463   0.0394304814
       -0.1028068573   0.0000788785  -0.0000309464   0.0000292201   0.0001997469
       -0.0000483104  -0.0000461373  -0.0006087034   0.0001989159   0.0012315412
       -0.0007334674   0.0005233859  -0.0011966194  -0.0000959716  -0.0005858364
        0.0000277348   0.0002613434  -0.0001739803   0.0006060629   0.0005014880
       -0.0012266996   0.0008005768   0.1223938348  -0.0499340878   0.1123357141
       -0.0000140292   0.0000329730  -0.0000241049   0.0000293674   0.0000301148
        0.0001155891   0.0001296453   0.0000133656  -0.0000033655  -0.0013055727
       -0.0001677248  -0.0001233802   0.0003892295   0.0000319749   0.0000385524
       -0.0004714598  -0.0021652906   0.0002945609   0.0075363602  -0.0026689481
        0.0081035758   0.0039315477   0.0056267329   0.0003147920  -0.0003747984
       -0.0001389376  -0.0000466475   0.0026269497   0.0070010994   0.0004424406
       -0.0002399554   0.0012668943  -0.0009654399   0.0388626399  -0.0566920055
        0.0607342469   0.0000296961  -0.0000372178  -0.0000300152  -0.0000779543
       -0.0000033689   0.0000238193   0.0002708357   0.0001945878  -0.0004977412
        0.0002688036   0.0001589252   0.0003549088  -0.0006158218  -0.0014242674
       -0.0001672346  -0.0000374206  -0.0001290599  -0.0000921614  -0.0010039750
       -0.0021561229  -0.0006612679  -0.0499340878   0.0512262755  -0.0678111275
        0.0001045575  -0.0000882024   0.0000636668  -0.0001991526   0.0001776718
       -0.0001811026   0.0000902693   0.0000377446   0.0000994827  -0.0002683482
       -0.0001505716   0.0000678490   0.0000411695  -0.0000169079  -0.0000810429
        0.0018840916  -0.0008065753   0.0009240240  -0.0019724334   0.0008640547
       -0.0004878302   0.0004644899   0.0005243948   0.0009251798   0.0005371309
       -0.0002637025   0.0003334844   0.0032087064   0.0002067507  -0.0045742062
       -0.0127073884   0.0078384573  -0.0249664252  -0.1024455958   0.0595954612
       -0.2084217321   0.0000514917  -0.0000136545  -0.0000243935   0.0000076132
       -0.0000224379  -0.0000047083   0.0002390268  -0.0001098669   0.0001089629
        0.0001953624  -0.0000266128  -0.0000481522  -0.0000229125  -0.0001929797
        0.0000709075  -0.0007906545   0.0003202561  -0.0011114752  -0.0007531380
       -0.0000621519   0.0006407816   0.1123357141  -0.0678111275   0.2366667298
