$hessian                                                                        
        0.0830376147  -0.0087522676  -0.0271806954  -0.0759073619   0.0083182421
        0.0254982930  -0.0009719513   0.0011591326   0.0000381484  -0.0045587115
       -0.0002165666  -0.0004199592   0.0007867489  -0.0002453442   0.0008676041
       -0.0033590129  -0.0017049901   0.0009259783   0.0003232662   0.0008817735
        0.0002352216   0.0009488126   0.0001560994  -0.0002217132  -0.0001725775
        0.0000604776   0.0000135024  -0.0000223506   0.0000537948   0.0001718559
        0.0000486082   0.0000426462   0.0001157471   0.0000883285  -0.0000458450
        0.0000508498  -0.0000380463   0.0000278375  -0.0000734573   0.0000306225
       -0.0000851460  -0.0001188342  -0.0001463140   0.0000592800  -0.0000023986
        0.0000983290   0.0001223499   0.0001318784  -0.0001190222   0.0000065652
       -0.0000885021   0.0000207078   0.0000360949  -0.0000292312  -0.0000102222
        0.0000418313   0.0000266725  -0.0000078064   0.0000248855   0.0000388643
        0.0000277743   0.0000587349   0.0000153059  -0.0000974360   0.0000004141
        0.0000048695
       -0.0087522676   0.0093062282   0.0038661369   0.0061616161  -0.0085298558
       -0.0029834193   0.0048861430  -0.0009439472  -0.0020047261  -0.0009086936
        0.0003071154   0.0003603308   0.0002575271  -0.0002260214  -0.0003569652
       -0.0015440098  -0.0006693804   0.0009169309  -0.0000124787   0.0001071257
        0.0000648753   0.0000803660   0.0000726877   0.0001180102  -0.0000346275
        0.0002734356  -0.0001578764  -0.0000842940  -0.0000097169  -0.0000628605
       -0.0000866577   0.0000618139  -0.0000616121  -0.0000263334   0.0001181181
        0.0000043236  -0.0000567845   0.0000658273   0.0000330452  -0.0001484672
        0.0000519852   0.0000124840   0.0001627029   0.0000942133   0.0000276991
        0.0000000900   0.0000066859  -0.0001209041   0.0000560468  -0.0002291923
        0.0002953910  -0.0000666620  -0.0000814314   0.0000250156  -0.0000216227
        0.0000701244   0.0000019421   0.0000600791   0.0000909337  -0.0000368035
        0.0000317900   0.0000791853  -0.0000621049   0.0000465375  -0.0000159344
        0.0001210875
       -0.0271806954   0.0038661369   0.0228894648   0.0258405233  -0.0037847596
       -0.0204137909  -0.0004908936  -0.0005236753  -0.0002329310  -0.0044012237
        0.0006317535   0.0014706500   0.0049570581  -0.0005859526  -0.0031149621
        0.0015130145   0.0009093535  -0.0012451553  -0.0002829789  -0.0004954038
        0.0001277442  -0.0001803687  -0.0001427052   0.0006022248   0.0002833548
        0.0001009012   0.0000468268   0.0001048960   0.0000686203  -0.0002443335
       -0.0000505657  -0.0000186867   0.0000389343   0.0000089537   0.0000471845
        0.0000838541   0.0001163413  -0.0000102764   0.0000893177   0.0000422010
       -0.0000012435   0.0002701341   0.0000726651  -0.0000105972  -0.0001207640
        0.0000653237   0.0001485902  -0.0001967095  -0.0000719778  -0.0000344759
       -0.0001347831  -0.0000561756  -0.0000181490  -0.0000190897  -0.0000627703
       -0.0000093477   0.0001118912   0.0000029377  -0.0000065515   0.0001365030
        0.0000535419  -0.0000384584   0.0000670538  -0.0002831613  -0.0000922574
       -0.0002120794
       -0.0759073619   0.0061616161   0.0258405233   0.1267022135   0.0002684952
       -0.0002709407  -0.0126145883   0.0081989914  -0.0009153451  -0.0220771662
       -0.0049536301  -0.0213838739  -0.0101141942  -0.0020741718  -0.0036636637
       -0.0091700079  -0.0058849561   0.0001231019   0.0001244742  -0.0006615276
        0.0010190739   0.0017211933  -0.0037510694   0.0013667018   0.0014963375
        0.0000376125  -0.0014685714  -0.0007642862  -0.0004247118  -0.0015418717
       -0.0005285199   0.0001339328  -0.0007116846  -0.0005652752   0.0006933585
       -0.0001893431  -0.0004019037   0.0014186632   0.0001152531   0.0016359786
        0.0021458230   0.0003657284   0.0000257934   0.0000086745   0.0000009904
        0.0000067035  -0.0005177070  -0.0009124226  -0.0001645868  -0.0005847210
        0.0005356177  -0.0003362552  -0.0004000611  -0.0002128040   0.0000364604
        0.0001349419   0.0000506204   0.0001841874   0.0000774921   0.0000007109
        0.0000616585   0.0000535559   0.0001327519   0.0006491449  -0.0000806012
        0.0017194471
        0.0083182421  -0.0085298558  -0.0037847596   0.0002684952   0.1111841196
        0.0020747841   0.0067654906  -0.0582524807   0.0037942855  -0.0046451928
       -0.0097000155  -0.0063427142  -0.0010144390  -0.0078137297  -0.0011117784
       -0.0033050590  -0.0214550925   0.0019936114  -0.0003437633  -0.0025332841
        0.0022315627  -0.0078116193  -0.0016277693   0.0021893859   0.0009684497
        0.0000504679   0.0000440034  -0.0005282320  -0.0000575986  -0.0017586669
       -0.0000382056  -0.0005136341  -0.0002050778   0.0000947706   0.0001291627
        0.0001725298   0.0002343945  -0.0003819916   0.0006764682  -0.0004907055
        0.0002082547   0.0020707593   0.0008501773  -0.0015847977   0.0002937277
       -0.0009960825   0.0015539392  -0.0025272299   0.0008714020  -0.0002490634
        0.0013527499  -0.0002734917  -0.0003219539  -0.0004444467   0.0002310662
       -0.0000975066   0.0000338914   0.0002811928  -0.0000826084  -0.0000793870
        0.0004507253  -0.0003698999  -0.0003908574   0.0001123845   0.0004453377
       -0.0002828412
        0.0254982930  -0.0029834193  -0.0204137909  -0.0002709407   0.0020747841
        0.1273461052  -0.0007421069   0.0030440896  -0.0115462383  -0.0164585218
       -0.0033370853  -0.0364675507  -0.0096380917  -0.0048415680  -0.0503625245
        0.0003892742   0.0069093166  -0.0079086831   0.0010167072  -0.0005773243
        0.0004817174   0.0012454119   0.0019202013   0.0001960387   0.0005099755
        0.0006953135   0.0009816297   0.0005653898   0.0010504339  -0.0000342441
        0.0000013620   0.0002998826  -0.0002751011   0.0002345767   0.0002487367
        0.0002591367   0.0000747632  -0.0005965286  -0.0001367125  -0.0001496868
       -0.0011752718   0.0019370172  -0.0006296023  -0.0001328954  -0.0004085916
       -0.0005889861  -0.0020863377   0.0003135634   0.0001475329   0.0008543780
       -0.0014616696  -0.0002970922  -0.0005549055  -0.0004288900  -0.0003441110
        0.0000576414  -0.0001100978  -0.0002061562  -0.0000539276   0.0000809899
        0.0000364947  -0.0003859759   0.0000941074  -0.0003944853  -0.0004295382
       -0.0021362115
       -0.0009719513   0.0048861430  -0.0004908936  -0.0126145883   0.0067654906
       -0.0007421069   0.0121244934  -0.0089096696   0.0048048538   0.0009405570
       -0.0042781261  -0.0014088283   0.0004192819   0.0026835853  -0.0023111462
        0.0005629598   0.0002000829   0.0000665962   0.0000204171  -0.0003455120
       -0.0000133407  -0.0007127922  -0.0001322729   0.0001132802   0.0000620063
        0.0001580193  -0.0000432066  -0.0000125266   0.0000694699  -0.0001659029
        0.0000161669  -0.0001275091   0.0000818916   0.0000040804  -0.0001932169
        0.0000630878  -0.0000832831  -0.0002198005   0.0001001366  -0.0001903489
       -0.0000689429   0.0001699218   0.0003340829  -0.0000202495   0.0000888128
       -0.0001162238   0.0001910057  -0.0003409944   0.0002542182  -0.0000532828
        0.0002714481   0.0000842938  -0.0001295399  -0.0000601959  -0.0000014542
       -0.0001909237  -0.0000083498  -0.0000662636  -0.0001814816   0.0000021941
       -0.0000370900  -0.0001378346  -0.0000998744  -0.0000160358   0.0000345653
       -0.0000773834
        0.0011591326  -0.0009439472  -0.0005236753   0.0081989914  -0.0582524807
        0.0030440896  -0.0089096696   0.0684543574  -0.0026199426  -0.0028490418
       -0.0076026007  -0.0057145285   0.0014776512  -0.0033340388   0.0064940835
       -0.0004379434   0.0010822346  -0.0009689509   0.0000981118   0.0004836082
        0.0004610342   0.0011351984   0.0003607364  -0.0003557937  -0.0003366313
        0.0003820037   0.0001857754   0.0002566501  -0.0000054708   0.0004022984
        0.0000638658   0.0000177416   0.0001032691   0.0000813695  -0.0001088987
       -0.0000615247   0.0000989722  -0.0001872676  -0.0001906404  -0.0000811725
       -0.0004556192  -0.0001540497   0.0001157333  -0.0000402039   0.0000554289
        0.0001380124   0.0000691640  -0.0000103509  -0.0000088407  -0.0000311650
       -0.0000289191   0.0000640110   0.0000724206   0.0000318447  -0.0000143081
       -0.0000140051   0.0000003979  -0.0001174739  -0.0000055974  -0.0000072640
       -0.0001156883   0.0000634403   0.0000976513  -0.0000169301  -0.0000044118
       -0.0002402333
        0.0000381484  -0.0020047261  -0.0002329310  -0.0009153451   0.0037942855
       -0.0115462383   0.0048048538  -0.0026199426   0.0199990714  -0.0010513060
       -0.0087025603  -0.0019979297  -0.0026167484   0.0095713808  -0.0055441861
       -0.0002419547  -0.0004409173  -0.0010854209  -0.0001418964  -0.0003848894
        0.0006959959   0.0002706896   0.0002823726   0.0003094821   0.0000488104
       -0.0000319568   0.0000956635   0.0000861975  -0.0001007908   0.0000237812
       -0.0000568339  -0.0001320014  -0.0000524223  -0.0000365506   0.0000622735
       -0.0000943979   0.0000448439   0.0001323766  -0.0002209568  -0.0000556332
        0.0001873326  -0.0002820752   0.0000370200  -0.0000201887   0.0002032360
        0.0000373407   0.0001546058  -0.0000681567  -0.0001617088   0.0000668614
       -0.0000702984   0.0000458165  -0.0000611974   0.0001190363   0.0000522975
       -0.0001392276  -0.0000068815   0.0000166809  -0.0000134897  -0.0002084100
       -0.0000825146   0.0002278473  -0.0001800847  -0.0001222073   0.0001725519
        0.0001441231
       -0.0045587115  -0.0009086936  -0.0044012237  -0.0220771662  -0.0046451928
       -0.0164585218   0.0009405570  -0.0028490418  -0.0010513060   0.0252033336
        0.0054382928   0.0246671425  -0.0000933323   0.0008863299  -0.0007284195
        0.0032177019   0.0037315957  -0.0035535855  -0.0005388721  -0.0012057202
       -0.0000729300  -0.0015522019   0.0001457258  -0.0003168558  -0.0008338590
       -0.0005776553   0.0005224012  -0.0005640338  -0.0006776186   0.0004191916
       -0.0000093580  -0.0002410405   0.0003557143   0.0001189578  -0.0001642622
        0.0000190928   0.0001213691  -0.0000470491  -0.0000624819   0.0000272041
       -0.0000901991  -0.0005290485   0.0002358359  -0.0001560561   0.0002908592
       -0.0004970637   0.0005475672  -0.0000005083   0.0003469063   0.0000172518
        0.0000753977  -0.0000535839   0.0004568496   0.0002270153   0.0001551069
        0.0000568546   0.0000894215   0.0000226321   0.0000830191   0.0000827494
        0.0000604111   0.0000832408   0.0001105891   0.0003281666   0.0001158021
        0.0003153065
       -0.0002165666   0.0003071154   0.0006317535  -0.0049536301  -0.0097000155
       -0.0033370853  -0.0042781261  -0.0076026007  -0.0087025603   0.0054382928
        0.0238431683   0.0005583340   0.0007517177  -0.0010435610  -0.0008167212
        0.0025933457  -0.0032103751   0.0069180497  -0.0001492192  -0.0020768160
        0.0022810290   0.0008211275  -0.0002989181   0.0004861227  -0.0000358882
       -0.0001176998   0.0001732548  -0.0003319747  -0.0005710220   0.0000583391
       -0.0000305782  -0.0000115527   0.0001376248  -0.0000006913   0.0000164978
       -0.0000658475  -0.0000956709   0.0001499801  -0.0001364163  -0.0000054383
        0.0001325396  -0.0002237247   0.0003659831   0.0001769288   0.0005194098
        0.0003827157  -0.0002579777   0.0009033071  -0.0002466586   0.0001662906
        0.0002991067   0.0002082790   0.0001327475   0.0002862871  -0.0000257946
       -0.0001396474  -0.0000148595  -0.0000987069  -0.0000006286  -0.0000459131
       -0.0000992395   0.0001068911  -0.0000069738   0.0000067217  -0.0000013448
        0.0000974836
       -0.0004199592   0.0003603308   0.0014706500  -0.0213838739  -0.0063427142
       -0.0364675507  -0.0014088283  -0.0057145285  -0.0019979297   0.0246671425
        0.0005583340   0.0513934931   0.0018459110   0.0006569397   0.0004222990
       -0.0015542979   0.0110844647  -0.0113819664  -0.0014546158  -0.0010133667
       -0.0013684436  -0.0016296765  -0.0009077137   0.0003417507   0.0006647801
        0.0001923938  -0.0008558990   0.0001353105  -0.0002443183  -0.0008070162
       -0.0001642110   0.0000487113  -0.0001609443  -0.0000951695  -0.0000632336
       -0.0001398642  -0.0000220520   0.0001281259   0.0000903149   0.0000717916
        0.0007058552   0.0002400625   0.0001747286  -0.0000552212   0.0000082016
        0.0001346646   0.0007128798  -0.0011154331   0.0004028587  -0.0001165311
        0.0001220698  -0.0000119300   0.0001185869  -0.0001622584   0.0001803983
       -0.0000022824   0.0000020879   0.0000413947  -0.0000244057  -0.0000149165
       -0.0000201091  -0.0000235400   0.0000428696  -0.0001542574  -0.0000587668
        0.0003384231
        0.0007867489   0.0002575271   0.0049570581  -0.0101141942  -0.0010144390
       -0.0096380917   0.0004192819   0.0014776512  -0.0026167484  -0.0000933323
        0.0007517177   0.0018459110   0.0118250355   0.0028031787   0.0100335431
       -0.0004109108  -0.0033266100  -0.0029122483   0.0000390386  -0.0004596462
       -0.0006994823   0.0000112275   0.0001340053  -0.0002456511   0.0000715235
        0.0001555949   0.0000321009   0.0002233942   0.0003006732  -0.0001857172
        0.0001647434   0.0000245266  -0.0000351619   0.0001464901   0.0000561896
       -0.0001165113  -0.0002191981  -0.0002579512  -0.0003437274  -0.0007272645
       -0.0003380658   0.0013172604  -0.0001321076  -0.0000527172  -0.0000098971
       -0.0000770864  -0.0002717074   0.0001385475  -0.0000982948   0.0003201390
       -0.0001943248   0.0000607742  -0.0001194854  -0.0001227248  -0.0000171672
       -0.0000460219  -0.0001659226  -0.0001081108   0.0000208495  -0.0001775579
       -0.0000537710  -0.0000512184  -0.0000654624  -0.0016968199  -0.0003641901
       -0.0007951919
       -0.0002453442  -0.0002260214  -0.0005859526  -0.0020741718  -0.0078137297
       -0.0048415680   0.0026835853  -0.0033340388   0.0095713808   0.0008863299
       -0.0010435610   0.0006569397   0.0028031787   0.0196755161   0.0048353869
       -0.0042591126  -0.0068179242  -0.0063556205  -0.0007773908  -0.0004274253
       -0.0019422955   0.0016148639   0.0002056245  -0.0007712972   0.0002412605
       -0.0000195957  -0.0000853506   0.0000524705   0.0000800422   0.0000744189
       -0.0000371269   0.0001658108   0.0000274370   0.0000028720   0.0000086654
        0.0000750290  -0.0000244168  -0.0001105512  -0.0000514064  -0.0001575955
        0.0000634984  -0.0001725017  -0.0000708360   0.0000567295  -0.0000715200
       -0.0003787521  -0.0006188309  -0.0001341693   0.0000756803   0.0002572464
       -0.0003831853   0.0000243064   0.0000556282  -0.0000595967  -0.0000464895
        0.0001478890  -0.0000284168  -0.0000274954   0.0000604864   0.0001029583
       -0.0000884843  -0.0000168902   0.0001923246  -0.0001973315  -0.0003485683
       -0.0000529947
        0.0008676041  -0.0003569652  -0.0031149621  -0.0036636637  -0.0011117784
       -0.0503625245  -0.0023111462   0.0064940835  -0.0055441861  -0.0007284195
       -0.0008167212   0.0004222990   0.0100335431   0.0048353869   0.0621862828
       -0.0046155571  -0.0095007017  -0.0025368803  -0.0004778166   0.0000352116
       -0.0008616684   0.0015440234   0.0009755067  -0.0008611873  -0.0001410995
       -0.0002369179   0.0001505779   0.0000776859   0.0000444303   0.0003762187
        0.0000884173   0.0000296522   0.0002168912   0.0000746016  -0.0001758655
       -0.0000173857   0.0000716664  -0.0000873342   0.0000453994  -0.0004915046
       -0.0002110813  -0.0006660045  -0.0002016824   0.0000822617  -0.0000873271
       -0.0000858778  -0.0001648864   0.0003287479  -0.0001743792  -0.0002369225
       -0.0000578946   0.0001252241   0.0002079499   0.0001146510   0.0000409889
        0.0000427709   0.0000357291   0.0000429652   0.0000366834   0.0000459182
       -0.0000181050   0.0001190311  -0.0000218224  -0.0000574683  -0.0000037938
        0.0002091280
       -0.0033590129  -0.0015440098   0.0015130145  -0.0091700079  -0.0033050590
        0.0003892742   0.0005629598  -0.0004379434  -0.0002419547   0.0032177019
        0.0025933457  -0.0015542979  -0.0004109108  -0.0042591126  -0.0046155571
        0.2135025809   0.1104883615  -0.0042766588  -0.0662665287  -0.0589762315
       -0.0407561668  -0.0934301096  -0.0267890440   0.0402801423  -0.0402780150
       -0.0018788434   0.0011928610   0.0000348459   0.0007754909   0.0059130852
        0.0000101966   0.0030726054  -0.0009693084   0.0003829526  -0.0010079811
        0.0001735005  -0.0006132171   0.0007725402  -0.0023912471   0.0028037969
       -0.0040968793  -0.0046668673   0.0095629197   0.0054933417   0.0020225385
       -0.0092135473  -0.0118613512  -0.0012566727  -0.0059530480  -0.0070840780
        0.0073265875  -0.0002177934  -0.0003769475   0.0005668819  -0.0001662768
       -0.0000364774  -0.0000563231  -0.0004279182  -0.0005891097   0.0004489418
       -0.0001238300  -0.0002062800   0.0001658680  -0.0004477387  -0.0007463376
        0.0007923586
       -0.0017049901  -0.0006693804   0.0009093535  -0.0058849561  -0.0214550925
        0.0069093166   0.0002000829   0.0010822346  -0.0004409173   0.0037315957
       -0.0032103751   0.0110844647  -0.0033266100  -0.0068179242  -0.0095007017
        0.1104883615   0.2602751731   0.0297047387  -0.0513436420  -0.1481964746
       -0.0490439171  -0.0245076955  -0.0514617667   0.0238057429   0.0102570190
        0.0123154696  -0.0052131078   0.0004211124  -0.0004621706   0.0011364360
       -0.0004100866   0.0004264747   0.0007785939   0.0003255642   0.0000466781
        0.0000923106  -0.0012582645   0.0000398398   0.0002633559   0.0006187481
        0.0012346220  -0.0019129796  -0.0211752143  -0.0306320714  -0.0056645924
       -0.0051282119  -0.0052527492  -0.0047068408  -0.0114126734  -0.0082114348
        0.0015970472  -0.0000180787   0.0001669878  -0.0000506879  -0.0000552209
        0.0002110531  -0.0000177651   0.0002013587   0.0004104443  -0.0001070009
       -0.0000181035   0.0003036529   0.0000749666  -0.0000000946  -0.0001431905
        0.0003021838
        0.0009259783   0.0009169309  -0.0012451553   0.0001231019   0.0019936114
       -0.0079086831   0.0000665962  -0.0009689509  -0.0010854209  -0.0035535855
        0.0069180497  -0.0113819664  -0.0029122483  -0.0063556205  -0.0025368803
       -0.0042766588   0.0297047387   0.1495270563  -0.0319948384  -0.0367731394
       -0.0596266210   0.0239231405   0.0179991366  -0.0554115827   0.0090005707
       -0.0061860577   0.0031130104  -0.0013971345  -0.0001519531  -0.0024294569
        0.0002568771  -0.0008466156   0.0001990722  -0.0002193108   0.0001851337
       -0.0001051122   0.0006436670  -0.0001618036   0.0008787333  -0.0007653593
        0.0013872979   0.0018850588   0.0031264405  -0.0046123402   0.0004875823
       -0.0198649423  -0.0235526210  -0.0063520816   0.0264492128   0.0198486565
       -0.0084218828   0.0000072381   0.0000582394   0.0004112826  -0.0001148331
       -0.0003303129   0.0004395683   0.0000396185   0.0000573174   0.0000705052
        0.0002204521   0.0002833885  -0.0001744926   0.0003160172   0.0005869142
       -0.0003325333
        0.0003232662  -0.0000124787  -0.0002829789   0.0001244742  -0.0003437633
        0.0010167072   0.0000204171   0.0000981118  -0.0001418964  -0.0005388721
       -0.0001492192  -0.0014546158   0.0000390386  -0.0007773908  -0.0004778166
       -0.0662665287  -0.0513436420  -0.0319948384   0.3345629502  -0.1637867030
        0.0653827844  -0.0730177576   0.0599155835   0.0738467663  -0.0035302013
        0.0155907218   0.0152789775   0.0004614713  -0.0006865698  -0.0000658940
        0.0003758744  -0.0000218102   0.0007372268   0.0000590646   0.0003279879
        0.0001479657   0.0000698098   0.0011064947   0.0007090442  -0.0031776373
        0.0021753640  -0.0003704385  -0.1161569920   0.1201649391  -0.0309834710
       -0.0703307426   0.0212083898  -0.0912032643  -0.0019008804  -0.0044596827
       -0.0005570591  -0.0012615251   0.0005082384   0.0004106249   0.0000901206
        0.0000329068   0.0001084960   0.0001029808   0.0001781407   0.0000690733
       -0.0000928636   0.0002277418  -0.0000043967   0.0000445327   0.0000466395
       -0.0001709966
        0.0008817735   0.0001071257  -0.0004954038  -0.0006615276  -0.0025332841
       -0.0005773243  -0.0003455120   0.0004836082  -0.0003848894  -0.0012057202
       -0.0020768160  -0.0010133667  -0.0004596462  -0.0004274253   0.0000352116
       -0.0589762315  -0.1481964746  -0.0367731394  -0.1637867030   0.4900185802
        0.0648900187   0.0761281366  -0.0801384183  -0.0959767433  -0.0006849786
       -0.0133227290  -0.0117687823  -0.0005273947   0.0005914729  -0.0001294535
       -0.0001182591   0.0002044505  -0.0003898681  -0.0002270828  -0.0000754801
       -0.0000971899   0.0002075268  -0.0008157372  -0.0011413101   0.0037813843
       -0.0026556254   0.0005110082   0.1242880693  -0.2055622296   0.0413129538
        0.0209888696  -0.0415140067   0.0354174907   0.0004341340   0.0065768005
        0.0062765076   0.0003043374  -0.0002171533   0.0001732385  -0.0000957192
       -0.0001252865  -0.0000164780  -0.0001333403  -0.0001763852   0.0000194738
        0.0001413172  -0.0002374086   0.0000182040   0.0000665665   0.0000924222
        0.0001098418
        0.0002352216   0.0000648753   0.0001277442   0.0010190739   0.0022315627
        0.0004817174  -0.0000133407   0.0004610342   0.0006959959  -0.0000729300
        0.0022810290  -0.0013684436  -0.0006994823  -0.0019422955  -0.0008616684
       -0.0407561668  -0.0490439171  -0.0596266210   0.0653827844   0.0648900187
        0.5857786150   0.0868039986  -0.0816494908  -0.2007170406   0.0045571699
        0.0003776293   0.0015227436  -0.0001798074   0.0007975849   0.0001608209
       -0.0000642807   0.0001980481  -0.0000898586  -0.0000188128  -0.0000250584
       -0.0000086161  -0.0002775140  -0.0002785922  -0.0000057265  -0.0005635737
        0.0003576158   0.0004124889  -0.0278084229   0.0399998567  -0.0501021059
       -0.0887457538   0.0403732374  -0.2564986105   0.0021257734  -0.0193157960
       -0.0197041357  -0.0008073049   0.0002051315  -0.0001358814   0.0000538791
        0.0001808980  -0.0002200573   0.0000143448   0.0000071795  -0.0000158327
       -0.0000527305  -0.0000959044   0.0000905199  -0.0001321252  -0.0000746468
        0.0000839524
        0.0009488126   0.0000803660  -0.0001803687   0.0017211933  -0.0078116193
        0.0012454119  -0.0007127922   0.0011351984   0.0002706896  -0.0015522019
        0.0008211275  -0.0016296765   0.0000112275   0.0016148639   0.0015440234
       -0.0934301096  -0.0245076955   0.0239231405  -0.0730177576   0.0761281366
        0.0868039986   0.3779025539  -0.1715389103  -0.0432465154  -0.1361345298
        0.0676490175  -0.0153983651  -0.0258928532   0.0140165010  -0.0148815251
        0.0011026182  -0.0015588338  -0.0059724257  -0.0010201757   0.0005761444
       -0.0009274701   0.0060026153   0.0013875893   0.0009856944  -0.0111923893
        0.0155391559   0.0099163873  -0.0109376324   0.0013143733   0.0112533498
        0.0079469361  -0.0009647991  -0.0070945392  -0.0405061794   0.0269894501
       -0.0480950739  -0.0000785819  -0.0001267184   0.0016474020  -0.0006649204
        0.0007090847  -0.0001431861  -0.0004057650  -0.0003348875   0.0003695170
       -0.0000389487   0.0002591587  -0.0002735753  -0.0000511198  -0.0013767032
       -0.0001168933
        0.0001560994   0.0000726877  -0.0001427052  -0.0037510694  -0.0016277693
        0.0019202013  -0.0001322729   0.0003607364   0.0002823726   0.0001457258
       -0.0002989181  -0.0009077137   0.0001340053   0.0002056245   0.0009755067
       -0.0267890440  -0.0514617667   0.0179991366   0.0599155835  -0.0801384183
       -0.0816494908  -0.1715389103   0.3435876908  -0.0123624416   0.0801122721
       -0.1166259878   0.0114464200   0.0046762984   0.0001494779   0.0046139168
        0.0017539133   0.0033992380  -0.0026457123   0.0001620920  -0.0005930975
        0.0003600741   0.0018068939  -0.0001902796  -0.0060201682   0.0217804532
       -0.0227665271  -0.0027385790   0.0160836836  -0.0047707456  -0.0166535730
       -0.0055033434  -0.0005287503  -0.0000359435   0.0231573211  -0.0662419948
        0.0825858954  -0.0015007284  -0.0004942934   0.0002444106  -0.0000731673
       -0.0000180134  -0.0001156764  -0.0007624649  -0.0008000335   0.0007410529
        0.0007191867  -0.0009513528   0.0002284438  -0.0005525275  -0.0002675070
        0.0018745730
       -0.0002217132   0.0001180102   0.0006022248   0.0013667018   0.0021893859
        0.0001960387   0.0001132802  -0.0003557937   0.0003094821  -0.0003168558
        0.0004861227   0.0003417507  -0.0002456511  -0.0007712972  -0.0008611873
        0.0402801423   0.0238057429  -0.0554115827   0.0738467663  -0.0959767433
       -0.2007170406  -0.0432465154  -0.0123624416   0.5978347091  -0.0235206270
        0.0132844968  -0.0685004754  -0.0172986835   0.0132484909  -0.0022032735
       -0.0058810217  -0.0025657170  -0.0006288448  -0.0001098167  -0.0003772137
       -0.0008070321  -0.0012294327  -0.0055427830  -0.0001183394   0.0146967159
       -0.0129621377   0.0001001568  -0.0043924037  -0.0020992111   0.0018651279
        0.0166995964  -0.0029854385  -0.0193346058  -0.0535225526   0.0812113337
       -0.2503331032   0.0008189663   0.0013799548  -0.0010274392  -0.0007764878
        0.0008239353  -0.0004741602   0.0006409215   0.0005598543  -0.0007318238
        0.0005501703  -0.0009324564   0.0001061649   0.0017485004  -0.0001760943
       -0.0002067471
       -0.0001725775  -0.0000346275   0.0002833548   0.0014963375   0.0009684497
        0.0005099755   0.0000620063  -0.0003366313   0.0000488104  -0.0008338590
       -0.0000358882   0.0006647801   0.0000715235   0.0002412605  -0.0001410995
       -0.0402780150   0.0102570190   0.0090005707  -0.0035302013  -0.0006849786
        0.0045571699  -0.1361345298   0.0801122721  -0.0235206270   0.4683674830
       -0.1436581125   0.1587396024  -0.1672036107  -0.0277562770  -0.1385197033
       -0.0447083878   0.0288348962  -0.0136767575  -0.0054294785  -0.0146681846
       -0.0135404019   0.0059473128   0.0158727270   0.0206468002  -0.0759214926
        0.0488116792   0.0188981062   0.0007844395  -0.0003480888  -0.0008583462
       -0.0000777894  -0.0002579679  -0.0001842313  -0.0061074913   0.0047481776
       -0.0043287735   0.0023545128   0.0000605981  -0.0001136458  -0.0005967940
        0.0055793330  -0.0028574941   0.0006063097  -0.0005975891  -0.0001703270
       -0.0005737245   0.0055262416  -0.0026928452   0.0018780264  -0.0126343086
       -0.0127449179
        0.0000604776   0.0002734356   0.0001009012   0.0000376125   0.0000504679
        0.0006953135   0.0001580193   0.0003820037  -0.0000319568  -0.0005776553
       -0.0001176998   0.0001923938   0.0001555949  -0.0000195957  -0.0002369179
       -0.0018788434   0.0123154696  -0.0061860577   0.0155907218  -0.0133227290
        0.0003776293   0.0676490175  -0.1166259878   0.0132844968  -0.1436581125
        0.4297091170   0.1785137720   0.0127592110  -0.0777333133  -0.0221740153
       -0.0050949684   0.0253724330   0.0207643879  -0.0144633725  -0.0171350504
       -0.0251624376   0.0508484442  -0.0409287366   0.0052833707   0.0106792429
       -0.1929797291  -0.1401799072   0.0024546343   0.0004256738  -0.0024056995
       -0.0006063714  -0.0002294605   0.0007551859   0.0095308550  -0.0037957515
        0.0024219930  -0.0132678357  -0.0045186205  -0.0174862828   0.0054997126
        0.0008640968  -0.0018736074  -0.0006885858   0.0002651031  -0.0004129602
        0.0053366723   0.0008896630  -0.0016643200  -0.0005244708  -0.0031407895
       -0.0045752818
        0.0000135024  -0.0001578764   0.0000468268  -0.0014685714   0.0000440034
        0.0009816297  -0.0000432066   0.0001857754   0.0000956635   0.0005224012
        0.0001732548  -0.0008558990   0.0000321009  -0.0000853506   0.0001505779
        0.0011928610  -0.0052131078   0.0031130104   0.0152789775  -0.0117687823
        0.0015227436  -0.0153983651   0.0114464200  -0.0685004754   0.1587396024
        0.1785137720   0.4794541949  -0.1007628035  -0.0599540598  -0.2002465643
       -0.0479708056   0.0540250498   0.0090958479  -0.0139953861  -0.0248062610
       -0.0444311140   0.0549723840  -0.0258817952   0.0252679698  -0.0173198219
       -0.1024017629  -0.1742129700   0.0024974901  -0.0000005454  -0.0021554966
       -0.0004155324  -0.0008983370   0.0004482006  -0.0180317657   0.0141026159
       -0.0038778457  -0.0117954220  -0.0055268816  -0.0167724781  -0.0023877596
       -0.0019236717   0.0035569516  -0.0002605192  -0.0005944228  -0.0003324008
       -0.0031787095  -0.0018078595   0.0036675079  -0.0002206512  -0.0174701775
       -0.0160158809
       -0.0000223506  -0.0000842940   0.0001048960  -0.0007642862  -0.0005282320
        0.0005653898  -0.0000125266   0.0002566501   0.0000861975  -0.0005640338
       -0.0003319747   0.0001353105   0.0002233942   0.0000524705   0.0000776859
        0.0000348459   0.0004211124  -0.0013971345   0.0004614713  -0.0005273947
       -0.0001798074  -0.0258928532   0.0046762984  -0.0172986835  -0.1672036107
        0.0127592110  -0.1007628035   0.4763975516  -0.1747193278   0.1651021792
       -0.2159915332   0.1037858853  -0.0565458920   0.0084514293   0.0494009103
        0.0564110151  -0.0455828518   0.0139033709  -0.0243405487   0.0271249406
       -0.0521159523  -0.0283974853   0.0001633270  -0.0001329193  -0.0004049192
       -0.0005586658   0.0001950979  -0.0005242967  -0.0013232666   0.0013955294
       -0.0003600967  -0.0433733031   0.0232215247   0.0151814442  -0.0171687234
        0.0124999524  -0.0042687853   0.0030809836   0.0029029048  -0.0017162358
       -0.0003348143   0.0001960801  -0.0004504722   0.0028548761   0.0027730969
       -0.0010169572
        0.0000537948  -0.0000097169   0.0000686203  -0.0004247118  -0.0000575986
        0.0010504339   0.0000694699  -0.0000054708  -0.0001007908  -0.0006776186
       -0.0005710220  -0.0002443183   0.0003006732   0.0000800422   0.0000444303
        0.0007754909  -0.0004621706  -0.0001519531  -0.0006865698   0.0005914729
        0.0007975849   0.0140165010   0.0001494779   0.0132484909  -0.0277562770
       -0.0777333133  -0.0599540598  -0.1747193278   0.4733193210   0.1924877085
        0.1483788795  -0.1700606282   0.0206960927   0.0154491208  -0.0419485685
       -0.0281275349   0.0128777507  -0.0051705880   0.0126174019  -0.0198185970
        0.0056231518  -0.0158631738  -0.0000914635   0.0000721268  -0.0001185527
        0.0012758624  -0.0001747663  -0.0000019180   0.0028414005  -0.0021938999
        0.0009044653   0.0232317869  -0.1822026800  -0.1270479552  -0.0008954015
        0.0018786889   0.0000247509   0.0030750411  -0.0007192181  -0.0056785101
       -0.0000095716   0.0003292225   0.0006837722   0.0027337671  -0.0007338629
       -0.0053349853
        0.0001718559  -0.0000628605  -0.0002443335  -0.0015418717  -0.0017586669
       -0.0000342441  -0.0001659029   0.0004022984   0.0000237812   0.0004191916
        0.0000583391  -0.0008070162  -0.0001857172   0.0000744189   0.0003762187
        0.0059130852   0.0011364360  -0.0024294569  -0.0000658940  -0.0001294535
        0.0001608209  -0.0148815251   0.0046139168  -0.0022032735  -0.1385197033
       -0.0221740153  -0.2002465643   0.1651021792   0.1924877085   0.4666730456
       -0.0102562951  -0.0234229551  -0.0830992034   0.0222884489   0.0045089904
        0.0275310767  -0.0247171203   0.0133393510  -0.0154811742   0.0025864512
       -0.0455440708  -0.0405683829   0.0003399054  -0.0000363042  -0.0001457190
        0.0011383750  -0.0000429876  -0.0001266927  -0.0001471221   0.0001493754
        0.0000605603   0.0139705922  -0.1265988054  -0.1470831130  -0.0179979792
        0.0131784401  -0.0033018445  -0.0018036826  -0.0057371143   0.0007456556
       -0.0001069381   0.0007201964   0.0000235166  -0.0015403333  -0.0051622373
        0.0001763429
        0.0000486082  -0.0000866577  -0.0000505657  -0.0005285199  -0.0000382056
        0.0000013620   0.0000161669   0.0000638658  -0.0000568339  -0.0000093580
       -0.0000305782  -0.0001642110   0.0001647434  -0.0000371269   0.0000884173
        0.0000101966  -0.0004100866   0.0002568771   0.0003758744  -0.0001182591
       -0.0000642807   0.0011026182   0.0017539133  -0.0058810217  -0.0447083878
       -0.0050949684  -0.0479708056  -0.2159915332   0.1483788795  -0.0102562951
        0.4887039886  -0.1644390603   0.1873977603  -0.0847920937   0.0105533658
       -0.0235516157   0.0296941527  -0.0225171153   0.0043677416  -0.0170367420
        0.0254338038   0.0145462685   0.0000752392  -0.0000814723  -0.0000063429
       -0.0000695918   0.0000721984   0.0001122496  -0.0013141037   0.0007494811
       -0.0002167061  -0.0030039311   0.0045783798   0.0000648376  -0.1495472379
       -0.0183075463  -0.1269870965  -0.0034552342   0.0180601618   0.0134689188
        0.0003334818   0.0014803426  -0.0056621700  -0.0000683368   0.0000366846
        0.0005635119
        0.0000426462   0.0000618139  -0.0000186867   0.0001339328  -0.0005136341
        0.0002998826  -0.0001275091   0.0000177416  -0.0001320014  -0.0002410405
       -0.0000115527   0.0000487113   0.0000245266   0.0001658108   0.0000296522
        0.0030726054   0.0004264747  -0.0008466156  -0.0000218102   0.0002044505
        0.0001980481  -0.0015588338   0.0033992380  -0.0025657170   0.0288348962
        0.0253724330   0.0540250498   0.1037858853  -0.1700606282  -0.0234229551
       -0.1644390603   0.4613783050   0.1784933087   0.0562437510  -0.2110708994
       -0.1024178291  -0.0555204405   0.0077340085  -0.0474138692   0.0244550018
       -0.0430410914  -0.0142645347  -0.0001013529   0.0000243267   0.0000500380
       -0.0002071956  -0.0001163770   0.0000549260  -0.0003271508   0.0004745657
       -0.0003472892   0.0177783715  -0.0160413110   0.0002011797  -0.0183480113
       -0.0455645390  -0.0267492517   0.0044239331  -0.0158973938  -0.0125126486
        0.0018716233   0.0034419583  -0.0029303020   0.0002252318  -0.0003837000
        0.0002209040
        0.0001157471  -0.0000616121   0.0000389343  -0.0007116846  -0.0002050778
       -0.0002751011   0.0000818916   0.0001032691  -0.0000524223   0.0003557143
        0.0001376248  -0.0001609443  -0.0000351619   0.0000274370   0.0002168912
       -0.0009693084   0.0007785939   0.0001990722   0.0007372268  -0.0003898681
       -0.0000898586  -0.0059724257  -0.0026457123  -0.0006288448  -0.0136767575
        0.0207643879   0.0090958479  -0.0565458920   0.0206960927  -0.0830992034
        0.1873977603   0.1784933087   0.4734037315   0.0223190617  -0.1462558452
       -0.1715964578  -0.0288960780  -0.0155755483  -0.0415984443   0.0135934022
       -0.0139744652  -0.0059856354   0.0000520910  -0.0000242702  -0.0000010475
       -0.0003414602  -0.0000011805   0.0001468763   0.0002284359   0.0002783793
       -0.0001322768   0.0139170255  -0.0129532771   0.0015372939  -0.1266879219
       -0.0270535544  -0.1825506293   0.0000069385   0.0007816083   0.0018665041
       -0.0055154779  -0.0029663045  -0.0006886910   0.0005468731   0.0000460139
        0.0003544050
        0.0000883285  -0.0000263334   0.0000089537  -0.0005652752   0.0000947706
        0.0002345767   0.0000040804   0.0000813695  -0.0000365506   0.0001189578
       -0.0000006913  -0.0000951695   0.0001464901   0.0000028720   0.0000746016
        0.0003829526   0.0003255642  -0.0002193108   0.0000590646  -0.0002270828
       -0.0000188128  -0.0010201757   0.0001620920  -0.0001098167  -0.0054294785
       -0.0144633725  -0.0139953861   0.0084514293   0.0154491208   0.0222884489
       -0.0847920937   0.0562437510   0.0223190617   0.4873502503  -0.1849333862
        0.1734557509  -0.1747881916  -0.0245677553  -0.1471353549  -0.0434166077
        0.0286250899  -0.0153604534   0.0000235525  -0.0000328778  -0.0000093763
        0.0000454233   0.0000300658   0.0000389507   0.0000879476  -0.0000528948
        0.0001508216  -0.0008649780   0.0058947014  -0.0027029914   0.0016144270
       -0.0139007485  -0.0129905004  -0.1887292217   0.1259104964  -0.0239908543
        0.0018275208  -0.0002263430   0.0009568425  -0.0005944027   0.0056115920
       -0.0028634311
       -0.0000458450   0.0001181181   0.0000471845   0.0006933585   0.0001291627
        0.0002487367  -0.0001932169  -0.0001088987   0.0000622735  -0.0001642622
        0.0000164978  -0.0000632336   0.0000561896   0.0000086654  -0.0001758655
       -0.0010079811   0.0000466781   0.0001851337   0.0003279879  -0.0000754801
       -0.0000250584   0.0005761444  -0.0005930975  -0.0003772137  -0.0146681846
       -0.0171350504  -0.0248062610   0.0494009103  -0.0419485685   0.0045089904
        0.0105533658  -0.2110708994  -0.1462558452  -0.1849333862   0.4767837900
        0.1696642471   0.0209654266  -0.0843481761  -0.0144681041  -0.0050120166
        0.0285665243   0.0221058656  -0.0000378110   0.0000366442   0.0000642864
        0.0000021380  -0.0000411135   0.0001436800  -0.0001582670   0.0001080810
        0.0000057728   0.0055936056   0.0007087306  -0.0021151329  -0.0001032772
       -0.0033346765  -0.0046091907   0.1258386166  -0.1449487071   0.0151905763
       -0.0134847318  -0.0034564941  -0.0176835864   0.0058012365   0.0005382697
       -0.0016472555
        0.0000508498   0.0000043236   0.0000838541  -0.0001893431   0.0001725298
        0.0002591367   0.0000630878  -0.0000615247  -0.0000943979   0.0000190928
       -0.0000658475  -0.0001398642  -0.0001165113   0.0000750290  -0.0000173857
        0.0001735005   0.0000923106  -0.0001051122   0.0001479657  -0.0000971899
       -0.0000086161  -0.0009274701   0.0003600741  -0.0008070321  -0.0135404019
       -0.0251624376  -0.0444311140   0.0564110151  -0.0281275349   0.0275310767
       -0.0235516157  -0.1024178291  -0.1715964578   0.1734557509   0.1696642471
        0.4581554557  -0.1010755103  -0.0581167714  -0.2083404521  -0.0489316720
        0.0545435300   0.0087132581   0.0000299020   0.0000383724   0.0000030901
        0.0000409774  -0.0000224934   0.0001733304  -0.0000243988   0.0001225815
        0.0001744880  -0.0028669672  -0.0017532419   0.0033777977   0.0004695124
       -0.0175773830  -0.0158845910  -0.0240085742   0.0150796270  -0.0444525736
       -0.0128246740  -0.0047318352  -0.0158052701  -0.0028045160  -0.0020185366
        0.0032113793
       -0.0000380463  -0.0000567845   0.0001163413  -0.0004019037   0.0002343945
        0.0000747632  -0.0000832831   0.0000989722   0.0000448439   0.0001213691
       -0.0000956709  -0.0000220520  -0.0002191981  -0.0000244168   0.0000716664
       -0.0006132171  -0.0012582645   0.0006436670   0.0000698098   0.0002075268
       -0.0002775140   0.0060026153   0.0018068939  -0.0012294327   0.0059473128
        0.0508484442   0.0549723840  -0.0455828518   0.0128777507  -0.0247171203
        0.0296941527  -0.0555204405  -0.0288960780  -0.1747881916   0.0209654266
       -0.1010755103   0.4660901106  -0.1748229142   0.1660760011  -0.2122364353
        0.1053027113  -0.0575209957  -0.0000876865  -0.0000560500   0.0000343043
       -0.0001145342   0.0000067702  -0.0001902775  -0.0004751681  -0.0002478671
       -0.0003892331  -0.0005149508  -0.0000832033   0.0000824476   0.0032382696
        0.0028251982  -0.0016667775  -0.0162528274  -0.0006559000  -0.0177487243
       -0.0440973159   0.0251473610   0.0159782426  -0.0156580301   0.0125000622
       -0.0043609459
        0.0000278375   0.0000658273  -0.0000102764   0.0014186632  -0.0003819916
       -0.0005965286  -0.0002198005  -0.0001872676   0.0001323766  -0.0000470491
        0.0001499801   0.0001281259  -0.0002579512  -0.0001105512  -0.0000873342
        0.0007725402   0.0000398398  -0.0001618036   0.0011064947  -0.0008157372
       -0.0002785922   0.0013875893  -0.0001902796  -0.0055427830   0.0158727270
       -0.0409287366  -0.0258817952   0.0139033709  -0.0051705880   0.0133393510
       -0.0225171153   0.0077340085  -0.0155755483  -0.0245677553  -0.0843481761
       -0.0581167714  -0.1748229142   0.4810051480   0.1910988287   0.1486871323
       -0.1752896547   0.0210672922   0.0001337202   0.0000528894  -0.0000687240
        0.0000272014  -0.0000678533   0.0001236763  -0.0004090336   0.0003040832
       -0.0001760665  -0.0000073986   0.0003043733   0.0004611106   0.0026282930
       -0.0006974377  -0.0058971345   0.0128681709   0.0018595994   0.0132742956
        0.0247513582  -0.1855875588  -0.1271878079  -0.0007360810   0.0022600835
       -0.0000438912
       -0.0000734573   0.0000330452   0.0000893177   0.0001152531   0.0006764682
       -0.0001367125   0.0001001366  -0.0001906404  -0.0002209568  -0.0000624819
       -0.0001364163   0.0000903149  -0.0003437274  -0.0000514064   0.0000453994
       -0.0023912471   0.0002633559   0.0008787333   0.0007090442  -0.0011413101
       -0.0000057265   0.0009856944  -0.0060201682  -0.0001183394   0.0206468002
        0.0052833707   0.0252679698  -0.0243405487   0.0126174019  -0.0154811742
        0.0043677416  -0.0474138692  -0.0415984443  -0.1471353549  -0.0144681041
       -0.2083404521   0.1660760011   0.1910988287   0.4757452864  -0.0115967590
       -0.0216648071  -0.0824257388   0.0002384449   0.0000055680  -0.0002587221
       -0.0001144061   0.0000182476  -0.0000346323   0.0002382455  -0.0003719233
        0.0000626874  -0.0001297420   0.0005888797   0.0002413497  -0.0018462374
       -0.0056614881   0.0005655016  -0.0041240304   0.0000950945  -0.0030389859
        0.0162306320  -0.1268600947  -0.1484806300  -0.0175500016   0.0132999674
       -0.0028460454
        0.0000306225  -0.0001484672   0.0000422010   0.0016359786  -0.0004907055
       -0.0001496868  -0.0001903489  -0.0000811725  -0.0000556332   0.0000272041
       -0.0000054383   0.0000717916  -0.0007272645  -0.0001575955  -0.0004915046
        0.0028037969   0.0006187481  -0.0007653593  -0.0031776373   0.0037813843
       -0.0005635737  -0.0111923893   0.0217804532   0.0146967159  -0.0759214926
        0.0106792429  -0.0173198219   0.0271249406  -0.0198185970   0.0025864512
       -0.0170367420   0.0244550018   0.0135934022  -0.0434166077  -0.0050120166
       -0.0489316720  -0.2122364353   0.1486871323  -0.0115967590   0.4787578108
       -0.1782114743   0.1846835209  -0.0009597607  -0.0000216351   0.0009378157
        0.0000262954   0.0000562485  -0.0002118530  -0.0000355448   0.0004812457
        0.0009911791  -0.0001332865   0.0013134299  -0.0055915058   0.0001682205
        0.0003363217   0.0005827783   0.0001602547   0.0018389012  -0.0057388795
       -0.0037093103   0.0043634945   0.0004345986  -0.1419983044  -0.0144445021
       -0.1272042058
       -0.0000851460   0.0000519852  -0.0000012435   0.0021458230   0.0002082547
       -0.0011752718  -0.0000689429  -0.0004556192   0.0001873326  -0.0000901991
        0.0001325396   0.0007058552  -0.0003380658   0.0000634984  -0.0002110813
       -0.0040968793   0.0012346220   0.0013872979   0.0021753640  -0.0026556254
        0.0003576158   0.0155391559  -0.0227665271  -0.0129621377   0.0488116792
       -0.1929797291  -0.1024017629  -0.0521159523   0.0056231518  -0.0455440708
        0.0254338038  -0.0430410914  -0.0139744652   0.0286250899   0.0285665243
        0.0545435300   0.1053027113  -0.1752896547  -0.0216648071  -0.1782114743
        0.4539219294   0.1722108485   0.0004756158   0.0000117379  -0.0006089332
       -0.0002627476  -0.0000279416  -0.0000180588  -0.0008633442   0.0007599852
       -0.0008389758   0.0017279580   0.0031858288  -0.0025456072   0.0001484411
       -0.0006051767   0.0000739860   0.0019352989   0.0033389555  -0.0029249092
        0.0180962431  -0.0161464635   0.0002619730  -0.0142844324  -0.0431311842
       -0.0248571146
       -0.0001188342   0.0000124840   0.0002701341   0.0003657284   0.0020707593
        0.0019370172   0.0001699218  -0.0001540497  -0.0002820752  -0.0005290485
       -0.0002237247   0.0002400625   0.0013172604  -0.0001725017  -0.0006660045
       -0.0046668673  -0.0019129796   0.0018850588  -0.0003704385   0.0005110082
        0.0004124889   0.0099163873  -0.0027385790   0.0001001568   0.0188981062
       -0.1401799072  -0.1742129700  -0.0283974853  -0.0158631738  -0.0405683829
        0.0145462685  -0.0142645347  -0.0059856354  -0.0153604534   0.0221058656
        0.0087132581  -0.0575209957   0.0210672922  -0.0824257388   0.1846835209
        0.1722108485   0.4765327024  -0.0002463060  -0.0001796668   0.0000426391
       -0.0003374744   0.0000601037  -0.0003201244  -0.0009254736   0.0004561963
        0.0002649051  -0.0051987955  -0.0027634349  -0.0007055665   0.0006939746
        0.0000925492   0.0003007898  -0.0056663362  -0.0027410365  -0.0005511598
        0.0138286940  -0.0126899379   0.0013873008  -0.1250813535  -0.0247035802
       -0.1863688558
       -0.0001463140   0.0001627029   0.0000726651   0.0000257934   0.0008501773
       -0.0006296023   0.0003340829   0.0001157333   0.0000370200   0.0002358359
        0.0003659831   0.0001747286  -0.0001321076  -0.0000708360  -0.0002016824
        0.0095629197  -0.0211752143   0.0031264405  -0.1161569920   0.1242880693
       -0.0278084229  -0.0109376324   0.0160836836  -0.0043924037   0.0007844395
        0.0024546343   0.0024974901   0.0001633270  -0.0000914635   0.0003399054
        0.0000752392  -0.0001013529   0.0000520910   0.0000235525  -0.0000378110
        0.0000299020  -0.0000876865   0.0001337202   0.0002384449  -0.0009597607
        0.0004756158  -0.0002463060   0.1216966303  -0.1308188437   0.0298981305
       -0.0046654184   0.0083880026  -0.0022130748   0.0002425944  -0.0009778830
       -0.0008290378   0.0001401272   0.0000313566  -0.0000123133   0.0000079437
       -0.0000536990   0.0000029457  -0.0000260916  -0.0000585891  -0.0000172186
       -0.0001012421   0.0000343400  -0.0000373263  -0.0000792403   0.0000016734
       -0.0000823757
        0.0000592800   0.0000942133  -0.0000105972   0.0000086745  -0.0015847977
       -0.0001328954  -0.0000202495  -0.0000402039  -0.0000201887  -0.0001560561
        0.0001769288  -0.0000552212  -0.0000527172   0.0000567295   0.0000822617
        0.0054933417  -0.0306320714  -0.0046123402   0.1201649391  -0.2055622296
        0.0399998567   0.0013143733  -0.0047707456  -0.0020992111  -0.0003480888
        0.0004256738  -0.0000005454  -0.0001329193   0.0000721268  -0.0000363042
       -0.0000814723   0.0000243267  -0.0000242702  -0.0000328778   0.0000366442
        0.0000383724  -0.0000560500   0.0000528894   0.0000055680  -0.0000216351
        0.0000117379  -0.0001796668  -0.1308188437   0.2440671576  -0.0355246046
        0.0044764681  -0.0025974141   0.0024934026   0.0001496929   0.0002453810
       -0.0000565687   0.0001115097  -0.0001016838   0.0000215198  -0.0000272408
        0.0000179041  -0.0000128533  -0.0000091005  -0.0000053389   0.0000085029
       -0.0000347651   0.0000049687   0.0000271648   0.0000137368   0.0000078030
        0.0000886183
       -0.0000023986   0.0000276991  -0.0001207640   0.0000009904   0.0002937277
       -0.0004085916   0.0000888128   0.0000554289   0.0002032360   0.0002908592
        0.0005194098   0.0000082016  -0.0000098971  -0.0000715200  -0.0000873271
        0.0020225385  -0.0056645924   0.0004875823  -0.0309834710   0.0413129538
       -0.0501021059   0.0112533498  -0.0166535730   0.0018651279  -0.0008583462
       -0.0024056995  -0.0021554966  -0.0004049192  -0.0001185527  -0.0001457190
       -0.0000063429   0.0000500380  -0.0000010475  -0.0000093763   0.0000642864
        0.0000030901   0.0000343043  -0.0000687240  -0.0002587221   0.0009378157
       -0.0006089332   0.0000426391   0.0298981305  -0.0355246046   0.0534881533
       -0.0134439428   0.0186357084  -0.0035506455   0.0010056382  -0.0001203226
        0.0005083403   0.0001317464   0.0001660034   0.0002052031  -0.0000071420
       -0.0000404311   0.0000138054  -0.0000115194   0.0000153382  -0.0000280355
        0.0000582406  -0.0000012323  -0.0000421594   0.0000149290   0.0001375917
        0.0000752353
        0.0000983290   0.0000000900   0.0000653237   0.0000067035  -0.0009960825
       -0.0005889861  -0.0001162238   0.0001380124   0.0000373407  -0.0004970637
        0.0003827157   0.0001346646  -0.0000770864  -0.0003787521  -0.0000858778
       -0.0092135473  -0.0051282119  -0.0198649423  -0.0703307426   0.0209888696
       -0.0887457538   0.0079469361  -0.0055033434   0.0166995964  -0.0000777894
       -0.0006063714  -0.0004155324  -0.0005586658   0.0012758624   0.0011383750
       -0.0000695918  -0.0002071956  -0.0003414602   0.0000454233   0.0000021380
        0.0000409774  -0.0001145342   0.0000272014  -0.0001144061   0.0000262954
       -0.0002627476  -0.0003374744  -0.0046654184   0.0044764681  -0.0134439428
        0.0801669756  -0.0173378074   0.1036613385   0.0000368773   0.0030278583
        0.0025270715  -0.0025106915   0.0002223778  -0.0000961606  -0.0000474531
        0.0000418682  -0.0000752190   0.0000234679  -0.0000486975  -0.0000894931
       -0.0000234769  -0.0000123863  -0.0000520982  -0.0000487233  -0.0001018660
       -0.0000533412
        0.0001223499   0.0000066859   0.0001485902  -0.0005177070   0.0015539392
       -0.0020863377   0.0001910057   0.0000691640   0.0001546058   0.0005475672
       -0.0002579777   0.0007128798  -0.0002717074  -0.0006188309  -0.0001648864
       -0.0118613512  -0.0052527492  -0.0235526210   0.0212083898  -0.0415140067
        0.0403732374  -0.0009647991  -0.0005287503  -0.0029854385  -0.0002579679
       -0.0002294605  -0.0008983370   0.0001950979  -0.0001747663  -0.0000429876
        0.0000721984  -0.0001163770  -0.0000011805   0.0000300658  -0.0000411135
       -0.0000224934   0.0000067702  -0.0000678533   0.0000182476   0.0000562485
       -0.0000279416   0.0000601037   0.0083880026  -0.0025974141   0.0186357084
       -0.0173378074   0.0493428996  -0.0303517592  -0.0000662493  -0.0001525616
       -0.0001664765   0.0004636271   0.0006298504   0.0000133378   0.0000003123
        0.0000679448  -0.0000068349   0.0000056797   0.0000071776   0.0000287700
       -0.0000032531  -0.0000526359   0.0000565308  -0.0000064727  -0.0000452230
        0.0000773410
        0.0001318784  -0.0001209041  -0.0001967095  -0.0009124226  -0.0025272299
        0.0003135634  -0.0003409944  -0.0000103509  -0.0000681567  -0.0000005083
        0.0009033071  -0.0011154331   0.0001385475  -0.0001341693   0.0003287479
       -0.0012566727  -0.0047068408  -0.0063520816  -0.0912032643   0.0354174907
       -0.2564986105  -0.0070945392  -0.0000359435  -0.0193346058  -0.0001842313
        0.0007551859   0.0004482006  -0.0005242967  -0.0000019180  -0.0001266927
        0.0001122496   0.0000549260   0.0001468763   0.0000389507   0.0001436800
        0.0001733304  -0.0001902775   0.0001236763  -0.0000346323  -0.0002118530
       -0.0000180588  -0.0003201244  -0.0022130748   0.0024934026  -0.0035506455
        0.1036613385  -0.0303517592   0.2859556957  -0.0004211320  -0.0023658824
       -0.0009104406   0.0006026866   0.0001031466   0.0009407367  -0.0000811037
        0.0000548611  -0.0000048829  -0.0000212875   0.0000591110   0.0000278214
       -0.0000404682   0.0000541695   0.0000247452   0.0000104750   0.0001101002
        0.0001532978
       -0.0001190222   0.0000560468  -0.0000719778  -0.0001645868   0.0008714020
        0.0001475329   0.0002542182  -0.0000088407  -0.0001617088   0.0003469063
       -0.0002466586   0.0004028587  -0.0000982948   0.0000756803  -0.0001743792
       -0.0059530480  -0.0114126734   0.0264492128  -0.0019008804   0.0004341340
        0.0021257734  -0.0405061794   0.0231573211  -0.0535225526  -0.0061074913
        0.0095308550  -0.0180317657  -0.0013232666   0.0028414005  -0.0001471221
       -0.0013141037  -0.0003271508   0.0002284359   0.0000879476  -0.0001582670
       -0.0000243988  -0.0004751681  -0.0004090336   0.0002382455  -0.0000355448
       -0.0008633442  -0.0009254736   0.0002425944   0.0001496929   0.0010056382
        0.0000368773  -0.0000662493  -0.0004211320   0.0564437772  -0.0242256660
        0.0426248918   0.0002558930   0.0001770546   0.0001528981  -0.0002201916
        0.0000563930   0.0001020861   0.0001430040   0.0000522223  -0.0000193176
        0.0000361196  -0.0000615794   0.0000426209   0.0003704402   0.0003772607
       -0.0000203662
        0.0000065652  -0.0002291923  -0.0000344759  -0.0005847210  -0.0002490634
        0.0008543780  -0.0000532828  -0.0000311650   0.0000668614   0.0000172518
        0.0001662906  -0.0001165311   0.0003201390   0.0002572464  -0.0002369225
       -0.0070840780  -0.0082114348   0.0198486565  -0.0044596827   0.0065768005
       -0.0193157960   0.0269894501  -0.0662419948   0.0812113337   0.0047481776
       -0.0037957515   0.0141026159   0.0013955294  -0.0021938999   0.0001493754
        0.0007494811   0.0004745657   0.0002783793  -0.0000528948   0.0001080810
        0.0001225815  -0.0002478671   0.0003040832  -0.0003719233   0.0004812457
        0.0007599852   0.0004561963  -0.0009778830   0.0002453810  -0.0001203226
        0.0030278583  -0.0001525616  -0.0023658824  -0.0242256660   0.0730571500
       -0.0939432267  -0.0001343163  -0.0001770953  -0.0000417894   0.0001587013
       -0.0001673297  -0.0000158510  -0.0000809678  -0.0000144114  -0.0000476538
       -0.0000218337   0.0000937837  -0.0000694917   0.0000287935  -0.0005794676
       -0.0004105114
       -0.0000885021   0.0002953910  -0.0001347831   0.0005356177   0.0013527499
       -0.0014616696   0.0002714481  -0.0000289191  -0.0000702984   0.0000753977
        0.0002991067   0.0001220698  -0.0001943248  -0.0003831853  -0.0000578946
        0.0073265875   0.0015970472  -0.0084218828  -0.0005570591   0.0062765076
       -0.0197041357  -0.0480950739   0.0825858954  -0.2503331032  -0.0043287735
        0.0024219930  -0.0038778457  -0.0003600967   0.0009044653   0.0000605603
       -0.0002167061  -0.0003472892  -0.0001322768   0.0001508216   0.0000057728
        0.0001744880  -0.0003892331  -0.0001760665   0.0000626874   0.0009911791
       -0.0008389758   0.0002649051  -0.0008290378  -0.0000565687   0.0005083403
        0.0025270715  -0.0001664765  -0.0009104406   0.0426248918  -0.0939432267
        0.2838637988   0.0001096457   0.0000562099   0.0000353733  -0.0000219969
        0.0000111856   0.0000382778   0.0000900017   0.0000434359  -0.0000559911
        0.0000722427  -0.0000474399  -0.0000241449   0.0003058988   0.0001383875
        0.0000539657
        0.0000207078  -0.0000666620  -0.0000561756  -0.0003362552  -0.0002734917
       -0.0002970922   0.0000842938   0.0000640110   0.0000458165  -0.0000535839
        0.0002082790  -0.0000119300   0.0000607742   0.0000243064   0.0001252241
       -0.0002177934  -0.0000180787   0.0000072381  -0.0012615251   0.0003043374
       -0.0008073049  -0.0000785819  -0.0015007284   0.0008189663   0.0023545128
       -0.0132678357  -0.0117954220  -0.0433733031   0.0232317869   0.0139705922
       -0.0030039311   0.0177783715   0.0139170255  -0.0008649780   0.0055936056
       -0.0028669672  -0.0005149508  -0.0000073986  -0.0001297420  -0.0001332865
        0.0017279580  -0.0051987955   0.0001401272   0.0001115097   0.0001317464
       -0.0025106915   0.0004636271   0.0006026866   0.0002558930  -0.0001343163
        0.0001096457   0.0503687175  -0.0334695382  -0.0107709387  -0.0003529994
       -0.0004707610   0.0016209383  -0.0001965012   0.0008715854   0.0007765240
       -0.0005222136  -0.0005673225   0.0005786524   0.0001355682  -0.0006032448
       -0.0007706880
        0.0000360949  -0.0000814314  -0.0000181490  -0.0004000611  -0.0003219539
       -0.0005549055  -0.0001295399   0.0000724206  -0.0000611974   0.0004568496
        0.0001327475   0.0001185869  -0.0001194854   0.0000556282   0.0002079499
       -0.0003769475   0.0001669878   0.0000582394   0.0005082384  -0.0002171533
        0.0002051315  -0.0001267184  -0.0004942934   0.0013799548   0.0000605981
       -0.0045186205  -0.0055268816   0.0232215247  -0.1822026800  -0.1265988054
        0.0045783798  -0.0160413110  -0.0129532771   0.0058947014   0.0007087306
       -0.0017532419  -0.0000832033   0.0003043733   0.0005888797   0.0013134299
        0.0031858288  -0.0027634349   0.0000313566  -0.0001016838   0.0001660034
        0.0002223778   0.0006298504   0.0001031466   0.0001770546  -0.0001770953
        0.0000562099  -0.0334695382   0.2005941230   0.1466751886  -0.0014189236
       -0.0003469605   0.0008085860   0.0000054945  -0.0007871179  -0.0005805918
       -0.0005962390  -0.0004926100   0.0006603009   0.0002145561  -0.0000677792
       -0.0002176929
       -0.0000292312   0.0000250156  -0.0000190897  -0.0002128040  -0.0004444467
       -0.0004288900  -0.0000601959   0.0000318447   0.0001190363   0.0002270153
        0.0002862871  -0.0001622584  -0.0001227248  -0.0000595967   0.0001146510
        0.0005668819  -0.0000506879   0.0004112826   0.0004106249   0.0001732385
       -0.0001358814   0.0016474020   0.0002444106  -0.0010274392  -0.0001136458
       -0.0174862828  -0.0167724781   0.0151814442  -0.1270479552  -0.1470831130
        0.0000648376   0.0002011797   0.0015372939  -0.0027029914  -0.0021151329
        0.0033777977   0.0000824476   0.0004611106   0.0002413497  -0.0055915058
       -0.0025456072  -0.0007055665  -0.0000123133   0.0000215198   0.0002052031
       -0.0000961606   0.0000133378   0.0009407367   0.0001528981  -0.0000417894
        0.0000353733  -0.0107709387   0.1466751886   0.1606975135   0.0006068937
        0.0017429766  -0.0002386334  -0.0000312571   0.0001910147  -0.0000337483
        0.0006155292   0.0006822276  -0.0004758595   0.0001877943  -0.0009578530
       -0.0005972803
       -0.0000102222  -0.0000216227  -0.0000627703   0.0000364604   0.0002310662
       -0.0003441110  -0.0000014542  -0.0000143081   0.0000522975   0.0001551069
       -0.0000257946   0.0001803983  -0.0000171672  -0.0000464895   0.0000409889
       -0.0001662768  -0.0000552209  -0.0001148331   0.0000901206  -0.0000957192
        0.0000538791  -0.0006649204  -0.0000731673  -0.0007764878  -0.0005967940
        0.0054997126  -0.0023877596  -0.0171687234  -0.0008954015  -0.0179979792
       -0.1495472379  -0.0183480113  -0.1266879219   0.0016144270  -0.0001032772
        0.0004695124   0.0032382696   0.0026282930  -0.0018462374   0.0001682205
        0.0001484411   0.0006939746   0.0000079437  -0.0000272408  -0.0000071420
       -0.0000474531   0.0000003123  -0.0000811037  -0.0002201916   0.0001587013
       -0.0000219969  -0.0003529994  -0.0014189236   0.0006068937   0.1641433561
        0.0135726744   0.1458290167  -0.0001720928  -0.0005868999   0.0015971872
       -0.0000094877   0.0000339616   0.0001771202  -0.0004788840  -0.0005610860
        0.0006270744
        0.0000418313   0.0000701244  -0.0000093477   0.0001349419  -0.0000975066
        0.0000576414  -0.0001909237  -0.0000140051  -0.0001392276   0.0000568546
       -0.0001396474  -0.0000022824  -0.0000460219   0.0001478890   0.0000427709
       -0.0000364774   0.0002110531  -0.0003303129   0.0000329068  -0.0001252865
        0.0001808980   0.0007090847  -0.0000180134   0.0008239353   0.0055793330
        0.0008640968  -0.0019236717   0.0124999524   0.0018786889   0.0131784401
       -0.0183075463  -0.0455645390  -0.0270535544  -0.0139007485  -0.0033346765
       -0.0175773830   0.0028251982  -0.0006974377  -0.0056614881   0.0003363217
       -0.0006051767   0.0000925492  -0.0000536990   0.0000179041  -0.0000404311
        0.0000418682   0.0000679448   0.0000548611   0.0000563930  -0.0001673297
        0.0000111856  -0.0004707610  -0.0003469605   0.0017429766   0.0135726744
        0.0490188159   0.0363245521  -0.0015291485  -0.0003864759   0.0005118099
       -0.0007799086  -0.0002174142  -0.0008666599  -0.0005721253  -0.0005620478
        0.0005827386
        0.0000266725   0.0000019421   0.0001118912   0.0000506204   0.0000338914
       -0.0001100978  -0.0000083498   0.0000003979  -0.0000068815   0.0000894215
       -0.0000148595   0.0000020879  -0.0001659226  -0.0000284168   0.0000357291
       -0.0000563231  -0.0000177651   0.0004395683   0.0001084960  -0.0000164780
       -0.0002200573  -0.0001431861  -0.0001156764  -0.0004741602  -0.0028574941
       -0.0018736074   0.0035569516  -0.0042687853   0.0000247509  -0.0033018445
       -0.1269870965  -0.0267492517  -0.1825506293  -0.0129905004  -0.0046091907
       -0.0158845910  -0.0016667775  -0.0058971345   0.0005655016   0.0005827783
        0.0000739860   0.0003007898   0.0000029457  -0.0000128533   0.0000138054
       -0.0000752190  -0.0000068349  -0.0000048829   0.0001020861  -0.0000158510
        0.0000382778   0.0016209383   0.0008085860  -0.0002386334   0.1458290167
        0.0363245521   0.1993766203   0.0007018487   0.0014405110  -0.0003840064
       -0.0005860253  -0.0000001190  -0.0007888734   0.0006908555   0.0006494209
       -0.0004765653
       -0.0000078064   0.0000600791   0.0000029377   0.0001841874   0.0002811928
       -0.0002061562  -0.0000662636  -0.0001174739   0.0000166809   0.0000226321
       -0.0000987069   0.0000413947  -0.0001081108  -0.0000274954   0.0000429652
       -0.0004279182   0.0002013587   0.0000396185   0.0001029808  -0.0001333403
        0.0000143448  -0.0004057650  -0.0007624649   0.0006409215   0.0006063097
       -0.0006885858  -0.0002605192   0.0030809836   0.0030750411  -0.0018036826
       -0.0034552342   0.0044239331   0.0000069385  -0.1887292217   0.1258386166
       -0.0240085742  -0.0162528274   0.0128681709  -0.0041240304   0.0001602547
        0.0019352989  -0.0056663362  -0.0000260916  -0.0000091005  -0.0000115194
        0.0000234679   0.0000056797  -0.0000212875   0.0001430040  -0.0000809678
        0.0000900017  -0.0001965012   0.0000054945  -0.0000312571  -0.0001720928
       -0.0015291485   0.0007018487   0.2065729581  -0.1451820361   0.0331224392
       -0.0003135887  -0.0006505960   0.0013972670  -0.0007353568   0.0005850507
        0.0000160044
        0.0000248855   0.0000909337  -0.0000065515   0.0000774921  -0.0000826084
       -0.0000539276  -0.0001814816  -0.0000055974  -0.0000134897   0.0000830191
       -0.0000006286  -0.0000244057   0.0000208495   0.0000604864   0.0000366834
       -0.0005891097   0.0004104443   0.0000573174   0.0001781407  -0.0001763852
        0.0000071795  -0.0003348875  -0.0008000335   0.0005598543  -0.0005975891
        0.0002651031  -0.0005944228   0.0029029048  -0.0007192181  -0.0057371143
        0.0180601618  -0.0158973938   0.0007816083   0.1259104964  -0.1449487071
        0.0150796270  -0.0006559000   0.0018595994   0.0000950945   0.0018389012
        0.0033389555  -0.0027410365  -0.0000585891  -0.0000053389   0.0000153382
       -0.0000486975   0.0000071776   0.0000591110   0.0000522223  -0.0000144114
        0.0000434359   0.0008715854  -0.0007871179   0.0001910147  -0.0005868999
       -0.0003864759   0.0014405110  -0.1451820361   0.1580456989  -0.0097975436
       -0.0015711196  -0.0002108747   0.0006309715  -0.0002143487  -0.0000436082
       -0.0000292551
        0.0000388643  -0.0000368035   0.0001365030   0.0000007109  -0.0000793870
        0.0000809899   0.0000021941  -0.0000072640  -0.0002084100   0.0000827494
       -0.0000459131  -0.0000149165  -0.0001775579   0.0001029583   0.0000459182
        0.0004489418  -0.0001070009   0.0000705052   0.0000690733   0.0000194738
       -0.0000158327   0.0003695170   0.0007410529  -0.0007318238  -0.0001703270
       -0.0004129602  -0.0003324008  -0.0017162358  -0.0056785101   0.0007456556
        0.0134689188  -0.0125126486   0.0018665041  -0.0239908543   0.0151905763
       -0.0444525736  -0.0177487243   0.0132742956  -0.0030389859  -0.0057388795
       -0.0029249092  -0.0005511598  -0.0000172186   0.0000085029  -0.0000280355
       -0.0000894931   0.0000287700   0.0000278214  -0.0000193176  -0.0000476538
       -0.0000559911   0.0007765240  -0.0005805918  -0.0000337483   0.0015971872
        0.0005118099  -0.0003840064   0.0331224392  -0.0097975436   0.0475034968
        0.0004885106   0.0015679472  -0.0003919657  -0.0007970225   0.0007857989
       -0.0002375441
        0.0000277743   0.0000317900   0.0000535419   0.0000616585   0.0004507253
        0.0000364947  -0.0000370900  -0.0001156883  -0.0000825146   0.0000604111
       -0.0000992395  -0.0000201091  -0.0000537710  -0.0000884843  -0.0000181050
       -0.0001238300  -0.0000181035   0.0002204521  -0.0000928636   0.0001413172
       -0.0000527305  -0.0000389487   0.0007191867   0.0005501703  -0.0005737245
        0.0053366723  -0.0031787095  -0.0003348143  -0.0000095716  -0.0001069381
        0.0003334818   0.0018716233  -0.0055154779   0.0018275208  -0.0134847318
       -0.0128246740  -0.0440973159   0.0247513582   0.0162306320  -0.0037093103
        0.0180962431   0.0138286940  -0.0001012421  -0.0000347651   0.0000582406
       -0.0000234769  -0.0000032531  -0.0000404682   0.0000361196  -0.0000218337
        0.0000722427  -0.0005222136  -0.0005962390   0.0006155292  -0.0000094877
       -0.0007799086  -0.0005860253  -0.0003135887  -0.0015711196   0.0004885106
        0.0480796822  -0.0340540557  -0.0113564259  -0.0003949711  -0.0005219222
        0.0016276700
        0.0000587349   0.0000791853  -0.0000384584   0.0000535559  -0.0003698999
       -0.0003859759  -0.0001378346   0.0000634403   0.0002278473   0.0000832408
        0.0001068911  -0.0000235400  -0.0000512184  -0.0000168902   0.0001190311
       -0.0002062800   0.0003036529   0.0002833885   0.0002277418  -0.0002374086
       -0.0000959044   0.0002591587  -0.0009513528  -0.0009324564   0.0055262416
        0.0008896630  -0.0018078595   0.0001960801   0.0003292225   0.0007201964
        0.0014803426   0.0034419583  -0.0029663045  -0.0002263430  -0.0034564941
       -0.0047318352   0.0251473610  -0.1855875588  -0.1268600947   0.0043634945
       -0.0161464635  -0.0126899379   0.0000343400   0.0000049687  -0.0000012323
       -0.0000123863  -0.0000526359   0.0000541695  -0.0000615794   0.0000937837
       -0.0000474399  -0.0005673225  -0.0004926100   0.0006822276   0.0000339616
       -0.0002174142  -0.0000001190  -0.0006505960  -0.0002108747   0.0015679472
       -0.0340540557   0.2028653619   0.1462383840  -0.0014966376  -0.0004385250
        0.0006879666
        0.0000153059  -0.0000621049   0.0000670538   0.0001327519  -0.0003908574
        0.0000941074  -0.0000998744   0.0000976513  -0.0001800847   0.0001105891
       -0.0000069738   0.0000428696  -0.0000654624   0.0001923246  -0.0000218224
        0.0001658680   0.0000749666  -0.0001744926  -0.0000043967   0.0000182040
        0.0000905199  -0.0002735753   0.0002284438   0.0001061649  -0.0026928452
       -0.0016643200   0.0036675079  -0.0004504722   0.0006837722   0.0000235166
       -0.0056621700  -0.0029303020  -0.0006886910   0.0009568425  -0.0176835864
       -0.0158052701   0.0159782426  -0.1271878079  -0.1484806300   0.0004345986
        0.0002619730   0.0013873008  -0.0000373263   0.0000271648  -0.0000421594
       -0.0000520982   0.0000565308   0.0000247452   0.0000426209  -0.0000694917
       -0.0000241449   0.0005786524   0.0006603009  -0.0004758595   0.0001771202
       -0.0008666599  -0.0007888734   0.0013972670   0.0006309715  -0.0003919657
       -0.0113564259   0.1462383840   0.1617328040   0.0007047875   0.0016914165
       -0.0001625963
       -0.0000974360   0.0000465375  -0.0002831613   0.0006491449   0.0001123845
       -0.0003944853  -0.0000160358  -0.0000169301  -0.0001222073   0.0003281666
        0.0000067217  -0.0001542574  -0.0016968199  -0.0001973315  -0.0000574683
       -0.0004477387  -0.0000000946   0.0003160172   0.0000445327   0.0000665665
       -0.0001321252  -0.0000511198  -0.0005525275   0.0017485004   0.0018780264
       -0.0005244708  -0.0002206512   0.0028548761   0.0027337671  -0.0015403333
       -0.0000683368   0.0002252318   0.0005468731  -0.0005944027   0.0058012365
       -0.0028045160  -0.0156580301  -0.0007360810  -0.0175500016  -0.1419983044
       -0.0142844324  -0.1250813535  -0.0000792403   0.0000137368   0.0000149290
       -0.0000487233  -0.0000064727   0.0000104750   0.0003704402   0.0000287935
        0.0003058988   0.0001355682   0.0002145561   0.0001877943  -0.0004788840
       -0.0005721253   0.0006908555  -0.0007353568  -0.0002143487  -0.0007970225
       -0.0003949711  -0.0014966376   0.0007047875   0.1561046445   0.0093519203
        0.1446114518
        0.0000004141  -0.0000159344  -0.0000922574  -0.0000806012   0.0004453377
       -0.0004295382   0.0000345653  -0.0000044118   0.0001725519   0.0001158021
       -0.0000013448  -0.0000587668  -0.0003641901  -0.0003485683  -0.0000037938
       -0.0007463376  -0.0001431905   0.0005869142   0.0000466395   0.0000924222
       -0.0000746468  -0.0013767032  -0.0002675070  -0.0001760943  -0.0126343086
       -0.0031407895  -0.0174701775   0.0027730969  -0.0007338629  -0.0051622373
        0.0000366846  -0.0003837000   0.0000460139   0.0056115920   0.0005382697
       -0.0020185366   0.0125000622   0.0022600835   0.0132999674  -0.0144445021
       -0.0431311842  -0.0247035802   0.0000016734   0.0000078030   0.0001375917
       -0.0001018660  -0.0000452230   0.0001101002   0.0003772607  -0.0005794676
        0.0001383875  -0.0006032448  -0.0000677792  -0.0009578530  -0.0005610860
       -0.0005620478   0.0006494209   0.0005850507  -0.0000436082   0.0007857989
       -0.0005219222  -0.0004385250   0.0016914165   0.0093519203   0.0465632281
        0.0335293186
        0.0000048695   0.0001210875  -0.0002120794   0.0017194471  -0.0002828412
       -0.0021362115  -0.0000773834  -0.0002402333   0.0001441231   0.0003153065
        0.0000974836   0.0003384231  -0.0007951919  -0.0000529947   0.0002091280
        0.0007923586   0.0003021838  -0.0003325333  -0.0001709966   0.0001098418
        0.0000839524  -0.0001168933   0.0018745730  -0.0002067471  -0.0127449179
       -0.0045752818  -0.0160158809  -0.0010169572  -0.0053349853   0.0001763429
        0.0005635119   0.0002209040   0.0003544050  -0.0028634311  -0.0016472555
        0.0032113793  -0.0043609459  -0.0000438912  -0.0028460454  -0.1272042058
       -0.0248571146  -0.1863688558  -0.0000823757   0.0000886183   0.0000752353
       -0.0000533412   0.0000773410   0.0001532978  -0.0000203662  -0.0004105114
        0.0000539657  -0.0007706880  -0.0002176929  -0.0005972803   0.0006270744
        0.0005827386  -0.0004765653   0.0000160044  -0.0000292551  -0.0002375441
        0.0016276700   0.0006879666  -0.0001625963   0.1446114518   0.0335293186
        0.2047920867
