$hessian                                                                        
        0.2624694464   0.0937248326  -0.0130290312  -0.1872626593  -0.0561694901
        0.0038172826   0.0010775964  -0.0001583232  -0.0003181211  -0.0128934556
       -0.0273750473  -0.0123325846  -0.0452572518   0.0077129796   0.0004561624
       -0.0171895134  -0.0156511881   0.0199030046   0.0000234879  -0.0007233798
        0.0003304574   0.0037769583  -0.0010989457   0.0012577895  -0.0005301437
        0.0001944476  -0.0005659180   0.0001384019  -0.0004561776   0.0001020555
        0.0000853503  -0.0003166322  -0.0000328619   0.0001678283  -0.0000042848
        0.0001730044  -0.0000580902   0.0001671714   0.0001676565  -0.0001595943
        0.0005005312   0.0001968629  -0.0030118004  -0.0002759178  -0.0002478068
       -0.0003790069  -0.0000312271   0.0001666767  -0.0001308633  -0.0001314925
       -0.0003215528  -0.0009234899   0.0002578101   0.0005766509   0.0000845110
       -0.0000601656  -0.0001603705  -0.0000489709   0.0000192198  -0.0000028668
       -0.0000775359  -0.0000486697  -0.0000408914  -0.0000106128  -0.0000751393
       -0.0000447177   0.0001094079  -0.0000009114  -0.0000508806
        0.0937248326   0.0839381100  -0.0049097114  -0.0640057377  -0.0614714863
        0.0008639609  -0.0000977711  -0.0008475989   0.0004748532  -0.0260091285
       -0.0205064666  -0.0118913846   0.0134433219   0.0071378541   0.0000696174
       -0.0176920414  -0.0076830481   0.0136748765  -0.0001660812  -0.0008334904
        0.0003669733   0.0023102803  -0.0003104530   0.0014158541  -0.0001484879
        0.0000474674  -0.0003780838   0.0001029201  -0.0004466567  -0.0001590455
        0.0000701076  -0.0000138962  -0.0000967664   0.0000405803   0.0000759104
        0.0000447562  -0.0001250489   0.0001161546   0.0000868934   0.0001158242
        0.0000339183   0.0001567137  -0.0003966630   0.0001321059  -0.0003993350
       -0.0002796142  -0.0001048633   0.0000384196  -0.0001453375  -0.0001762886
        0.0002810390  -0.0004633735   0.0002323537   0.0002639535   0.0000485511
        0.0000957680   0.0000896784  -0.0000371999   0.0001519089  -0.0000289686
       -0.0000623514   0.0001036591  -0.0000207242  -0.0000763912   0.0000506321
        0.0000157771  -0.0001511908   0.0002784054   0.0000406533
       -0.0130290312  -0.0049097114   0.0415446239   0.0112765252   0.0041895337
       -0.0355847554   0.0000012598   0.0003608560   0.0007245926  -0.0158282276
       -0.0163583676   0.0002461930  -0.0032378969   0.0005431477   0.0070000156
        0.0223800972   0.0139009006  -0.0104884169   0.0006801134   0.0006837111
       -0.0000109991  -0.0028008492   0.0015651953  -0.0019842618   0.0002208997
       -0.0001647116   0.0005370976  -0.0000724564   0.0003711815  -0.0000297661
        0.0000499426   0.0001181945   0.0001820398  -0.0000150616  -0.0000754021
        0.0000786049   0.0000481201  -0.0000926329   0.0001113178   0.0000995147
       -0.0004126806  -0.0000292116  -0.0002996626   0.0001738822  -0.0020657640
        0.0000119980  -0.0000209713   0.0003136945  -0.0002927128   0.0001222027
       -0.0000289990   0.0007878057  -0.0001077338  -0.0007987720  -0.0000424905
        0.0001118981  -0.0000173565   0.0000634295  -0.0000218027   0.0000740129
       -0.0000023425  -0.0000201832   0.0001450296   0.0000192579   0.0000131727
        0.0001453791  -0.0000182327   0.0000303210  -0.0000642991
       -0.1872626593  -0.0640057377   0.0112765252   0.3875870312  -0.0281409605
        0.0122030053  -0.0015290084  -0.0007221098   0.0011974089  -0.0396134382
       -0.0071405590  -0.0080316264  -0.1355289131   0.0938050790  -0.0144294974
       -0.0318703734   0.0074120376  -0.0114843670  -0.0012537146  -0.0019876608
        0.0017958308   0.0047969038  -0.0037587562   0.0083706667   0.0006804862
       -0.0004833329  -0.0007026059  -0.0000425037   0.0005011328  -0.0003864588
       -0.0004788253   0.0004362216  -0.0003957733  -0.0002430128  -0.0000349146
       -0.0004184965  -0.0001829691  -0.0002311773  -0.0005288829   0.0003974745
       -0.0006423217  -0.0005158608   0.0039120051   0.0043785776  -0.0003517191
        0.0002189789  -0.0000367961  -0.0009961775   0.0008251671   0.0004901680
        0.0015102664  -0.0003801643  -0.0001765158   0.0010587369  -0.0002098493
        0.0003276550   0.0005477703   0.0000287383  -0.0000701096  -0.0000158999
        0.0002046884   0.0000170781   0.0000170374   0.0001209634   0.0000598609
        0.0000584225  -0.0001770055   0.0000031414   0.0002216950
       -0.0561694901  -0.0614714863   0.0041895337  -0.0281409605   0.3145423270
        0.0401434963  -0.0006070732   0.0045813698  -0.0022608895  -0.0106999494
       -0.0974764762  -0.0570915443   0.0887654701  -0.1218003466   0.0129788691
        0.0082914386  -0.0337288980   0.0017664600  -0.0042415732   0.0071539145
       -0.0046288990  -0.0030337180  -0.0038672420   0.0049003482  -0.0000741337
        0.0008003541   0.0001458699  -0.0000786183   0.0008393384   0.0010681595
       -0.0000097676  -0.0000280684   0.0001944683  -0.0001682696   0.0002749747
        0.0000347885   0.0000519448  -0.0003635736  -0.0003190662  -0.0003142874
        0.0005263864  -0.0009218190   0.0046363035  -0.0072403129   0.0025634303
        0.0018092805  -0.0003584213  -0.0014475011   0.0000319889   0.0005498264
       -0.0018865167  -0.0008243007  -0.0011628773   0.0014965009   0.0001594543
       -0.0004697448  -0.0005379520   0.0003443691  -0.0001597137   0.0000615114
        0.0001860259   0.0000169447  -0.0000384415   0.0000314462   0.0000338877
       -0.0002038105   0.0000544199  -0.0011921626  -0.0002069962
        0.0038172826   0.0008639609  -0.0355847554   0.0122030053   0.0401434963
        0.1735221465   0.0018040569  -0.0007442693  -0.0034103315  -0.0089955675
       -0.0438271107  -0.0785085527  -0.0089743553   0.0078279831  -0.0365220949
       -0.0163073157  -0.0035124143  -0.0137538510   0.0037146836   0.0012346869
       -0.0109345918   0.0158221605   0.0019925999  -0.0020469413  -0.0009790625
        0.0006952875  -0.0013627670   0.0004719904  -0.0015796732   0.0001809253
       -0.0001668566  -0.0004456340  -0.0005722755  -0.0001680522   0.0002649610
        0.0000648607  -0.0002015655   0.0002134728  -0.0000782729  -0.0003179038
        0.0020671953  -0.0000779635   0.0011970631  -0.0043473232   0.0081251635
       -0.0007392615   0.0000109046  -0.0007818864   0.0003723239  -0.0006655972
        0.0001674922  -0.0021653750   0.0007944122   0.0012982150   0.0003830380
       -0.0004188931  -0.0000745620  -0.0003426654   0.0000664607   0.0000092087
       -0.0002312996  -0.0001016055  -0.0000523633  -0.0003784773  -0.0002688242
       -0.0001515732   0.0001821535  -0.0002640765   0.0005447704
        0.0010775964  -0.0000977711   0.0000012598  -0.0015290084  -0.0006070732
        0.0018040569   0.0077016765  -0.0000408962   0.0011527137   0.0006897416
        0.0002896821  -0.0007941938   0.0005997650   0.0002190349  -0.0002450859
        0.0010519034   0.0002520010  -0.0005220676  -0.0004345457   0.0001588949
       -0.0000379257  -0.0009904676  -0.0003010116   0.0006216878  -0.0001133744
        0.0000586844  -0.0001182795   0.0000193166   0.0000553609  -0.0001185734
        0.0001267754   0.0001767200  -0.0000814016   0.0000763535   0.0001037045
       -0.0001684178  -0.0001232730   0.0004136568   0.0000405593   0.0006306623
       -0.0009205729   0.0000052447  -0.0083879148  -0.0011493915  -0.0004873385
       -0.0000920379  -0.0000468051   0.0000930755   0.0000951550   0.0000067050
        0.0000266512  -0.0001254726  -0.0002629543  -0.0009175077   0.0000306842
        0.0002226214   0.0000181959   0.0000359273   0.0003179222  -0.0001567550
       -0.0000896667   0.0003244812  -0.0002088183  -0.0000942461   0.0001323216
       -0.0000593430  -0.0001555500   0.0006946848   0.0001522626
       -0.0001583232  -0.0008475989   0.0003608560  -0.0007221098   0.0045813698
       -0.0007442693  -0.0000408962   0.0504983406  -0.0276112672   0.0003911110
       -0.0020978903   0.0004095800   0.0006699169  -0.0006458746   0.0003135205
        0.0033627051  -0.0017035215  -0.0015250375  -0.0004358337   0.0001168299
        0.0010548490  -0.0025099545  -0.0003202952   0.0007089889  -0.0000660726
        0.0000744268   0.0001216322  -0.0001402679   0.0002816831   0.0001732589
        0.0000195585   0.0001882054   0.0001623847  -0.0001211965   0.0000757448
       -0.0000652356  -0.0000397587  -0.0000726576  -0.0002436202   0.0001541262
       -0.0000150142  -0.0002857997  -0.0003816436  -0.0483061362   0.0261561382
        0.0000294577  -0.0000895685   0.0003160161  -0.0001454967  -0.0000580752
        0.0000626324  -0.0003045971  -0.0009886380   0.0005548575  -0.0000730862
       -0.0000705197   0.0001709807   0.0000622590  -0.0000366502   0.0001554645
        0.0000517099   0.0001127303   0.0000381804   0.0000871474   0.0001349330
       -0.0000701371   0.0003112450  -0.0008118237  -0.0002139732
       -0.0003181211   0.0004748532   0.0007245926   0.0011974089  -0.0022608895
       -0.0034103315   0.0011527137  -0.0276112672   0.0249484128  -0.0002783176
        0.0029143562   0.0009244803  -0.0003010539   0.0003823859   0.0008295504
       -0.0005151801  -0.0000066989   0.0014649697   0.0004371750  -0.0004965023
        0.0000753038   0.0001713194  -0.0002528103  -0.0009138662  -0.0002712921
       -0.0003147646   0.0000725027   0.0001171286  -0.0000420188   0.0000538184
        0.0001373926   0.0000325394   0.0002432816   0.0000372354   0.0000463048
       -0.0000453227  -0.0000304449   0.0001102593  -0.0001812873   0.0004398341
       -0.0005222278   0.0002046970  -0.0009718349   0.0268104583  -0.0249624626
       -0.0000925706   0.0000986786   0.0001310809  -0.0000097150  -0.0003958791
        0.0003409563  -0.0008170631   0.0002802138   0.0000561491  -0.0000145399
       -0.0000904053   0.0001980267   0.0000134086  -0.0000100701   0.0002432857
       -0.0000032935   0.0001789137  -0.0000083044   0.0001267731   0.0002657194
       -0.0002242634  -0.0002069631   0.0004088516  -0.0007652699
       -0.0128934556  -0.0260091285  -0.0158282276  -0.0396134382  -0.0106999494
       -0.0089955675   0.0006897416   0.0003911110  -0.0002783176   0.0548809227
        0.0107614441   0.0203551211   0.0010843129   0.0184743150   0.0091554274
        0.0059240008  -0.0000309100  -0.0003038231   0.0003437756   0.0001544254
        0.0004689276  -0.0012674867   0.0001658317  -0.0003935151  -0.0005414325
       -0.0001714754   0.0004302460   0.0000393461  -0.0000438305  -0.0000778293
        0.0001299148  -0.0001072729   0.0000762889   0.0001527164   0.0000692789
        0.0001476819   0.0000161117   0.0001797078   0.0002740955  -0.0006287664
       -0.0002999319   0.0004950725  -0.0083006270   0.0067777536  -0.0051894117
        0.0001020225  -0.0000392954   0.0001466433  -0.0000704723  -0.0000854739
       -0.0002716633  -0.0000015759  -0.0000727411  -0.0000995097   0.0001053903
        0.0000677102  -0.0000690633   0.0000300542   0.0001374630   0.0000362111
       -0.0000817438   0.0001150768   0.0000005954  -0.0000273872   0.0000986283
        0.0000123273  -0.0000719238   0.0001672630  -0.0000917097
       -0.0273750473  -0.0205064666  -0.0163583676  -0.0071405590  -0.0974764762
       -0.0438271107   0.0002896821  -0.0020978903   0.0029143562   0.0107614441
        0.1584323142   0.0870236818   0.0176550949  -0.0347880728  -0.0183287454
        0.0023667477   0.0048844153  -0.0147782488  -0.0012183274   0.0015969955
       -0.0000113514  -0.0019634182  -0.0002439528  -0.0001357406   0.0003703994
       -0.0006521183   0.0001453918  -0.0000635738   0.0002533538  -0.0003350872
        0.0000240420   0.0001454922   0.0000588505   0.0001329683  -0.0002827852
       -0.0001302259   0.0000033373   0.0000924931   0.0001700322   0.0001965515
       -0.0011807066   0.0005065833   0.0056647174  -0.0090347468   0.0032462022
        0.0002770384  -0.0000395907  -0.0002866645  -0.0002090627  -0.0000253455
        0.0005985459   0.0005928112   0.0000130912  -0.0007736200  -0.0001118854
        0.0001668454   0.0002016868  -0.0000800291   0.0000054114   0.0000272982
       -0.0000684368  -0.0000092931   0.0000291904   0.0001011134   0.0000377791
        0.0001023817  -0.0002056081   0.0007092538  -0.0000590389
       -0.0123325846  -0.0118913846   0.0002461930  -0.0080316264  -0.0570915443
       -0.0785085527  -0.0007941938   0.0004095800   0.0009244803   0.0203551211
        0.0870236818   0.1352821625   0.0062631402  -0.0122323112   0.0018239593
        0.0038025451  -0.0141237030  -0.0470370038  -0.0035201263   0.0025168301
       -0.0039876150  -0.0027304199  -0.0015163388   0.0008503486   0.0006030563
       -0.0002406633   0.0000097727  -0.0003057573   0.0004708790  -0.0001438181
        0.0000451017   0.0000678066   0.0001472634   0.0001025186  -0.0000285055
       -0.0000070671  -0.0000399667  -0.0000039107  -0.0001202408   0.0002224989
       -0.0004580708  -0.0002049624  -0.0051486282   0.0072477489  -0.0083487355
        0.0014596794  -0.0003788012  -0.0010614017  -0.0004692862   0.0003148652
        0.0002851750   0.0002854614  -0.0004224148   0.0000585334  -0.0001283188
        0.0000874018   0.0001333221   0.0000783154  -0.0000127363   0.0000635157
        0.0000803334   0.0000840072  -0.0000245736   0.0001517523   0.0001711296
       -0.0000778200   0.0000513844   0.0000064543  -0.0003029354
       -0.0452572518   0.0134433219  -0.0032378969  -0.1355289131   0.0887654701
       -0.0089743553   0.0005997650   0.0006699169  -0.0003010539   0.0010843129
        0.0176550949   0.0062631402   0.1836828675  -0.1316809308   0.0180553978
        0.0015875877   0.0133254933  -0.0153174540  -0.0013201953   0.0005918705
        0.0017842154  -0.0036217062   0.0001422400   0.0000731461  -0.0007304465
       -0.0003734127   0.0009493737  -0.0009864911  -0.0004083112   0.0009162069
        0.0003698190  -0.0002002952   0.0003955131   0.0001206226   0.0000762737
        0.0001569751   0.0000842415  -0.0000315369   0.0001069718  -0.0000365397
        0.0001568508   0.0001045685  -0.0007297052  -0.0009914215   0.0005585386
        0.0003650287  -0.0001977212  -0.0000673220  -0.0004452552  -0.0003391821
       -0.0004189632   0.0006171447   0.0000216987  -0.0003280204  -0.0000842137
       -0.0002793997  -0.0004017586   0.0001190678  -0.0000520719  -0.0000894352
       -0.0000158118  -0.0000777216  -0.0000748645   0.0000360713  -0.0000697021
       -0.0000389667   0.0000900009  -0.0001465238  -0.0001139567
        0.0077129796   0.0071378541   0.0005431477   0.0938050790  -0.1218003466
        0.0078279831   0.0002190349  -0.0006458746   0.0003823859   0.0184743150
       -0.0347880728  -0.0122323112  -0.1316809308   0.1702202934  -0.0183549010
        0.0106660197  -0.0195983667   0.0239117211   0.0017347021  -0.0005844558
       -0.0017983496   0.0025734500   0.0003301110  -0.0011764799  -0.0010079259
       -0.0008011422   0.0000912694  -0.0004496473  -0.0009315101  -0.0001694818
        0.0001760777  -0.0001395393   0.0000947512   0.0000552821  -0.0002200770
       -0.0000202224  -0.0001074529   0.0001318018   0.0000885217   0.0002115283
        0.0003623015   0.0005086747  -0.0008982907   0.0009934426  -0.0006346795
       -0.0004480602   0.0002230195   0.0002013226  -0.0003023477  -0.0002595700
        0.0004387222  -0.0004927308   0.0002418746   0.0000798802  -0.0000645706
       -0.0000037969   0.0002258782  -0.0002093324  -0.0000314872   0.0000099381
       -0.0000377707  -0.0000776913  -0.0000071717   0.0000309190  -0.0000288815
       -0.0000022896   0.0000396726   0.0002701135  -0.0000083092
        0.0004561624   0.0000696174   0.0070000156  -0.0144294974   0.0129788691
       -0.0365220949  -0.0002450859   0.0003135205   0.0008295504   0.0091554274
       -0.0183287454   0.0018239593   0.0180553978  -0.0183549010   0.0435675498
       -0.0121819016   0.0209686016  -0.0153676942  -0.0007935322   0.0009619086
        0.0001746477  -0.0017688110   0.0000978662   0.0003467036   0.0005908104
        0.0002455450  -0.0000755624   0.0005115524   0.0002486623  -0.0007184829
       -0.0000243022   0.0001901952  -0.0000188279   0.0000275382  -0.0000115499
        0.0000042302   0.0001423712  -0.0001081575   0.0000523577  -0.0000037730
       -0.0003656242  -0.0000617093  -0.0000568739   0.0000839952  -0.0013896511
       -0.0000350314   0.0001474258   0.0002809869  -0.0000965344   0.0003916492
        0.0002288206   0.0005153694  -0.0000192353  -0.0001288087  -0.0001558493
        0.0003764161   0.0001542113   0.0000926454  -0.0000146765  -0.0001354767
        0.0001328817   0.0000208353  -0.0000321620   0.0001234436   0.0000556015
        0.0000336035  -0.0000124077   0.0000521808  -0.0000461664
       -0.0171895134  -0.0176920414   0.0223800972  -0.0318703734   0.0082914386
       -0.0163073157   0.0010519034   0.0033627051  -0.0005151801   0.0059240008
        0.0023667477   0.0038025451   0.0015875877   0.0106660197  -0.0121819016
        0.2133924408  -0.0157327588  -0.0749959298  -0.0570546674   0.0423713848
        0.0490703778  -0.0691614703  -0.0245272830   0.0135386049  -0.0424494617
       -0.0023558320   0.0042310034   0.0007556093  -0.0063530629   0.0005396494
       -0.0007390093  -0.0000161597  -0.0035328339   0.0003654293   0.0002602701
        0.0010715091  -0.0007939027   0.0022325862  -0.0013155661   0.0019167388
        0.0054617653   0.0034785761  -0.0017630561  -0.0023977942  -0.0009313872
        0.0098776577  -0.0017892271  -0.0084536182  -0.0089561065   0.0016531553
        0.0124033981  -0.0036584352  -0.0042164626   0.0048843715  -0.0001842619
       -0.0004367448   0.0006791641  -0.0001940583   0.0000551467   0.0001443545
       -0.0004143720  -0.0003499317   0.0008893918  -0.0001421653  -0.0000910624
        0.0002582138  -0.0003005141  -0.0007628588   0.0008624756
       -0.0156511881  -0.0076830481   0.0139009006   0.0074120376  -0.0337288980
       -0.0035124143   0.0002520010  -0.0017035215  -0.0000066989  -0.0000309100
        0.0048844153  -0.0141237030   0.0133254933  -0.0195983667   0.0209686016
       -0.0157327588   0.1904777284   0.0139812786   0.0363592972  -0.0731389974
       -0.0318192730  -0.0090453878  -0.0460865113   0.0117051322  -0.0127731822
        0.0015508992  -0.0054124205   0.0018997203  -0.0031891541   0.0001435468
       -0.0006043894  -0.0002124639  -0.0012773600   0.0001999777   0.0002695874
        0.0003580150  -0.0003521051   0.0008475715  -0.0001959595   0.0002821304
        0.0022286396   0.0015596640  -0.0002622412  -0.0016466591   0.0018372844
       -0.0026885259  -0.0001381751  -0.0032821219   0.0202898731  -0.0073523096
       -0.0265741878  -0.0224550515  -0.0062838121   0.0208008089   0.0000861011
        0.0005226467   0.0000040839   0.0000759239   0.0003807631  -0.0004587975
       -0.0000742232  -0.0000037418   0.0001765288  -0.0002082513  -0.0001698407
        0.0004826317  -0.0003043411  -0.0002267518   0.0007444599
        0.0199030046   0.0136748765  -0.0104884169  -0.0114843670   0.0017664600
       -0.0137538510  -0.0005220676  -0.0015250375   0.0014649697  -0.0003038231
       -0.0147782488  -0.0470370038  -0.0153174540   0.0239117211  -0.0153676942
       -0.0749959298   0.0139812786   0.3074439110   0.0409047908  -0.0537436107
       -0.1384774401   0.0093087063   0.0250650033  -0.0536894055  -0.0021378210
       -0.0040075813   0.0150581863  -0.0014364992   0.0022186322  -0.0006209531
        0.0007665052   0.0011792300   0.0007749508  -0.0002711883  -0.0002645798
       -0.0000382323   0.0010600416  -0.0001081946  -0.0004515441  -0.0003983391
       -0.0025941446   0.0002276998  -0.0008770963   0.0040188239  -0.0023469436
        0.0177573969  -0.0071313715  -0.0268424902   0.0047373304  -0.0039646871
       -0.0048269800   0.0134584336   0.0021878143  -0.0118255857  -0.0000020717
       -0.0001158763   0.0001581984   0.0000607918  -0.0000629349   0.0002272035
       -0.0001332370  -0.0000575785   0.0004401446   0.0000243732   0.0001195803
        0.0001957113  -0.0001014806   0.0002304255  -0.0002244350
        0.0000234879  -0.0001660812   0.0006801134  -0.0012537146  -0.0042415732
        0.0037146836  -0.0004345457  -0.0004358337   0.0004371750   0.0003437756
       -0.0012183274  -0.0035201263  -0.0013201953   0.0017347021  -0.0007935322
       -0.0570546674   0.0363592972   0.0409047908   0.3656925100  -0.0493136234
        0.1804401755  -0.0846748294  -0.0829269058  -0.0543968462  -0.0036988169
       -0.0175839592  -0.0145399511   0.0006672602   0.0002260071   0.0005659928
        0.0003665646  -0.0007194896   0.0001653789   0.0001121536  -0.0002391381
       -0.0003735219  -0.0002093935  -0.0011682392  -0.0008688424  -0.0035002544
        0.0002971885  -0.0023524924   0.0005837459   0.0002073307  -0.0002556101
       -0.1371641317   0.0224264181  -0.1273943221  -0.0763970582   0.0951351645
       -0.0264607209  -0.0008568897   0.0019841337   0.0054345480  -0.0014487033
       -0.0003640775  -0.0005085185   0.0001052457  -0.0000895240  -0.0001507613
        0.0001699172  -0.0000585505  -0.0003372136  -0.0001230644  -0.0000365293
       -0.0002864604   0.0000716038   0.0001916101  -0.0001039387
       -0.0007233798  -0.0008334904   0.0006837111  -0.0019876608   0.0071539145
        0.0012346869   0.0001588949   0.0001168299  -0.0004965023   0.0001544254
        0.0015969955   0.0025168301   0.0005918705  -0.0005844558   0.0009619086
        0.0423713848  -0.0731389974  -0.0537436107  -0.0493136234   0.5942067890
        0.0534002409  -0.0944391919  -0.2138031008  -0.0633177089  -0.0047483957
       -0.0005585394  -0.0007134226   0.0003084791   0.0003760517   0.0009210012
       -0.0000226336  -0.0000528433   0.0002858339   0.0000851562  -0.0002147190
       -0.0001039273   0.0000746952  -0.0001348998  -0.0004380160   0.0001354404
        0.0008589560  -0.0004977124  -0.0007197759   0.0011164359   0.0010428653
        0.0195996279  -0.0444243955   0.0246891954   0.0910135043  -0.2506945740
        0.0507538037  -0.0035924912  -0.0209479697  -0.0172313572   0.0009564388
       -0.0001652412   0.0002612023  -0.0000380781  -0.0001979773   0.0002778124
       -0.0000017853   0.0000578177  -0.0000448742  -0.0000023384   0.0001184692
       -0.0002691623   0.0001394365   0.0001489441  -0.0001727979
        0.0003304574   0.0003669733  -0.0000109991   0.0017958308  -0.0046288990
       -0.0109345918  -0.0000379257   0.0010548490   0.0000753038   0.0004689276
       -0.0000113514  -0.0039876150   0.0017842154  -0.0017983496   0.0001746477
        0.0490703778  -0.0318192730  -0.1384774401   0.1804401755   0.0534002409
        0.4636356090  -0.0705973810  -0.0806393352  -0.0600811432   0.0007611060
       -0.0112949832  -0.0104026022   0.0003852352   0.0001932187   0.0004647898
        0.0000829462  -0.0003570123   0.0002182994   0.0001654548  -0.0000868364
       -0.0001259833  -0.0003622386  -0.0012732330  -0.0002681816  -0.0038382108
        0.0001014042  -0.0021986410  -0.0006854056  -0.0000243636   0.0007143161
       -0.1348815043   0.0268238274  -0.1969356761  -0.0246440104   0.0430643949
       -0.0478658170   0.0000295763   0.0068721147   0.0069304921  -0.0002222318
        0.0001162004  -0.0003659303   0.0000898948  -0.0000001044  -0.0001847923
        0.0001205101   0.0000144269  -0.0002430128  -0.0001993297  -0.0000646321
       -0.0001702928  -0.0000564702  -0.0000092772   0.0000392607
        0.0037769583   0.0023102803  -0.0028008492   0.0047969038  -0.0030337180
        0.0158221605  -0.0009904676  -0.0025099545   0.0001713194  -0.0012674867
       -0.0019634182  -0.0027304199  -0.0036217062   0.0025734500  -0.0017688110
       -0.0691614703  -0.0090453878   0.0093087063  -0.0846748294  -0.0944391919
       -0.0705973810   0.3971102261   0.0367855104   0.1822100098  -0.1494757250
        0.0061967420  -0.0639531192  -0.0307752241   0.0151859511  -0.0139679659
        0.0017478722   0.0069545088   0.0016577430  -0.0011694222   0.0002875673
       -0.0008982116   0.0058411052  -0.0024169568  -0.0020329817  -0.0160145386
       -0.0155045439  -0.0161824207   0.0007620814   0.0012232373   0.0007404806
       -0.0121963564  -0.0130532885  -0.0005782034   0.0090910656   0.0076338269
        0.0000933383  -0.0528541216   0.0639827141  -0.0356080929   0.0001215105
       -0.0017138618   0.0003324200  -0.0008043506  -0.0000324333  -0.0006165534
       -0.0002358442  -0.0002117613   0.0003517171  -0.0002298052   0.0001963319
       -0.0003495697   0.0002236249   0.0005943958   0.0013966846
       -0.0010989457  -0.0003104530   0.0015651953  -0.0037587562  -0.0038672420
        0.0019925999  -0.0003010116  -0.0003202952  -0.0002528103   0.0001658317
       -0.0002439528  -0.0015163388   0.0001422400   0.0003301110   0.0000978662
       -0.0245272830  -0.0460865113   0.0250650033  -0.0829269058  -0.2138031008
       -0.0806393352   0.0367855104   0.6001511999  -0.0236424050   0.0150402792
       -0.0670404528   0.0073859550   0.0178529054   0.0018172298   0.0110301401
        0.0056544979  -0.0012648829  -0.0018600993   0.0000191796  -0.0012235192
       -0.0005548459  -0.0001244803  -0.0025121125  -0.0052014861  -0.0203803044
       -0.0046613439  -0.0146637835   0.0009674106   0.0004858236  -0.0007593257
        0.0025516292   0.0002471104  -0.0031466780  -0.0163841093  -0.0207730158
       -0.0000048976   0.0726125451  -0.2394258484   0.0835805764  -0.0003639609
       -0.0007015594   0.0014520331   0.0009781454  -0.0003339346   0.0008040305
       -0.0003911376  -0.0004563737   0.0005437742  -0.0008327846  -0.0000879264
       -0.0009887319  -0.0016804951   0.0000810498  -0.0002864369
        0.0012577895   0.0014158541  -0.0019842618   0.0083706667   0.0049003482
       -0.0020469413   0.0006216878   0.0007089889  -0.0009138662  -0.0003935151
       -0.0001357406   0.0008503486   0.0000731461  -0.0011764799   0.0003467036
        0.0135386049   0.0117051322  -0.0536894055  -0.0543968462  -0.0633177089
       -0.0600811432   0.1822100098  -0.0236424050   0.3134283576  -0.0804313023
        0.0038026807  -0.1071449673  -0.0051352702   0.0036147403  -0.0013793710
       -0.0022926741  -0.0023882743   0.0047066922  -0.0001481935   0.0001804009
       -0.0006171016  -0.0027092243  -0.0051594987   0.0025551103  -0.0193978506
       -0.0057378702  -0.0148800312  -0.0002005353  -0.0005777480   0.0003882876
       -0.0150292533  -0.0158944123  -0.0024539012   0.0058135321   0.0008761682
       -0.0005429815  -0.0337891939   0.0882402183  -0.0724531337   0.0013835643
        0.0002539855  -0.0011571736  -0.0000479456  -0.0001142751  -0.0000446164
        0.0007640455   0.0006933525  -0.0012683179  -0.0006706629   0.0000371659
       -0.0006996326   0.0006094208   0.0017153774  -0.0009186539
       -0.0005301437  -0.0001484879   0.0002208997   0.0006804862  -0.0000741337
       -0.0009790625  -0.0001133744  -0.0000660726  -0.0002712921  -0.0005414325
        0.0003703994   0.0006030563  -0.0007304465  -0.0010079259   0.0005908104
       -0.0424494617  -0.0127731822  -0.0021378210  -0.0036988169  -0.0047483957
        0.0007611060  -0.1494757250   0.0150402792  -0.0804313023   0.5079885238
       -0.1071632960   0.1548618584  -0.1669912151   0.1402984228   0.0123043405
       -0.0481601616   0.0104786261  -0.0228195212  -0.0021021945   0.0131716923
        0.0104742888  -0.0033791042  -0.0239348704  -0.0157330443  -0.0858053045
       -0.0488875672  -0.0514339574   0.0005113602  -0.0002827028  -0.0001515924
        0.0008044554   0.0008345176   0.0003548386  -0.0000745078   0.0003200624
        0.0002357574  -0.0094113237   0.0036608928  -0.0047582520   0.0039335707
       -0.0023166186  -0.0005265749  -0.0021736969   0.0012743480  -0.0054262020
        0.0008238190   0.0002475897   0.0005372302  -0.0021266665   0.0012602836
       -0.0054371695   0.0030213603   0.0144461389   0.0091616055
        0.0001944476   0.0000474674  -0.0001647116  -0.0004833329   0.0008003541
        0.0006952875   0.0000586844   0.0000744268  -0.0003147646  -0.0001714754
       -0.0006521183  -0.0002406633  -0.0003734127  -0.0008011422   0.0002455450
       -0.0023558320   0.0015508992  -0.0040075813  -0.0175839592  -0.0005585394
       -0.0112949832   0.0061967420  -0.0670404528   0.0038026807  -0.1071632960
        0.5567841300   0.1631264041   0.0893992605  -0.2153356439  -0.0433019525
        0.0555693665   0.0243174869   0.0472516822   0.0133475639  -0.0537764539
       -0.0191851280  -0.0690206905   0.0194166287  -0.0295672422   0.0015772434
       -0.2250884740  -0.0959948649  -0.0001040252  -0.0000350782   0.0003740032
       -0.0025384799  -0.0022884446   0.0003642231   0.0006075443   0.0005242432
       -0.0007960042   0.0180150468  -0.0014486238   0.0120802213   0.0139023616
       -0.0212059261  -0.0043713643   0.0008099662   0.0026850945  -0.0025570229
        0.0003031872  -0.0005510436  -0.0004493567   0.0015844108   0.0026823514
       -0.0023751739  -0.0017713213  -0.0201011414  -0.0133192335
       -0.0005659180  -0.0003780838   0.0005370976  -0.0007026059   0.0001458699
       -0.0013627670  -0.0001182795   0.0001216322   0.0000725027   0.0004302460
        0.0001453918   0.0000097727   0.0009493737   0.0000912694  -0.0000755624
        0.0042310034  -0.0054124205   0.0150581863  -0.0145399511  -0.0007134226
       -0.0104026022  -0.0639531192   0.0073859550  -0.1071449673   0.1548618584
        0.1631264041   0.3225333305  -0.0176941491  -0.0135682433  -0.0638286028
        0.0027115153   0.0189353047   0.0129303811   0.0099026743  -0.0186883119
       -0.0109707599  -0.0415671399  -0.0036753326  -0.0258919172  -0.0211080676
       -0.1252577187  -0.1337609011   0.0001771148  -0.0000287552  -0.0000864305
       -0.0022508007  -0.0023020846   0.0007287333   0.0006824909   0.0008837152
       -0.0002505237  -0.0110153856   0.0013187868  -0.0027740536   0.0099155207
       -0.0139322415  -0.0019600749  -0.0053844920  -0.0023491583   0.0034110827
        0.0005675907  -0.0002611582   0.0002586218  -0.0054609980  -0.0023820343
        0.0035272887  -0.0000684814  -0.0032053634  -0.0005578348
        0.0001384019   0.0001029201  -0.0000724564  -0.0000425037  -0.0000786183
        0.0004719904   0.0000193166  -0.0001402679   0.0001171286   0.0000393461
       -0.0000635738  -0.0003057573  -0.0009864911  -0.0004496473   0.0005115524
        0.0007556093   0.0018997203  -0.0014364992   0.0006672602   0.0003084791
        0.0003852352  -0.0307752241   0.0178529054  -0.0051352702  -0.1669912151
        0.0893992605  -0.0176941491   0.5323363599  -0.0978495142   0.1871250277
       -0.2530480425   0.0344651935  -0.1007838216  -0.0001226876  -0.0709299012
       -0.0414791376  -0.0492448690   0.0231787416  -0.0131413586   0.0362823488
        0.0367059346   0.0421512962  -0.0001541500   0.0000978947   0.0000158276
        0.0001507501   0.0004134725   0.0000536183  -0.0005174102   0.0003967999
       -0.0000284945  -0.0016601435   0.0002588193  -0.0020104102  -0.0514005462
       -0.0377568952  -0.0316756354  -0.0191760938   0.0017676172  -0.0104965298
        0.0021122410   0.0002388073  -0.0033535111  -0.0004196575   0.0003943812
       -0.0001607726   0.0020374005  -0.0002125291  -0.0030578729
       -0.0004561776  -0.0004466567   0.0003711815   0.0005011328   0.0008393384
       -0.0015796732   0.0000553609   0.0002816831  -0.0000420188  -0.0000438305
        0.0002533538   0.0004708790  -0.0004083112  -0.0009315101   0.0002486623
       -0.0063530629  -0.0031891541   0.0022186322   0.0002260071   0.0003760517
        0.0001932187   0.0151859511   0.0018172298   0.0036147403   0.1402984228
       -0.2153356439  -0.0135682433  -0.0978495142   0.5497464921   0.1892279840
       -0.0258472070  -0.0870892287  -0.0373512139  -0.0259393050   0.0199580424
       -0.0046210335   0.0234920411  -0.0102407808   0.0114016232  -0.0045201616
       -0.0518133001  -0.0335529817   0.0000110845  -0.0002778775  -0.0000133377
       -0.0002447320  -0.0002408685   0.0000770057  -0.0014868101  -0.0001408019
       -0.0000745656  -0.0002845878  -0.0000246276  -0.0002080791  -0.0368348363
       -0.1997136267  -0.1180424181   0.0199289781  -0.0005775877   0.0110753727
        0.0001617295  -0.0017780161  -0.0055384598   0.0002918088   0.0004343044
        0.0006535629   0.0001160197  -0.0019068154  -0.0049608377
        0.0001020555  -0.0001590455  -0.0000297661  -0.0003864588   0.0010681595
        0.0001809253  -0.0001185734   0.0001732589   0.0000538184  -0.0000778293
       -0.0003350872  -0.0001438181   0.0009162069  -0.0001694818  -0.0007184829
        0.0005396494   0.0001435468  -0.0006209531   0.0005659928   0.0009210012
        0.0004647898  -0.0139679659   0.0110301401  -0.0013793710   0.0123043405
       -0.0433019525  -0.0638286028   0.1871250277   0.1892279840   0.3381313739
       -0.1345643664  -0.0010050621  -0.1293063540  -0.0155528540  -0.0316860093
       -0.0263012490  -0.0126333290   0.0107518100  -0.0068166873   0.0177246703
       -0.0089013895   0.0075854384   0.0002037699  -0.0000620035  -0.0001220484
        0.0001566166  -0.0001138075   0.0000738702  -0.0010081790  -0.0000089879
       -0.0002293252  -0.0030213160   0.0004699306  -0.0015985432  -0.0316185038
       -0.1184323220  -0.1214305197  -0.0001649726   0.0003265852   0.0008133881
       -0.0034729591  -0.0055293969   0.0027978261   0.0000049749   0.0005674526
        0.0001244823  -0.0030559973  -0.0049753231   0.0022998083
        0.0000853503   0.0000701076   0.0000499426  -0.0004788253  -0.0000097676
       -0.0001668566   0.0001267754   0.0000195585   0.0001373926   0.0001299148
        0.0000240420   0.0000451017   0.0003698190   0.0001760777  -0.0000243022
       -0.0007390093  -0.0006043894   0.0007665052   0.0003665646  -0.0000226336
        0.0000829462   0.0017478722   0.0056544979  -0.0022926741  -0.0481601616
        0.0555693665   0.0027115153  -0.2530480425  -0.0258472070  -0.1345643664
        0.5431012520  -0.1219055904   0.1797926283  -0.0965315635   0.0040804769
       -0.0255487394   0.0398407422  -0.0054004935   0.0198359010  -0.0239691050
       -0.0221054357  -0.0238132525  -0.0001390079   0.0000894740  -0.0000865844
        0.0000630174   0.0000279231   0.0000701557  -0.0000421289  -0.0001006742
       -0.0000497176  -0.0013480445  -0.0000283016  -0.0004933193  -0.0062788198
       -0.0015437386  -0.0052506486  -0.1479446940   0.1268061281   0.0066220976
       -0.0068247905  -0.0193620294  -0.0157854262  -0.0003190332   0.0049040000
       -0.0019650224  -0.0000080820  -0.0004913914  -0.0000732765
       -0.0003166322  -0.0000138962   0.0001181945   0.0004362216  -0.0000280684
       -0.0004456340   0.0001767200   0.0001882054   0.0000325394  -0.0001072729
        0.0001454922   0.0000678066  -0.0002002952  -0.0001395393   0.0001901952
       -0.0000161597  -0.0002124639   0.0011792300  -0.0007194896  -0.0000528433
       -0.0003570123   0.0069545088  -0.0012648829  -0.0023882743   0.0104786261
        0.0243174869   0.0189353047   0.0344651935  -0.0870892287  -0.0010050621
       -0.1219055904   0.5512951194   0.1775268356  -0.0563878734  -0.2267490977
       -0.1361491415   0.0385401528  -0.0528450344  -0.0080167825  -0.0211924752
       -0.0131244198  -0.0172358994  -0.0001583934  -0.0002165953  -0.0000461880
       -0.0000636852   0.0000191591   0.0000128180   0.0004063904   0.0001471478
       -0.0000101057  -0.0000500333  -0.0002617170   0.0005652064  -0.0197009868
       -0.0018842987  -0.0134482643   0.1265079350  -0.1895234796  -0.0147724446
       -0.0012412190  -0.0013538123  -0.0021525082   0.0046497754  -0.0017458136
       -0.0025582662  -0.0005554175   0.0003925804  -0.0000425473
       -0.0000328619  -0.0000967664   0.0001820398  -0.0003957733   0.0001944683
       -0.0005722755  -0.0000814016   0.0001623847   0.0002432816   0.0000762889
        0.0000588505   0.0001472634   0.0003955131   0.0000947512  -0.0000188279
       -0.0035328339  -0.0012773600   0.0007749508   0.0001653789   0.0002858339
        0.0002182994   0.0016577430  -0.0018600993   0.0047066922  -0.0228195212
        0.0472516822   0.0129303811  -0.1007838216  -0.0373512139  -0.1293063540
        0.1797926283   0.1775268356   0.3293912282  -0.0601532169  -0.1002590599
       -0.1439641029   0.0446328050  -0.0342760959   0.0087433643  -0.0228505664
       -0.0175691101  -0.0293570931   0.0000649886  -0.0001807420  -0.0001855006
        0.0000766016   0.0000914057   0.0000288116   0.0001504792   0.0000096959
       -0.0001013451   0.0004561017  -0.0002774854   0.0004942058  -0.0156871004
       -0.0027054557  -0.0097006019   0.0066003690  -0.0144851597  -0.0399111157
       -0.0053880036  -0.0129355364  -0.0095774011  -0.0021989179  -0.0025165810
        0.0052121608  -0.0001448786   0.0001147581  -0.0003780609
        0.0001678283   0.0000405803  -0.0000150616  -0.0002430128  -0.0001682696
       -0.0001680522   0.0000763535  -0.0001211965   0.0000372354   0.0001527164
        0.0001329683   0.0001025186   0.0001206226   0.0000552821   0.0000275382
        0.0003654293   0.0001999777  -0.0002711883   0.0001121536   0.0000851562
        0.0001654548  -0.0011694222   0.0000191796  -0.0001481935  -0.0021021945
        0.0133475639   0.0099026743  -0.0001226876  -0.0259393050  -0.0155528540
       -0.0965315635  -0.0563878734  -0.0601532169   0.5480903021  -0.1031771489
        0.1959318636  -0.1778839646   0.1485507442   0.0087066366  -0.0472990166
        0.0127751005  -0.0220869635  -0.0001398168   0.0000158945  -0.0000612264
        0.0000194133   0.0000539138   0.0000342990   0.0000389220   0.0000061158
       -0.0000201337   0.0001044465  -0.0001684350   0.0000752405  -0.0026167738
        0.0010248093  -0.0057498677   0.0032569663   0.0153567597   0.0103601016
       -0.2256060875  -0.0038482283  -0.1154570213   0.0034915123  -0.0031292056
       -0.0001010110  -0.0022821260   0.0012756164  -0.0055587727
       -0.0000042848   0.0000759104  -0.0000754021  -0.0000349146   0.0002749747
        0.0002649610   0.0001037045   0.0000757448   0.0000463048   0.0000692789
       -0.0002827852  -0.0000285055   0.0000762737  -0.0002200770  -0.0000115499
        0.0002602701   0.0002695874  -0.0002645798  -0.0002391381  -0.0002147190
       -0.0000868364   0.0002875673  -0.0012235192   0.0001804009   0.0131716923
       -0.0537764539  -0.0186883119  -0.0709299012   0.0199580424  -0.0316860093
        0.0040804769  -0.2267490977  -0.1002590599  -0.1031771489   0.5332021492
        0.1747275530   0.0880311677  -0.2187641069  -0.0438882277   0.0573776442
        0.0253703068   0.0480160388  -0.0000249590   0.0001140293  -0.0000366201
       -0.0000346804   0.0000309448   0.0000151122  -0.0000624361   0.0001823126
       -0.0000299748   0.0001627043   0.0003158289   0.0000415210   0.0014344528
        0.0025314240  -0.0023537246  -0.0026665862  -0.0203429161  -0.0137881515
       -0.0038625643  -0.0428397778  -0.0062689234   0.0148308577  -0.0202527847
       -0.0033744415   0.0011505234   0.0022649823  -0.0024515733
        0.0001730044   0.0000447562   0.0000786049  -0.0004184965   0.0000347885
        0.0000648607  -0.0001684178  -0.0000652356  -0.0000453227   0.0001476819
       -0.0001302259  -0.0000070671   0.0001569751  -0.0000202224   0.0000042302
        0.0010715091   0.0003580150  -0.0000382323  -0.0003735219  -0.0001039273
       -0.0001259833  -0.0008982116  -0.0005548459  -0.0006171016   0.0104742888
       -0.0191851280  -0.0109707599  -0.0414791376  -0.0046210335  -0.0263012490
       -0.0255487394  -0.1361491415  -0.1439641029   0.1959318636   0.1747275530
        0.3400273355  -0.0258473281  -0.0076677699  -0.0697136591   0.0032391965
        0.0212174788   0.0157601599   0.0001976882   0.0001553599   0.0000211992
       -0.0000023392   0.0000718214   0.0000094575   0.0000241188   0.0001173026
       -0.0000111149   0.0001202888   0.0000480764   0.0000551563  -0.0054963020
       -0.0026359498   0.0033422438  -0.0001565433  -0.0032062941  -0.0009335924
       -0.1154608677  -0.0062039711  -0.1088008943   0.0099382207  -0.0139173715
       -0.0010475149  -0.0056249309  -0.0023140351   0.0032133464
       -0.0000580902  -0.0001250489   0.0000481201  -0.0001829691   0.0000519448
       -0.0002015655  -0.0001232730  -0.0000397587  -0.0000304449   0.0000161117
        0.0000033373  -0.0000399667   0.0000842415  -0.0001074529   0.0001423712
       -0.0007939027  -0.0003521051   0.0010600416  -0.0002093935   0.0000746952
       -0.0003622386   0.0058411052  -0.0001244803  -0.0027092243  -0.0033791042
       -0.0690206905  -0.0415671399  -0.0492448690   0.0234920411  -0.0126333290
        0.0398407422   0.0385401528   0.0446328050  -0.1778839646   0.0880311677
       -0.0258473281   0.5256056841  -0.0960231901   0.1891515519  -0.2520582825
        0.0342169902  -0.1042107922   0.0000395808   0.0000016240  -0.0000911625
       -0.0001185153  -0.0000790101   0.0000760213  -0.0000973994   0.0001828598
       -0.0000074466  -0.0001678119   0.0004752939   0.0003630257  -0.0003946232
        0.0000843527   0.0000464170   0.0023278990   0.0000341590  -0.0032742679
       -0.0184363909   0.0195807525  -0.0006078425  -0.0531416530  -0.0404633172
       -0.0336180910  -0.0174651221   0.0015656829  -0.0103195143
        0.0001671714   0.0001161546  -0.0000926329  -0.0002311773  -0.0003635736
        0.0002134728   0.0004136568  -0.0000726576   0.0001102593   0.0001797078
        0.0000924931  -0.0000039107  -0.0000315369   0.0001318018  -0.0001081575
        0.0022325862   0.0008475715  -0.0001081946  -0.0011682392  -0.0001348998
       -0.0012732330  -0.0024169568  -0.0025121125  -0.0051594987  -0.0239348704
        0.0194166287  -0.0036753326   0.0231787416  -0.0102407808   0.0107518100
       -0.0054004935  -0.0528450344  -0.0342760959   0.1485507442  -0.2187641069
       -0.0076677699  -0.0960231901   0.5560903528   0.1904236472  -0.0255764109
       -0.0877398544  -0.0369949964  -0.0003262429  -0.0000959040   0.0000545845
       -0.0002855654  -0.0002459655   0.0000558206   0.0000959904   0.0000208920
       -0.0000290305  -0.0001153835  -0.0000359304  -0.0003130243   0.0002148561
        0.0004654155   0.0005073454   0.0003545060  -0.0019445039  -0.0054521850
        0.0014423323  -0.0000555481   0.0002362185  -0.0403200400  -0.2022068516
       -0.1181642376   0.0189998141   0.0000764134   0.0109651413
        0.0001676565   0.0000868934   0.0001113178  -0.0005288829  -0.0003190662
       -0.0000782729   0.0000405593  -0.0002436202  -0.0001812873   0.0002740955
        0.0001700322  -0.0001202408   0.0001069718   0.0000885217   0.0000523577
       -0.0013155661  -0.0001959595  -0.0004515441  -0.0008688424  -0.0004380160
       -0.0002681816  -0.0020329817  -0.0052014861   0.0025551103  -0.0157330443
       -0.0295672422  -0.0258919172  -0.0131413586   0.0114016232  -0.0068166873
        0.0198359010  -0.0080167825   0.0087433643   0.0087066366  -0.0438882277
       -0.0697136591   0.1891515519   0.1904236472   0.3429743273  -0.1372469269
       -0.0016026925  -0.1336257813  -0.0001180329   0.0001378516   0.0000862712
       -0.0000320117   0.0000172433   0.0000189219  -0.0000105662   0.0000830518
       -0.0000281740   0.0004589444  -0.0002452832   0.0002315261   0.0000668683
        0.0004422699   0.0000398149  -0.0030554669  -0.0056797913   0.0027564443
       -0.0108512007   0.0109238941   0.0009695372  -0.0333030871  -0.1184863954
       -0.1226777015  -0.0005712170   0.0001095344   0.0013144545
       -0.0001595943   0.0001158242   0.0000995147   0.0003974745  -0.0003142874
       -0.0003179038   0.0006306623   0.0001541262   0.0004398341  -0.0006287664
        0.0001965515   0.0002224989  -0.0000365397   0.0002115283  -0.0000037730
        0.0019167388   0.0002821304  -0.0003983391  -0.0035002544   0.0001354404
       -0.0038382108  -0.0160145386  -0.0203803044  -0.0193978506  -0.0858053045
        0.0015772434  -0.0211080676   0.0362823488  -0.0045201616   0.0177246703
       -0.0239691050  -0.0211924752  -0.0228505664  -0.0472990166   0.0573776442
        0.0032391965  -0.2520582825  -0.0255764109  -0.1372469269   0.5435130152
       -0.1178018004   0.1905480680  -0.0003121224  -0.0004639647  -0.0001049326
       -0.0009382490  -0.0009585027   0.0001765970   0.0000202239   0.0001878635
       -0.0000991101  -0.0000962564  -0.0015772353  -0.0003357826  -0.0006520591
        0.0050069154  -0.0018435088   0.0001017092  -0.0006715499  -0.0002534300
       -0.0006569355   0.0049118405  -0.0023446062  -0.0067827577  -0.0016755451
       -0.0052092200  -0.1439523906   0.1249751298   0.0029018490
        0.0005005312   0.0000339183  -0.0004126806  -0.0006423217   0.0005263864
        0.0020671953  -0.0009205729  -0.0000150142  -0.0005222278  -0.0002999319
       -0.0011807066  -0.0004580708   0.0001568508   0.0003623015  -0.0003656242
        0.0054617653   0.0022286396  -0.0025941446   0.0002971885   0.0008589560
        0.0001014042  -0.0155045439  -0.0046613439  -0.0057378702  -0.0488875672
       -0.2250884740  -0.1252577187   0.0367059346  -0.0518133001  -0.0089013895
       -0.0221054357  -0.0131244198  -0.0175691101   0.0127751005   0.0253703068
        0.0212174788   0.0342169902  -0.0877398544  -0.0016026925  -0.1178018004
        0.5480183125   0.1678996705   0.0008184499   0.0006643826   0.0000136814
        0.0001319158  -0.0000238810  -0.0001575931   0.0003597770  -0.0003096457
        0.0000457811   0.0011446265   0.0006207696   0.0007096717   0.0044563127
       -0.0017741057  -0.0023910050  -0.0006823414   0.0003332966  -0.0000518134
        0.0049346955  -0.0016346864  -0.0024856829  -0.0196099563  -0.0018797630
       -0.0131105433   0.1244943330  -0.1897720752  -0.0104367164
        0.0001968629   0.0001567137  -0.0000292116  -0.0005158608  -0.0009218190
       -0.0000779635   0.0000052447  -0.0002857997   0.0002046970   0.0004950725
        0.0005065833  -0.0002049624   0.0001045685   0.0005086747  -0.0000617093
        0.0034785761   0.0015596640   0.0002276998  -0.0023524924  -0.0004977124
       -0.0021986410  -0.0161824207  -0.0146637835  -0.0148800312  -0.0514339574
       -0.0959948649  -0.1337609011   0.0421512962  -0.0335529817   0.0075854384
       -0.0238132525  -0.0172358994  -0.0293570931  -0.0220869635   0.0480160388
        0.0157601599  -0.1042107922  -0.0369949964  -0.1336257813   0.1905480680
        0.1678996705   0.3295806588  -0.0001532031   0.0001946235  -0.0000909366
       -0.0004282386  -0.0004879122   0.0000443356   0.0001758778  -0.0000056660
       -0.0000638967   0.0009007450  -0.0007130217   0.0006116297  -0.0021983324
       -0.0021939082   0.0048612520  -0.0001387791  -0.0000396092  -0.0004967778
       -0.0023324205  -0.0025553831   0.0051548721  -0.0154993136  -0.0024152537
       -0.0098802142   0.0032897149  -0.0102833575  -0.0393026236
       -0.0030118004  -0.0003966630  -0.0002996626   0.0039120051   0.0046363035
        0.0011970631  -0.0083879148  -0.0003816436  -0.0009718349  -0.0083006270
        0.0056647174  -0.0051486282  -0.0007297052  -0.0008982907  -0.0000568739
       -0.0017630561  -0.0002622412  -0.0008770963   0.0005837459  -0.0007197759
       -0.0006854056   0.0007620814   0.0009674106  -0.0002005353   0.0005113602
       -0.0001040252   0.0001771148  -0.0001541500   0.0000110845   0.0002037699
       -0.0001390079  -0.0001583934   0.0000649886  -0.0001398168  -0.0000249590
        0.0001976882   0.0000395808  -0.0003262429  -0.0001180329  -0.0003121224
        0.0008184499  -0.0001532031   0.0170329973  -0.0072565849   0.0055487007
        0.0000359937   0.0000573390  -0.0000918467  -0.0000190776   0.0000281940
       -0.0000004585  -0.0001783491   0.0001466734   0.0004920813  -0.0000286425
       -0.0001656371   0.0000618122  -0.0000251200  -0.0002577188   0.0001911849
        0.0000441748  -0.0002622852   0.0002263751   0.0000807054  -0.0001694722
        0.0001024725   0.0001867451  -0.0009462392   0.0001403268
       -0.0002759178   0.0001321059   0.0001738822   0.0043785776  -0.0072403129
       -0.0043473232  -0.0011493915  -0.0483061362   0.0268104583   0.0067777536
       -0.0090347468   0.0072477489  -0.0009914215   0.0009934426   0.0000839952
       -0.0023977942  -0.0016466591   0.0040188239   0.0002073307   0.0011164359
       -0.0000243636   0.0012232373   0.0004858236  -0.0005777480  -0.0002827028
       -0.0000350782  -0.0000287552   0.0000978947  -0.0002778775  -0.0000620035
        0.0000894740  -0.0002165953  -0.0001807420   0.0000158945   0.0001140293
        0.0001553599   0.0000016240  -0.0000959040   0.0001378516  -0.0004639647
        0.0006643826   0.0001946235  -0.0072565849   0.0633772368  -0.0334392725
        0.0000525074   0.0001434846  -0.0002135044   0.0000900202  -0.0000953359
       -0.0000655202  -0.0000631291   0.0004895227   0.0002149849   0.0001376417
       -0.0000599145  -0.0002390268   0.0000034471  -0.0000012022  -0.0001526012
        0.0000083199  -0.0001515257  -0.0000241610  -0.0000722249  -0.0001568487
        0.0000863960  -0.0001305914  -0.0001983270   0.0002308974
       -0.0002478068  -0.0003993350  -0.0020657640  -0.0003517191   0.0025634303
        0.0081251635  -0.0004873385   0.0261561382  -0.0249624626  -0.0051894117
        0.0032462022  -0.0083487355   0.0005585386  -0.0006346795  -0.0013896511
       -0.0009313872   0.0018372844  -0.0023469436  -0.0002556101   0.0010428653
        0.0007143161   0.0007404806  -0.0007593257   0.0003882876  -0.0001515924
        0.0003740032  -0.0000864305   0.0000158276  -0.0000133377  -0.0001220484
       -0.0000865844  -0.0000461880  -0.0001855006  -0.0000612264  -0.0000366201
        0.0000211992  -0.0000911625   0.0000545845   0.0000862712  -0.0001049326
        0.0000136814  -0.0000909366   0.0055487007  -0.0334392725   0.0307461163
        0.0001892332   0.0001130718  -0.0003085937   0.0000342254   0.0003085491
       -0.0000969223   0.0008397375  -0.0000041705  -0.0003602297   0.0000758423
        0.0000992470  -0.0002156625  -0.0000209556   0.0000393744  -0.0002219233
       -0.0000674008  -0.0001368138   0.0000044712  -0.0001464985  -0.0002791336
        0.0002229283   0.0001910406  -0.0000995553   0.0004930507
       -0.0003790069  -0.0002796142   0.0000119980   0.0002189789   0.0018092805
       -0.0007392615  -0.0000920379   0.0000294577  -0.0000925706   0.0001020225
        0.0002770384   0.0014596794   0.0003650287  -0.0004480602  -0.0000350314
        0.0098776577  -0.0026885259   0.0177573969  -0.1371641317   0.0195996279
       -0.1348815043  -0.0121963564   0.0025516292  -0.0150292533   0.0008044554
       -0.0025384799  -0.0022508007   0.0001507501  -0.0002447320   0.0001566166
        0.0000630174  -0.0000636852   0.0000766016   0.0000194133  -0.0000346804
       -0.0000023392  -0.0001185153  -0.0002855654  -0.0000320117  -0.0009382490
        0.0001319158  -0.0004282386   0.0000359937   0.0000525074   0.0001892332
        0.1447544460  -0.0206452182   0.1416956147  -0.0058124856   0.0017666056
       -0.0088434029   0.0002712821   0.0009223273   0.0010188995   0.0001804951
       -0.0000166216  -0.0000466766   0.0000107466   0.0000028278   0.0000315554
       -0.0000077629   0.0000250152   0.0000226755  -0.0001004376   0.0000163895
       -0.0000281755  -0.0000453044   0.0000605606  -0.0000110047
       -0.0000312271  -0.0001048633  -0.0000209713  -0.0000367961  -0.0003584213
        0.0000109046  -0.0000468051  -0.0000895685   0.0000986786  -0.0000392954
       -0.0000395907  -0.0003788012  -0.0001977212   0.0002230195   0.0001474258
       -0.0017892271  -0.0001381751  -0.0071313715   0.0224264181  -0.0444243955
        0.0268238274  -0.0130532885   0.0002471104  -0.0158944123   0.0008345176
       -0.0022884446  -0.0023020846   0.0004134725  -0.0002408685  -0.0001138075
        0.0000279231   0.0000191591   0.0000914057   0.0000539138   0.0000309448
        0.0000718214  -0.0000790101  -0.0002459655   0.0000172433  -0.0009585027
       -0.0000238810  -0.0004879122   0.0000573390   0.0001434846   0.0001130718
       -0.0206452182   0.0488035233  -0.0191707944   0.0144554540  -0.0023808563
        0.0180957627  -0.0011871754   0.0004939499  -0.0001255615  -0.0001363680
        0.0002503413   0.0001083657   0.0000151995   0.0000215013  -0.0000349247
        0.0000190766   0.0000155147   0.0000049574  -0.0000706215  -0.0000203075
        0.0000095201  -0.0000320578   0.0001067889   0.0000676568
        0.0001666767   0.0000384196   0.0003136945  -0.0009961775  -0.0014475011
       -0.0007818864   0.0000930755   0.0003160161   0.0001310809   0.0001466433
       -0.0002866645  -0.0010614017  -0.0000673220   0.0002013226   0.0002809869
       -0.0084536182  -0.0032821219  -0.0268424902  -0.1273943221   0.0246891954
       -0.1969356761  -0.0005782034  -0.0031466780  -0.0024539012   0.0003548386
        0.0003642231   0.0007287333   0.0000536183   0.0000770057   0.0000738702
        0.0000701557   0.0000128180   0.0000288116   0.0000342990   0.0000151122
        0.0000094575   0.0000760213   0.0000558206   0.0000189219   0.0001765970
       -0.0001575931   0.0000443356  -0.0000918467  -0.0002135044  -0.0003085937
        0.1416956147  -0.0191707944   0.2295085625  -0.0050501888   0.0022306571
       -0.0029450594  -0.0001795552  -0.0003268001   0.0002968708  -0.0001139615
       -0.0000440872  -0.0000893089   0.0000230767  -0.0000100519   0.0000346613
        0.0000002070   0.0000108211   0.0000002174   0.0000397247   0.0000320170
       -0.0000129424  -0.0000053530   0.0000423682  -0.0000389445
       -0.0001308633  -0.0001453375  -0.0002927128   0.0008251671   0.0000319889
        0.0003723239   0.0000951550  -0.0001454967  -0.0000097150  -0.0000704723
       -0.0002090627  -0.0004692862  -0.0004452552  -0.0003023477  -0.0000965344
       -0.0089561065   0.0202898731   0.0047373304  -0.0763970582   0.0910135043
       -0.0246440104   0.0090910656  -0.0163841093   0.0058135321  -0.0000745078
        0.0006075443   0.0006824909  -0.0005174102  -0.0014868101  -0.0010081790
       -0.0000421289   0.0004063904   0.0001504792   0.0000389220  -0.0000624361
        0.0000241188  -0.0000973994   0.0000959904  -0.0000105662   0.0000202239
        0.0003597770   0.0001758778  -0.0000190776   0.0000900202   0.0000342254
       -0.0058124856   0.0144554540  -0.0050501888   0.0851528372  -0.1065460709
        0.0225792039  -0.0002318501  -0.0026912717  -0.0029320803  -0.0023502465
        0.0003282085  -0.0002381279  -0.0000624884   0.0000466452  -0.0000148008
        0.0000153751   0.0000815217   0.0000705701  -0.0000233641   0.0000441045
        0.0000253198  -0.0000080318   0.0001219201   0.0001007296
       -0.0001314925  -0.0001762886   0.0001222027   0.0004901680   0.0005498264
       -0.0006655972   0.0000067050  -0.0000580752  -0.0003958791  -0.0000854739
       -0.0000253455   0.0003148652  -0.0003391821  -0.0002595700   0.0003916492
        0.0016531553  -0.0073523096  -0.0039646871   0.0951351645  -0.2506945740
        0.0430643949   0.0076338269  -0.0207730158   0.0008761682   0.0003200624
        0.0005242432   0.0008837152   0.0003967999  -0.0001408019  -0.0000089879
       -0.0001006742   0.0001471478   0.0000096959   0.0000061158   0.0001823126
        0.0001173026   0.0001828598   0.0000208920   0.0000830518   0.0001878635
       -0.0003096457  -0.0000056660   0.0000281940  -0.0000953359   0.0003085491
        0.0017666056  -0.0023808563   0.0022306571  -0.1065460709   0.2810138886
       -0.0410629052  -0.0000437580  -0.0013846379  -0.0025577063  -0.0007071812
        0.0010000197   0.0000124771   0.0000863197   0.0000128516   0.0000201103
        0.0000263216   0.0000203967   0.0000448730   0.0000436140   0.0000100332
        0.0000691676  -0.0000099432   0.0001688448   0.0001125490
       -0.0003215528   0.0002810390  -0.0000289990   0.0015102664  -0.0018865167
        0.0001674922   0.0000266512   0.0000626324   0.0003409563  -0.0002716633
        0.0005985459   0.0002851750  -0.0004189632   0.0004387222   0.0002288206
        0.0124033981  -0.0265741878  -0.0048269800  -0.0264607209   0.0507538037
       -0.0478658170   0.0000933383  -0.0000048976  -0.0005429815   0.0002357574
       -0.0007960042  -0.0002505237  -0.0000284945  -0.0000745656  -0.0002293252
       -0.0000497176  -0.0000101057  -0.0001013451  -0.0000201337  -0.0000299748
       -0.0000111149  -0.0000074466  -0.0000290305  -0.0000281740  -0.0000991101
        0.0000457811  -0.0000638967  -0.0000004585  -0.0000655202  -0.0000969223
       -0.0088434029   0.0180957627  -0.0029450594   0.0225792039  -0.0410629052
        0.0549155769   0.0000960332   0.0001323886   0.0004445749  -0.0004598555
        0.0000392257   0.0006386896   0.0000101143  -0.0000034552   0.0000417071
        0.0000099572   0.0000136435   0.0000052907   0.0000085249   0.0000331411
       -0.0000391215   0.0000082747   0.0000424774  -0.0000380229
       -0.0009234899  -0.0004633735   0.0007878057  -0.0003801643  -0.0008243007
       -0.0021653750  -0.0001254726  -0.0003045971  -0.0008170631  -0.0000015759
        0.0005928112   0.0002854614   0.0006171447  -0.0004927308   0.0005153694
       -0.0036584352  -0.0224550515   0.0134584336  -0.0008568897  -0.0035924912
        0.0000295763  -0.0528541216   0.0726125451  -0.0337891939  -0.0094113237
        0.0180150468  -0.0110153856  -0.0016601435  -0.0002845878  -0.0030213160
       -0.0013480445  -0.0000500333   0.0004561017   0.0001044465   0.0001627043
        0.0001202888  -0.0001678119  -0.0001153835   0.0004589444  -0.0000962564
        0.0011446265   0.0009007450  -0.0001783491  -0.0000631291   0.0008397375
        0.0002712821  -0.0011871754  -0.0001795552  -0.0002318501  -0.0000437580
        0.0000960332   0.0704916608  -0.0619345451   0.0338356032   0.0002019872
       -0.0002566843  -0.0001657136  -0.0002574599  -0.0001440338  -0.0000192535
        0.0001406077  -0.0000188371  -0.0000868014   0.0000861708  -0.0000332916
        0.0000639404   0.0002380883  -0.0002637301  -0.0005883835
        0.0002578101   0.0002323537  -0.0001077338  -0.0001765158  -0.0011628773
        0.0007944122  -0.0002629543  -0.0009886380   0.0002802138  -0.0000727411
        0.0000130912  -0.0004224148   0.0000216987   0.0002418746  -0.0000192353
       -0.0042164626  -0.0062838121   0.0021878143   0.0019841337  -0.0209479697
        0.0068721147   0.0639827141  -0.2394258484   0.0882402183   0.0036608928
       -0.0014486238   0.0013187868   0.0002588193  -0.0000246276   0.0004699306
       -0.0000283016  -0.0002617170  -0.0002774854  -0.0001684350   0.0003158289
        0.0000480764   0.0004752939  -0.0000359304  -0.0002452832  -0.0015772353
        0.0006207696  -0.0007130217   0.0001466734   0.0004895227  -0.0000041705
        0.0009223273   0.0004939499  -0.0003268001  -0.0026912717  -0.0013846379
        0.0001323886  -0.0619345451   0.2695045799  -0.0982053627  -0.0000739470
        0.0000630254   0.0000162755  -0.0000055755   0.0000473151  -0.0000078908
       -0.0000612216  -0.0000284142   0.0000635583  -0.0001076595  -0.0000206052
       -0.0000414986  -0.0003334974  -0.0000086093  -0.0000528927
        0.0005766509   0.0002639535  -0.0007987720   0.0010587369   0.0014965009
        0.0012982150  -0.0009175077   0.0005548575   0.0000561491  -0.0000995097
       -0.0007736200   0.0000585334  -0.0003280204   0.0000798802  -0.0001288087
        0.0048843715   0.0208008089  -0.0118255857   0.0054345480  -0.0172313572
        0.0069304921  -0.0356080929   0.0835805764  -0.0724531337  -0.0047582520
        0.0120802213  -0.0027740536  -0.0020104102  -0.0002080791  -0.0015985432
       -0.0004933193   0.0005652064   0.0004942058   0.0000752405   0.0000415210
        0.0000551563   0.0003630257  -0.0003130243   0.0002315261  -0.0003357826
        0.0007096717   0.0006116297   0.0004920813   0.0002149849  -0.0003602297
        0.0010188995  -0.0001255615   0.0002968708  -0.0029320803  -0.0025577063
        0.0004445749   0.0338356032  -0.0982053627   0.0802240367   0.0000820647
       -0.0000806373  -0.0001787521  -0.0001633737  -0.0000334143  -0.0001515563
        0.0000625627  -0.0000585785   0.0000165045   0.0000159875  -0.0000493370
        0.0000998006  -0.0002534238  -0.0007515044  -0.0005482602
        0.0000845110   0.0000485511  -0.0000424905  -0.0002098493   0.0001594543
        0.0003830380   0.0000306842  -0.0000730862  -0.0000145399   0.0001053903
       -0.0001118854  -0.0001283188  -0.0000842137  -0.0000645706  -0.0001558493
       -0.0001842619   0.0000861011  -0.0000020717  -0.0014487033   0.0009564388
       -0.0002222318   0.0001215105  -0.0003639609   0.0013835643   0.0039335707
        0.0139023616   0.0099155207  -0.0514005462  -0.0368348363  -0.0316185038
       -0.0062788198  -0.0197009868  -0.0156871004  -0.0026167738   0.0014344528
       -0.0054963020  -0.0003946232   0.0002148561   0.0000668683  -0.0006520591
        0.0044563127  -0.0021983324  -0.0000286425   0.0001376417   0.0000758423
        0.0001804951  -0.0001363680  -0.0001139615  -0.0023502465  -0.0007071812
       -0.0004598555   0.0002019872  -0.0000739470   0.0000820647   0.0615045666
        0.0386185614   0.0431802151  -0.0000173256  -0.0013650206   0.0007320622
       -0.0003368342  -0.0010511058  -0.0007380685  -0.0003348715  -0.0003603947
        0.0006365369   0.0001750549   0.0008286118   0.0004219136
       -0.0000601656   0.0000957680   0.0001118981   0.0003276550  -0.0004697448
       -0.0004188931   0.0002226214  -0.0000705197  -0.0000904053   0.0000677102
        0.0001668454   0.0000874018  -0.0002793997  -0.0000037969   0.0003764161
       -0.0004367448   0.0005226467  -0.0001158763  -0.0003640775  -0.0001652412
        0.0001162004  -0.0017138618  -0.0007015594   0.0002539855  -0.0023166186
       -0.0212059261  -0.0139322415  -0.0377568952  -0.1997136267  -0.1184323220
       -0.0015437386  -0.0018842987  -0.0027054557   0.0010248093   0.0025314240
       -0.0026359498   0.0000843527   0.0004654155   0.0004422699   0.0050069154
       -0.0017741057  -0.0021939082  -0.0001656371  -0.0000599145   0.0000992470
       -0.0000166216   0.0002503413  -0.0000440872   0.0003282085   0.0010000197
        0.0000392257  -0.0002566843   0.0000630254  -0.0000806373   0.0386185614
        0.2218073112   0.1375914010  -0.0000988879   0.0003178366   0.0016151776
        0.0000347179  -0.0001411375   0.0000369652  -0.0003756539  -0.0002026547
        0.0006913186  -0.0003305653  -0.0008281078  -0.0008117305
       -0.0001603705   0.0000896784  -0.0000173565   0.0005477703  -0.0005379520
       -0.0000745620   0.0000181959   0.0001709807   0.0001980267  -0.0000690633
        0.0002016868   0.0001333221  -0.0004017586   0.0002258782   0.0001542113
        0.0006791641   0.0000040839   0.0001581984  -0.0005085185   0.0002612023
       -0.0003659303   0.0003324200   0.0014520331  -0.0011571736  -0.0005265749
       -0.0043713643  -0.0019600749  -0.0316756354  -0.1180424181  -0.1214305197
       -0.0052506486  -0.0134482643  -0.0097006019  -0.0057498677  -0.0023537246
        0.0033422438   0.0000464170   0.0005073454   0.0000398149  -0.0018435088
       -0.0023910050   0.0048612520   0.0000618122  -0.0002390268  -0.0002156625
       -0.0000466766   0.0001083657  -0.0000893089  -0.0002381279   0.0000124771
        0.0006386896  -0.0001657136   0.0000162755  -0.0001787521   0.0431802151
        0.1375914010   0.1282959984   0.0014059413   0.0008834155  -0.0011879081
       -0.0001022822  -0.0006265139  -0.0005614984   0.0006477646   0.0006626497
       -0.0009875433  -0.0001809539  -0.0001772043   0.0001051352
       -0.0000489709  -0.0000371999   0.0000634295   0.0000287383   0.0003443691
       -0.0003426654   0.0000359273   0.0000622590   0.0000134086   0.0000300542
       -0.0000800291   0.0000783154   0.0001190678  -0.0002093324   0.0000926454
       -0.0001940583   0.0000759239   0.0000607918   0.0001052457  -0.0000380781
        0.0000898948  -0.0008043506   0.0009781454  -0.0000479456  -0.0021736969
        0.0008099662  -0.0053844920  -0.0191760938   0.0199289781  -0.0001649726
       -0.1479446940   0.1265079350   0.0066003690   0.0032569663  -0.0026665862
       -0.0001565433   0.0023278990   0.0003545060  -0.0030554669   0.0001017092
       -0.0006823414  -0.0001387791  -0.0000251200   0.0000034471  -0.0000209556
        0.0000107466   0.0000151995   0.0000230767  -0.0000624884   0.0000863197
        0.0000101143  -0.0002574599  -0.0000055755  -0.0001633737  -0.0000173256
       -0.0000988879   0.0014059413   0.1646767717  -0.1433159302  -0.0003282337
        0.0002051746  -0.0013490860   0.0008073323   0.0000931366  -0.0002743161
       -0.0000299618  -0.0002871790  -0.0004096863   0.0005880705
        0.0000192198   0.0001519089  -0.0000218027  -0.0000701096  -0.0001597137
        0.0000664607   0.0003179222  -0.0000366502  -0.0000100701   0.0001374630
        0.0000054114  -0.0000127363  -0.0000520719  -0.0000314872  -0.0000146765
        0.0000551467   0.0003807631  -0.0000629349  -0.0000895240  -0.0001979773
       -0.0000001044  -0.0000324333  -0.0003339346  -0.0001142751   0.0012743480
        0.0026850945  -0.0023491583   0.0017676172  -0.0005775877   0.0003265852
        0.1268061281  -0.1895234796  -0.0144851597   0.0153567597  -0.0203429161
       -0.0032062941   0.0000341590  -0.0019445039  -0.0056797913  -0.0006715499
        0.0003332966  -0.0000396092  -0.0002577188  -0.0000012022   0.0000393744
        0.0000028278   0.0000215013  -0.0000100519   0.0000466452   0.0000128516
       -0.0000034552  -0.0001440338   0.0000473151  -0.0000334143  -0.0013650206
        0.0003178366   0.0008834155  -0.1433159302   0.2102860278   0.0227026544
       -0.0001596587   0.0000641723   0.0013906568   0.0007654694  -0.0009549667
        0.0000127313  -0.0004256553  -0.0002017601   0.0006216555
       -0.0000028668  -0.0000289686   0.0000740129  -0.0000158999   0.0000615114
        0.0000092087  -0.0001567550   0.0001554645   0.0002432857   0.0000362111
        0.0000272982   0.0000635157  -0.0000894352   0.0000099381  -0.0001354767
        0.0001443545  -0.0004587975   0.0002272035  -0.0001507613   0.0002778124
       -0.0001847923  -0.0006165534   0.0008040305  -0.0000446164  -0.0054262020
       -0.0025570229   0.0034110827  -0.0104965298   0.0110753727   0.0008133881
        0.0066220976  -0.0147724446  -0.0399111157   0.0103601016  -0.0137881515
       -0.0009335924  -0.0032742679  -0.0054521850   0.0027564443  -0.0002534300
       -0.0000518134  -0.0004967778   0.0001911849  -0.0001526012  -0.0002219233
        0.0000315554  -0.0000349247   0.0000346613  -0.0000148008   0.0000201103
        0.0000417071  -0.0000192535  -0.0000078908  -0.0001515563   0.0007320622
        0.0016151776  -0.0011879081  -0.0003282337   0.0227026544   0.0379041175
        0.0015093897   0.0006557491  -0.0011852061   0.0005963054  -0.0006763551
       -0.0001422867   0.0006217268   0.0005760359  -0.0009833757
       -0.0000775359  -0.0000623514  -0.0000023425   0.0002046884   0.0001860259
       -0.0002312996  -0.0000896667   0.0000517099  -0.0000032935  -0.0000817438
       -0.0000684368   0.0000803334  -0.0000158118  -0.0000377707   0.0001328817
       -0.0004143720  -0.0000742232  -0.0001332370   0.0001699172  -0.0000017853
        0.0001205101  -0.0002358442  -0.0003911376   0.0007640455   0.0008238190
        0.0003031872   0.0005675907   0.0021122410   0.0001617295  -0.0034729591
       -0.0068247905  -0.0012412190  -0.0053880036  -0.2256060875  -0.0038625643
       -0.1154608677  -0.0184363909   0.0014423323  -0.0108512007  -0.0006569355
        0.0049346955  -0.0023324205   0.0000441748   0.0000083199  -0.0000674008
       -0.0000077629   0.0000190766   0.0000002070   0.0000153751   0.0000263216
        0.0000099572   0.0001406077  -0.0000612216   0.0000625627  -0.0003368342
        0.0000347179  -0.0001022822   0.0002051746  -0.0001596587   0.0015093897
        0.2498150347   0.0000800811   0.1344293444   0.0000732563  -0.0011357762
        0.0008508914  -0.0008205131  -0.0001520524  -0.0004824066
       -0.0000486697   0.0001036591  -0.0000201832   0.0000170781   0.0000169447
       -0.0001016055   0.0003244812   0.0001127303   0.0001789137   0.0001150768
       -0.0000092931   0.0000840072  -0.0000777216  -0.0000776913   0.0000208353
       -0.0003499317  -0.0000037418  -0.0000575785  -0.0000585505   0.0000578177
        0.0000144269  -0.0002117613  -0.0004563737   0.0006933525   0.0002475897
       -0.0005510436  -0.0002611582   0.0002388073  -0.0017780161  -0.0055293969
       -0.0193620294  -0.0013538123  -0.0129355364  -0.0038482283  -0.0428397778
       -0.0062039711   0.0195807525  -0.0000555481   0.0109238941   0.0049118405
       -0.0016346864  -0.0025553831  -0.0002622852  -0.0001515257  -0.0001368138
        0.0000250152   0.0000155147   0.0000108211   0.0000815217   0.0000203967
        0.0000136435  -0.0000188371  -0.0000284142  -0.0000585785  -0.0010511058
       -0.0001411375  -0.0006265139  -0.0013490860   0.0000641723   0.0006557491
        0.0000800811   0.0486634111   0.0136994833   0.0000907711   0.0000910751
        0.0015032061   0.0009251914  -0.0000646605   0.0006883864
       -0.0000408914  -0.0000207242   0.0001450296   0.0000170374  -0.0000384415
       -0.0000523633  -0.0002088183   0.0000381804  -0.0000083044   0.0000005954
        0.0000291904  -0.0000245736  -0.0000748645  -0.0000071717  -0.0000321620
        0.0008893918   0.0001765288   0.0004401446  -0.0003372136  -0.0000448742
       -0.0002430128   0.0003517171   0.0005437742  -0.0012683179   0.0005372302
       -0.0004493567   0.0002586218  -0.0033535111  -0.0055384598   0.0027978261
       -0.0157854262  -0.0021525082  -0.0095774011  -0.1154570213  -0.0062689234
       -0.1088008943  -0.0006078425   0.0002362185   0.0009695372  -0.0023446062
       -0.0024856829   0.0051548721   0.0002263751  -0.0000241610   0.0000044712
        0.0000226755   0.0000049574   0.0000002174   0.0000705701   0.0000448730
        0.0000052907  -0.0000868014   0.0000635583   0.0000165045  -0.0007380685
        0.0000369652  -0.0005614984   0.0008073323   0.0013906568  -0.0011852061
        0.1344293444   0.0136994833   0.1131759408   0.0015489917   0.0007552373
       -0.0010717413   0.0001338038   0.0000106797  -0.0001429806
       -0.0000106128  -0.0000763912   0.0000192579   0.0001209634   0.0000314462
       -0.0003784773  -0.0000942461   0.0000871474   0.0001267731  -0.0000273872
        0.0001011134   0.0001517523   0.0000360713   0.0000309190   0.0001234436
       -0.0001421653  -0.0002082513   0.0000243732  -0.0001230644  -0.0000023384
       -0.0001993297  -0.0002298052  -0.0008327846  -0.0006706629  -0.0021266665
        0.0015844108  -0.0054609980  -0.0004196575   0.0002918088   0.0000049749
       -0.0003190332   0.0046497754  -0.0021989179   0.0034915123   0.0148308577
        0.0099382207  -0.0531416530  -0.0403200400  -0.0333030871  -0.0067827577
       -0.0196099563  -0.0154993136   0.0000807054  -0.0000722249  -0.0001464985
       -0.0001004376  -0.0000706215   0.0000397247  -0.0000233641   0.0000436140
        0.0000085249   0.0000861708  -0.0001076595   0.0000159875  -0.0003348715
       -0.0003756539   0.0006477646   0.0000931366   0.0007654694   0.0005963054
        0.0000732563   0.0000907711   0.0015489917   0.0599556570   0.0405411539
        0.0438722157  -0.0000617510  -0.0013725656   0.0007389746
       -0.0000751393   0.0000506321   0.0000131727   0.0000598609   0.0000338877
       -0.0002688242   0.0001323216   0.0001349330   0.0002657194   0.0000986283
        0.0000377791   0.0001711296  -0.0000697021  -0.0000288815   0.0000556015
       -0.0000910624  -0.0001698407   0.0001195803  -0.0000365293   0.0001184692
       -0.0000646321   0.0001963319  -0.0000879264   0.0000371659   0.0012602836
        0.0026823514  -0.0023820343   0.0003943812   0.0004343044   0.0005674526
        0.0049040000  -0.0017458136  -0.0025165810  -0.0031292056  -0.0202527847
       -0.0139173715  -0.0404633172  -0.2022068516  -0.1184863954  -0.0016755451
       -0.0018797630  -0.0024152537  -0.0001694722  -0.0001568487  -0.0002791336
        0.0000163895  -0.0000203075   0.0000320170   0.0000441045   0.0000100332
        0.0000331411  -0.0000332916  -0.0000206052  -0.0000493370  -0.0003603947
       -0.0002026547   0.0006626497  -0.0002743161  -0.0009549667  -0.0006763551
       -0.0011357762   0.0000910751   0.0007552373   0.0405411539   0.2238181087
        0.1367989751  -0.0001337037   0.0003156703   0.0015440759
       -0.0000447177   0.0000157771   0.0001453791   0.0000584225  -0.0002038105
       -0.0001515732  -0.0000593430  -0.0000701371  -0.0002242634   0.0000123273
        0.0001023817  -0.0000778200  -0.0000389667  -0.0000022896   0.0000336035
        0.0002582138   0.0004826317   0.0001957113  -0.0002864604  -0.0002691623
       -0.0001702928  -0.0003495697  -0.0009887319  -0.0006996326  -0.0054371695
       -0.0023751739   0.0035272887  -0.0001607726   0.0006535629   0.0001244823
       -0.0019650224  -0.0025582662   0.0052121608  -0.0001010110  -0.0033744415
       -0.0010475149  -0.0336180910  -0.1181642376  -0.1226777015  -0.0052092200
       -0.0131105433  -0.0098802142   0.0001024725   0.0000863960   0.0002229283
       -0.0000281755   0.0000095201  -0.0000129424   0.0000253198   0.0000691676
       -0.0000391215   0.0000639404  -0.0000414986   0.0000998006   0.0006365369
        0.0006913186  -0.0009875433  -0.0000299618   0.0000127313  -0.0001422867
        0.0008508914   0.0015032061  -0.0010717413   0.0438722157   0.1367989751
        0.1288810539   0.0014481410   0.0007326243  -0.0012597606
        0.0001094079  -0.0001511908  -0.0000182327  -0.0001770055   0.0000544199
        0.0001821535  -0.0001555500   0.0003112450  -0.0002069631  -0.0000719238
       -0.0002056081   0.0000513844   0.0000900009   0.0000396726  -0.0000124077
       -0.0003005141  -0.0003043411  -0.0001014806   0.0000716038   0.0001394365
       -0.0000564702   0.0002236249  -0.0016804951   0.0006094208   0.0030213603
       -0.0017713213  -0.0000684814   0.0020374005   0.0001160197  -0.0030559973
       -0.0000080820  -0.0005554175  -0.0001448786  -0.0022821260   0.0011505234
       -0.0056249309  -0.0174651221   0.0189998141  -0.0005712170  -0.1439523906
        0.1244943330   0.0032897149   0.0001867451  -0.0001305914   0.0001910406
       -0.0000453044  -0.0000320578  -0.0000053530  -0.0000080318  -0.0000099432
        0.0000082747   0.0002380883  -0.0003334974  -0.0002534238   0.0001750549
       -0.0003305653  -0.0001809539  -0.0002871790  -0.0004256553   0.0006217268
       -0.0008205131   0.0009251914   0.0001338038  -0.0000617510  -0.0001337037
        0.0014481410   0.1594822067  -0.1401662676   0.0037651295
       -0.0000009114   0.0002784054   0.0000303210   0.0000031414  -0.0011921626
       -0.0002640765   0.0006946848  -0.0008118237   0.0004088516   0.0001672630
        0.0007092538   0.0000064543  -0.0001465238   0.0002701135   0.0000521808
       -0.0007628588  -0.0002267518   0.0002304255   0.0001916101   0.0001489441
       -0.0000092772   0.0005943958   0.0000810498   0.0017153774   0.0144461389
       -0.0201011414  -0.0032053634  -0.0002125291  -0.0019068154  -0.0049753231
       -0.0004913914   0.0003925804   0.0001147581   0.0012756164   0.0022649823
       -0.0023140351   0.0015656829   0.0000764134   0.0001095344   0.1249751298
       -0.1897720752  -0.0102833575  -0.0009462392  -0.0001983270  -0.0000995553
        0.0000605606   0.0001067889   0.0000423682   0.0001219201   0.0001688448
        0.0000424774  -0.0002637301  -0.0000086093  -0.0007515044   0.0008286118
       -0.0008281078  -0.0001772043  -0.0004096863  -0.0002017601   0.0005760359
       -0.0001520524  -0.0000646605   0.0000106797  -0.0013725656   0.0003156703
        0.0007326243  -0.1401662676   0.2104991880   0.0180076082
       -0.0000508806   0.0000406533  -0.0000642991   0.0002216950  -0.0002069962
        0.0005447704   0.0001522626  -0.0002139732  -0.0007652699  -0.0000917097
       -0.0000590389  -0.0003029354  -0.0001139567  -0.0000083092  -0.0000461664
        0.0008624756   0.0007444599  -0.0002244350  -0.0001039387  -0.0001727979
        0.0000392607   0.0013966846  -0.0002864369  -0.0009186539   0.0091616055
       -0.0133192335  -0.0005578348  -0.0030578729  -0.0049608377   0.0022998083
       -0.0000732765  -0.0000425473  -0.0003780609  -0.0055587727  -0.0024515733
        0.0032133464  -0.0103195143   0.0109651413   0.0013144545   0.0029018490
       -0.0104367164  -0.0393026236   0.0001403268   0.0002308974   0.0004930507
       -0.0000110047   0.0000676568  -0.0000389445   0.0001007296   0.0001125490
       -0.0000380229  -0.0005883835  -0.0000528927  -0.0005482602   0.0004219136
       -0.0008117305   0.0001051352   0.0005880705   0.0006216555  -0.0009833757
       -0.0004824066   0.0006883864  -0.0001429806   0.0007389746   0.0015440759
       -0.0012597606   0.0037651295   0.0180076082   0.0375617973
