$hessian                                                                        
        0.0105703469  -0.0175859725  -0.0073131134  -0.0012396502   0.0018538441
        0.0003797119  -0.0085946443   0.0160994436   0.0072759620   0.0008459324
        0.0013391140   0.0003691785  -0.0008276343  -0.0003872259  -0.0004441040
       -0.0001257024  -0.0006212612  -0.0003630540  -0.0007021962   0.0000082840
       -0.0000451062  -0.0003949825  -0.0003548569  -0.0001194350  -0.0001662176
       -0.0001419706  -0.0001960335  -0.0000799857   0.0000617353   0.0000259125
       -0.0000826723   0.0001274852   0.0002689472   0.0000242224   0.0000770563
        0.0002039106   0.0001111093  -0.0000489737  -0.0002068421  -0.0000261908
        0.0000145445   0.0002895576   0.0000298008  -0.0001312750  -0.0001776115
        0.0001034895   0.0000821944   0.0001308592   0.0000661515   0.0000439598
       -0.0000435670  -0.0000105973   0.0000037949   0.0000698373   0.0000895360
       -0.0001450929   0.0001442341   0.0004098848  -0.0002948274  -0.0002492444
       -0.0175859725   0.0397229083   0.0173701299   0.0018311264  -0.0007340847
        0.0002825722   0.0157561022  -0.0379479132  -0.0170568564  -0.0003599537
       -0.0004604854  -0.0004784040   0.0005509122   0.0001246538   0.0002296132
        0.0001013580   0.0000732571   0.0000969397   0.0000363571  -0.0006571856
        0.0003089592   0.0002276925  -0.0003175162   0.0000131632   0.0000776479
       -0.0001289477  -0.0001081519  -0.0000103233   0.0000383303  -0.0001691493
       -0.0000250803   0.0000233581  -0.0002239902  -0.0004616010   0.0000784664
       -0.0003507328  -0.0000322139  -0.0000280852   0.0001189609  -0.0001754602
       -0.0002573181  -0.0001683371  -0.0000040979   0.0001440947   0.0001355858
        0.0001153559   0.0000590875   0.0000583283   0.0000779923   0.0000266238
       -0.0000204010   0.0000394277  -0.0000152293  -0.0000510444  -0.0000238233
        0.0000664824  -0.0001186099  -0.0001354463   0.0001895029   0.0001314246
       -0.0073131134   0.0173701299   0.0093415446   0.0004438100   0.0001925548
        0.0006214355   0.0068863184  -0.0167872553  -0.0090399655  -0.0001621723
       -0.0005648477  -0.0006374211  -0.0001943114  -0.0001272321  -0.0000822180
        0.0000658481  -0.0001798774  -0.0000621811   0.0001019679  -0.0002692744
        0.0001695974   0.0000486324  -0.0000551243  -0.0001770011   0.0000529129
        0.0000405924  -0.0000401389   0.0000617583   0.0001171205   0.0000766160
        0.0000990294   0.0000578494  -0.0000002005  -0.0000393077   0.0001145136
       -0.0002552930   0.0000823786  -0.0000913935  -0.0000153257   0.0001444875
        0.0001052070  -0.0001614693   0.0000017583  -0.0001345345   0.0000552042
        0.0001137333  -0.0000104692   0.0000092451  -0.0000642644  -0.0000003920
       -0.0000017021  -0.0000007990  -0.0000041533   0.0000803913  -0.0000740629
        0.0000623012  -0.0000384849  -0.0002546040   0.0001642851   0.0001573670
       -0.0012396502   0.0018311264   0.0004438100   0.0566784702  -0.0157885776
        0.0147480559  -0.0535491120   0.0146240464  -0.0151077472  -0.0006800609
        0.0007083415   0.0002773799   0.0001785932  -0.0002712071   0.0000358883
       -0.0000541961  -0.0000604881   0.0000472772   0.0005120199  -0.0002117448
        0.0002852431  -0.0000509457   0.0000099453   0.0002788873   0.0001212034
       -0.0000121997  -0.0001838705   0.0001924302   0.0000551949  -0.0002317455
       -0.0003438088  -0.0000447535  -0.0004859068  -0.0012898354  -0.0007771747
       -0.0003958476  -0.0000174818  -0.0000168298   0.0002694552   0.0001650623
       -0.0002734305  -0.0002682773  -0.0000124459   0.0001434414   0.0001150364
        0.0001261382  -0.0000161005   0.0000657122   0.0000823675  -0.0000190743
       -0.0000898053   0.0000218045   0.0000554836  -0.0000595491   0.0000777838
        0.0001473276  -0.0000556758  -0.0009183363  -0.0000833265   0.0003116795
        0.0018538441  -0.0007340847   0.0001925548  -0.0157885776   0.0073981098
       -0.0036171112   0.0151543924  -0.0055503573   0.0038736615   0.0006237086
       -0.0009896290  -0.0003502740   0.0000887664   0.0007067043  -0.0000176517
       -0.0008793254   0.0003962885  -0.0001438472  -0.0002368139   0.0000223197
        0.0000337164  -0.0001416300   0.0002372688   0.0001203278  -0.0001056851
        0.0000640746  -0.0000066665   0.0000747339  -0.0000146979   0.0000339776
       -0.0001266936  -0.0001292826   0.0002098242   0.0001840328  -0.0009480586
       -0.0002155862  -0.0000219260  -0.0000532122  -0.0001345143  -0.0001019355
        0.0000457657   0.0000750772   0.0002111230  -0.0001031694  -0.0000775714
       -0.0001850230  -0.0000118956  -0.0000910315  -0.0001215080  -0.0000061745
        0.0000068519  -0.0000967980  -0.0000633645   0.0000732769   0.0001341856
       -0.0000180242  -0.0001005698  -0.0005188706  -0.0002485808   0.0001355556
        0.0003797119   0.0002825722   0.0006214355   0.0147480559  -0.0036171112
        0.0052216355  -0.0140320297   0.0034440113  -0.0053685101  -0.0011252410
        0.0000658050  -0.0010041197   0.0001857196  -0.0001595685   0.0003050334
       -0.0000598632   0.0001262405   0.0002792560   0.0000836415  -0.0000699993
        0.0002261307   0.0000401153  -0.0000803435  -0.0000149662  -0.0000041670
       -0.0000735045   0.0000229187  -0.0000925239   0.0000252276  -0.0000080475
       -0.0000305199   0.0002085872  -0.0001539616   0.0000105332  -0.0000213494
       -0.0001711469   0.0000242784  -0.0000324037  -0.0000573876  -0.0000105613
        0.0000958802   0.0000369246   0.0001043043  -0.0000229283  -0.0000290656
        0.0000260250  -0.0000406879   0.0000378380   0.0000585115  -0.0000164421
        0.0000137266  -0.0000145873   0.0000313578  -0.0000034490  -0.0000431160
       -0.0001367813   0.0000452399  -0.0002482875  -0.0000085621   0.0000005152
       -0.0085946443   0.0157561022   0.0068863184  -0.0535491120   0.0151543924
       -0.0140320297   0.0681323573  -0.0270259806   0.0122436877  -0.0056829746
       -0.0015508780  -0.0031624069   0.0019739230  -0.0026328975   0.0007330871
        0.0017623683   0.0015652899   0.0007549549  -0.0014650288  -0.0009194781
       -0.0035609536   0.0002500649   0.0006137183   0.0000418856  -0.0007218535
        0.0005056648   0.0008518048   0.0002276377  -0.0000170040   0.0004774668
        0.0004346825  -0.0008039128   0.0002003001   0.0005430041  -0.0019872191
       -0.0003746937  -0.0003477077   0.0002144303  -0.0000609919  -0.0009639866
        0.0005089196  -0.0005272866  -0.0003493134  -0.0000709764  -0.0000058432
       -0.0008807882   0.0002458267  -0.0005778833  -0.0002136411   0.0001376223
        0.0000704900  -0.0000432401  -0.0000104362   0.0000277453  -0.0000368427
        0.0000623527  -0.0002796195  -0.0004749049   0.0002544635   0.0002939675
        0.0160994436  -0.0379479132  -0.0167872553   0.0146240464  -0.0055503573
        0.0034440113  -0.0270259806   0.0523767630   0.0162521841  -0.0016570548
       -0.0035895148  -0.0019299385  -0.0003558996   0.0001324158   0.0010893022
        0.0004613682   0.0012090055   0.0004817903  -0.0025432662  -0.0013697284
       -0.0028207900   0.0006162330  -0.0008742344  -0.0007666812  -0.0003521969
       -0.0000598291   0.0003339117  -0.0001933744  -0.0002660318   0.0001659910
        0.0002439682  -0.0002150847   0.0004669947  -0.0016539003   0.0006573779
       -0.0000389322   0.0002145913  -0.0002098259  -0.0000833949   0.0009563581
        0.0002338610   0.0005714277  -0.0002811108  -0.0007518965  -0.0002071535
        0.0003927836   0.0000119213   0.0000258815   0.0002655779   0.0000803521
       -0.0000516124   0.0002128834   0.0000877394  -0.0000244949   0.0004731905
       -0.0005002458   0.0007284181  -0.0004976607  -0.0034547740  -0.0008496597
        0.0072759620  -0.0170568564  -0.0090399655  -0.0151077472   0.0038736615
       -0.0053685101   0.0122436877   0.0162521841   0.0268368379  -0.0035970361
       -0.0023385055  -0.0124819896   0.0006946418  -0.0024723095   0.0011396616
       -0.0006202275   0.0020259997   0.0018619519  -0.0000263267   0.0007090445
       -0.0012399673  -0.0004544942   0.0001067639   0.0002741841  -0.0000740636
       -0.0001043314  -0.0001120003   0.0001878651  -0.0003097068  -0.0004464119
        0.0002368936  -0.0004794128  -0.0006242973  -0.0007259533  -0.0008122968
        0.0009523017  -0.0004371300   0.0003796406  -0.0004643345  -0.0001096191
       -0.0002892566   0.0001394035   0.0000316987  -0.0001939108  -0.0005109780
       -0.0002502422   0.0001594658  -0.0001841269   0.0000953185   0.0000348020
       -0.0002192665   0.0000817269   0.0001008501  -0.0003781376  -0.0002047708
        0.0007896874  -0.0004961449   0.0007598164  -0.0003755130   0.0003617898
        0.0008459324  -0.0003599537  -0.0001621723  -0.0006800609   0.0006237086
       -0.0011252410  -0.0056829746  -0.0016570548  -0.0035970361   0.3363879123
        0.0292369550   0.0440438081  -0.1586949245   0.0538209924  -0.0391514752
       -0.1134888479  -0.0698883245   0.0066388787  -0.0192977493  -0.0076007653
        0.0098786144   0.0001079328  -0.0029687147   0.0018856377   0.0000452489
        0.0011241921   0.0011176426   0.0001018764  -0.0000768967  -0.0004746703
       -0.0001488142   0.0008143770   0.0010902191   0.0001604337   0.0035517820
       -0.0017662569  -0.0114830911   0.0014919168  -0.0090123409  -0.0225997267
        0.0019213610  -0.0048986379  -0.0059566208  -0.0072015909  -0.0039244050
        0.0002120954  -0.0005594586  -0.0001941708  -0.0001439358  -0.0002023657
        0.0000995735  -0.0001707924  -0.0003451645  -0.0000900860  -0.0000106586
       -0.0002261467   0.0001894654   0.0004967648  -0.0014988489  -0.0005473472
        0.0013391140  -0.0004604854  -0.0005648477   0.0007083415  -0.0009896290
        0.0000658050  -0.0015508780  -0.0035895148  -0.0023385055   0.0292369550
        0.1630923807  -0.0198444993   0.0387377037  -0.0485228843   0.0049459409
       -0.0534516560  -0.0866185904  -0.0005557553  -0.0175459458  -0.0058227324
        0.0106130362   0.0009246653  -0.0019610744   0.0013678882  -0.0000421616
        0.0012900311   0.0008103648  -0.0000760013   0.0000303945  -0.0002851794
       -0.0006762176   0.0006994925   0.0002710817  -0.0008297773   0.0018513331
       -0.0017608474   0.0086595671  -0.0009182241   0.0064631767   0.0259741659
       -0.0013582240   0.0065802755  -0.0302756296  -0.0161695217  -0.0052378379
       -0.0000773407   0.0004486015  -0.0000356859   0.0000842688   0.0007833488
        0.0003862235  -0.0002546239  -0.0000539026  -0.0000715803  -0.0004058189
       -0.0006787828  -0.0002424621  -0.0004787303  -0.0010520163  -0.0005665918
        0.0003691785  -0.0004784040  -0.0006374211   0.0002773799  -0.0003502740
       -0.0010041197  -0.0031624069  -0.0019299385  -0.0124819896   0.0440438081
       -0.0198444993   0.1309875941  -0.0374468268   0.0100544783  -0.0644682834
        0.0020086663  -0.0034062604  -0.0482925207   0.0310756146   0.0152512227
       -0.0050062547  -0.0004157722   0.0020237238  -0.0017698781  -0.0000505377
       -0.0012968843  -0.0009993938   0.0007623790  -0.0001072156   0.0004340879
        0.0002695819  -0.0014020920   0.0008008450   0.0014193605   0.0001691826
        0.0021839452  -0.0341010628   0.0006355299  -0.0070730033   0.0102119845
        0.0034714135   0.0055517118  -0.0168096379  -0.0034316358   0.0007771885
       -0.0001540347   0.0004095144   0.0004437935   0.0003529827   0.0001545287
        0.0004331572   0.0007374842   0.0004054171   0.0004260217   0.0004228454
       -0.0001620442   0.0001561224   0.0001890133  -0.0001657628  -0.0004616030
       -0.0008276343   0.0005509122  -0.0001943114   0.0001785932   0.0000887664
        0.0001857196   0.0019739230  -0.0003558996   0.0006946418  -0.1586949245
        0.0387377037  -0.0374468268   0.2729109165  -0.1558604100  -0.0185486909
       -0.0133401447   0.0434396313  -0.0064399085   0.0024985533  -0.0066971753
        0.0034732626   0.0002870737  -0.0001300008  -0.0000410158   0.0003793058
       -0.0000937970  -0.0000967741   0.0001755718  -0.0000708085   0.0001595238
        0.0002129022   0.0002665266  -0.0001215779  -0.0002021319  -0.0004820313
       -0.0000216869  -0.0320618669   0.0043403648  -0.0016329916  -0.0710042416
        0.0753537654   0.0616037705  -0.0023499741   0.0006565022  -0.0016027119
       -0.0002126774  -0.0002177228   0.0000930454   0.0000460203  -0.0000557852
        0.0000287096   0.0001213697  -0.0000506992   0.0000120309   0.0000925975
        0.0001028627  -0.0000838701  -0.0001832314   0.0004772942  -0.0000203383
       -0.0003872259   0.0001246538  -0.0001272321  -0.0002712071   0.0007067043
       -0.0001595685  -0.0026328975   0.0001324158  -0.0024723095   0.0538209924
       -0.0485228843   0.0100544783  -0.1558604100   0.5484614880  -0.0271201164
        0.0209598186  -0.2654365571   0.0850931441   0.0007252299  -0.0064819936
        0.0074223877   0.0000612045   0.0002136705  -0.0015692537   0.0003025959
       -0.0002165027   0.0000012630   0.0000299471   0.0000322506   0.0000737122
        0.0006499405   0.0002735658   0.0003316636  -0.0009112570  -0.0001684749
        0.0003675127   0.0013638096  -0.0429783671   0.0271246653   0.0700113714
       -0.1663749299  -0.1075773946   0.0114690304  -0.0194104605   0.0085776384
        0.0001766192  -0.0004701663  -0.0001105306  -0.0000170598  -0.0004022879
       -0.0002155685   0.0000852982  -0.0000554382   0.0000168757   0.0002118487
        0.0003392803   0.0001787455   0.0002123508   0.0002340334   0.0001098874
       -0.0004441040   0.0002296132  -0.0000822180   0.0000358883  -0.0000176517
        0.0003050334   0.0007330871   0.0010893022   0.0011396616  -0.0391514752
        0.0049459409  -0.0644682834  -0.0185486909  -0.0271201164   0.5831853892
        0.0014185629   0.0893523339  -0.0784494869  -0.0150055467   0.0192476348
       -0.0124462594  -0.0007683236   0.0000707324   0.0011376923  -0.0004315501
        0.0000257235   0.0002760813  -0.0005010576   0.0002133565  -0.0000662725
       -0.0012577932   0.0004944244  -0.0013791126   0.0020589190   0.0014461325
       -0.0049371173   0.0025499277   0.0255873429  -0.2989539726   0.0586983560
       -0.1043049128  -0.1315365044   0.0108653598  -0.0117988657   0.0067367305
        0.0004266521   0.0000941707  -0.0002077078  -0.0002659366  -0.0000517338
       -0.0001846872  -0.0003324374   0.0000966152  -0.0000233486  -0.0001667421
        0.0001124159  -0.0001998160   0.0000869045   0.0002875416   0.0001541984
       -0.0001257024   0.0001013580   0.0000658481  -0.0000541961  -0.0008793254
       -0.0000598632   0.0017623683   0.0004613682  -0.0006202275  -0.1134888479
       -0.0534516560   0.0020086663  -0.0133401447   0.0209598186   0.0014185629
        0.2269937250  -0.0049064441  -0.0603583715  -0.0630844489  -0.0010268093
        0.0332953916  -0.0082965166  -0.0008388481   0.0247656790  -0.0028524827
        0.0039405034   0.0019042624  -0.0005684183   0.0002498339   0.0004018715
       -0.0005064293   0.0038388189  -0.0032242296   0.0041923967  -0.0013497992
       -0.0145037814  -0.0016110704   0.0010225219  -0.0017862542   0.0022244505
        0.0113495245  -0.0019799789  -0.0311101240   0.0216115832   0.0187712190
        0.0003142889  -0.0008971160   0.0006771377  -0.0001657491   0.0000965777
        0.0012364330  -0.0001527177  -0.0004389171  -0.0000731520   0.0000862759
        0.0002536940  -0.0010973144  -0.0002166574  -0.0000966869  -0.0008418990
       -0.0006212612   0.0000732571  -0.0001798774  -0.0000604881   0.0003962885
        0.0001262405   0.0015652899   0.0012090055   0.0020259997  -0.0698883245
       -0.0866185904  -0.0034062604   0.0434396313  -0.2654365571   0.0893523339
       -0.0049064441   0.6227507869  -0.0050780253   0.0026744563  -0.0647897791
        0.0222342428  -0.0007602142   0.0028103061  -0.0066010512   0.0043499614
        0.0047742689  -0.0002708218   0.0001448775  -0.0002780336   0.0002865070
        0.0048676046   0.0036484431   0.0027796515  -0.0010643127  -0.0061330111
        0.0189882551   0.0011605407  -0.0049072106   0.0019874008  -0.0057096999
       -0.0201468479   0.0039644659   0.0271527221  -0.1834605921  -0.1259479930
       -0.0007365001  -0.0021807749  -0.0008585839   0.0001276826  -0.0002513482
       -0.0005980795  -0.0004973842  -0.0012128477  -0.0002613231   0.0001671001
        0.0004308408   0.0010050855  -0.0014052375  -0.0006776039   0.0004518329
       -0.0003630540   0.0000969397  -0.0000621811   0.0000472772  -0.0001438472
        0.0002792560   0.0007549549   0.0004817903   0.0018619519   0.0066388787
       -0.0005557553  -0.0482925207  -0.0064399085   0.0850931441  -0.0784494869
       -0.0603583715  -0.0050780253   0.5116072893   0.0309055227   0.0202897402
       -0.1939585182   0.0110647605  -0.0007861984  -0.0176950351   0.0034822297
        0.0011147530   0.0012048522   0.0004414859  -0.0005320236  -0.0009075713
       -0.0031210030   0.0039078314   0.0008532459  -0.0020220166   0.0093224617
       -0.0289002784   0.0097063359   0.0260587446  -0.0080512974  -0.0078718204
       -0.0134103042   0.0041531089   0.0188406265  -0.1228508292  -0.1427125585
       -0.0012853615  -0.0005326621   0.0003205453  -0.0002080378  -0.0001370746
       -0.0007825422  -0.0005810738  -0.0008365515  -0.0002571646  -0.0000699478
       -0.0000907648  -0.0009709981   0.0004385229  -0.0014113689   0.0007599031
       -0.0007021962   0.0000363571   0.0001019679   0.0005120199  -0.0002368139
        0.0000836415  -0.0014650288  -0.0025432662  -0.0000263267  -0.0192977493
       -0.0175459458   0.0310756146   0.0024985533   0.0007252299  -0.0150055467
       -0.0630844489   0.0026744563   0.0309055227   0.5470846810  -0.1784312696
       -0.0603641405  -0.2450570592   0.0865011952   0.0424735168  -0.0002454287
       -0.0230513337   0.0801333883  -0.0517331777   0.0241030204  -0.0077086585
        0.0380690202  -0.0013852592  -0.0567053801  -0.1731352771   0.0813043066
       -0.0464222668   0.0015635696   0.0032535504  -0.0008395705  -0.0003041432
       -0.0006226197  -0.0004694715   0.0005019939   0.0013294227   0.0047237822
       -0.0195491691   0.0093951940   0.0057010511   0.0021047621   0.0021564752
        0.0021100713  -0.0006176096   0.0001193546  -0.0002712158   0.0021782361
        0.0016519019   0.0021008372  -0.0193215483   0.0105660437  -0.0115968164
        0.0000082840  -0.0006571856  -0.0002692744  -0.0002117448   0.0000223197
       -0.0000699993  -0.0009194781  -0.0013697284   0.0007090445  -0.0076007653
       -0.0058227324   0.0152512227  -0.0066971753  -0.0064819936   0.0192476348
       -0.0010268093  -0.0647897791   0.0202897402  -0.1784312696   0.2694337691
       -0.1010282478   0.0713550395  -0.0814330302  -0.0030886655  -0.0080321608
        0.0134066580  -0.0322225686   0.0244529683  -0.0182258407   0.0011185399
       -0.0160652615  -0.0027478731   0.0404002282   0.0919380662  -0.1066982967
        0.0485356189  -0.0016082638  -0.0025440517   0.0007240000   0.0005423860
        0.0006335113   0.0009570095   0.0046952040   0.0039554998  -0.0172113732
        0.0138657665  -0.0048945232  -0.0037946869   0.0020081753   0.0061096259
        0.0027709406   0.0003611755   0.0000196275  -0.0000088850   0.0022592595
        0.0060747563   0.0021872340   0.0091066037  -0.0039907328   0.0055024875
       -0.0000451062   0.0003089592   0.0001695974   0.0002852431   0.0000337164
        0.0002261307  -0.0035609536  -0.0028207900  -0.0012399673   0.0098786144
        0.0106130362  -0.0050062547   0.0034732626   0.0074223877  -0.0124462594
        0.0332953916   0.0222342428  -0.1939585182  -0.0603641405  -0.1010282478
        0.5621289987   0.1053710085  -0.0308580465  -0.1181764731   0.0294524710
       -0.0080440325  -0.0233803469  -0.0079470869   0.0010559025   0.0034232390
       -0.0099926190   0.0167901675  -0.0434875066  -0.1018757143   0.0789982002
       -0.1536195537   0.0008342666   0.0011350280   0.0001033586  -0.0003714375
       -0.0008305962   0.0003022311   0.0057896709   0.0002182571  -0.0180607016
       -0.0137815067   0.0048961292   0.0055611262   0.0021464631   0.0026725554
       -0.0047647266  -0.0002863999  -0.0001172587   0.0008779692   0.0018565843
        0.0023767895  -0.0047588613   0.0058419885  -0.0050563997   0.0061065184
       -0.0003949825   0.0002276925   0.0000486324  -0.0000509457  -0.0001416300
        0.0000401153   0.0002500649   0.0006162330  -0.0004544942   0.0001079328
        0.0009246653  -0.0004157722   0.0002870737   0.0000612045  -0.0007683236
       -0.0082965166  -0.0007602142   0.0110647605  -0.2450570592   0.0713550395
        0.1053710085   0.5435204214  -0.1980684764  -0.0399821884  -0.0975930414
        0.0188103533   0.0156772261   0.0403619042  -0.0163434144  -0.0104967714
       -0.0239410395  -0.0003564079   0.0324416729  -0.0486327488   0.0339431545
       -0.0393089264   0.0000168849   0.0002376056  -0.0000326317   0.0004241160
        0.0003811190   0.0001130804  -0.0001011392  -0.0001389075  -0.0007953876
       -0.1527795588   0.0832062574  -0.0941493707  -0.0069722248  -0.0033384941
        0.0250351516  -0.0006901747   0.0047509557  -0.0019538669   0.0001872116
        0.0000643138   0.0004440275  -0.0006461784   0.0045689504  -0.0018779423
       -0.0003548569  -0.0003175162  -0.0000551243   0.0000099453   0.0002372688
       -0.0000803435   0.0006137183  -0.0008742344   0.0001067639  -0.0029687147
       -0.0019610744   0.0020237238  -0.0001300008   0.0002136705   0.0000707324
       -0.0008388481   0.0028103061  -0.0007861984   0.0865011952  -0.0814330302
       -0.0308580465  -0.1980684764   0.2491631257  -0.1234805844  -0.0003774874
       -0.0678371224   0.0660856644  -0.0019222419  -0.0026207690   0.0176654971
       -0.0001975146  -0.0035934677  -0.0062603403   0.0230674292  -0.0093696435
        0.0054813397  -0.0001303248   0.0000367637   0.0000979276  -0.0003527805
       -0.0000284999   0.0002398748  -0.0003481576   0.0001146593   0.0001902955
        0.0842194445  -0.0948426206   0.0717576086   0.0024755799   0.0022459649
       -0.0079693340   0.0045932817   0.0047109294   0.0034087392  -0.0004080747
       -0.0002272041  -0.0003079796   0.0046168843   0.0035724942   0.0026697840
       -0.0001194350   0.0000131632  -0.0001770011   0.0002788873   0.0001203278
       -0.0000149662   0.0000418856  -0.0007666812   0.0002741841   0.0018856377
        0.0013678882  -0.0017698781  -0.0000410158  -0.0015692537   0.0011376923
        0.0247656790  -0.0066010512  -0.0176950351   0.0424735168  -0.0030886655
       -0.1181764731  -0.0399821884  -0.1234805844   0.6128851446   0.0833512754
        0.0334151916  -0.3016399251  -0.0603054432   0.0419027589  -0.0429148109
        0.0313455327  -0.0060976197  -0.0377184699   0.0084055177  -0.0147780009
        0.0496586219  -0.0000222652  -0.0001816725   0.0001386693   0.0003198950
        0.0001254321  -0.0003227324   0.0009337632   0.0001860535  -0.0029326320
       -0.0945685167   0.0720507565  -0.1255803192   0.0049472632   0.0016140067
       -0.0133660680  -0.0020282849   0.0033085633  -0.0009328529   0.0005522570
       -0.0005672227   0.0000044232  -0.0022339615   0.0030266101  -0.0008575714
       -0.0001662176   0.0000776479   0.0000529129   0.0001212034  -0.0001056851
       -0.0000041670  -0.0007218535  -0.0003521969  -0.0000740636   0.0000452489
       -0.0000421616  -0.0000505377   0.0003793058   0.0003025959  -0.0004315501
       -0.0028524827   0.0043499614   0.0034822297  -0.0002454287  -0.0080321608
        0.0294524710  -0.0975930414  -0.0003774874   0.0833512754   0.5704173134
       -0.1945714361  -0.0670791455  -0.1860705744   0.0956355989  -0.1129990531
       -0.0495075867   0.0227923101   0.0067765904  -0.0022440521   0.0028044657
       -0.0166596529  -0.0000272718   0.0000071872  -0.0000450786  -0.0001448862
       -0.0001938262   0.0000272355  -0.0003292820  -0.0000668652   0.0012086451
        0.0036131268   0.0040609017  -0.0182213342  -0.2354812434   0.0714219261
        0.0865776661   0.0035777356  -0.0017284210   0.0021595166  -0.0030385038
        0.0044516815   0.0028864221   0.0002684905  -0.0004340361  -0.0004103822
       -0.0001419706  -0.0001289477   0.0000405924  -0.0000121997   0.0000640746
       -0.0000735045   0.0005056648  -0.0000598291  -0.0001043314   0.0011241921
        0.0012900311  -0.0012968843  -0.0000937970  -0.0002165027   0.0000257235
        0.0039405034   0.0047742689   0.0011147530  -0.0230513337   0.0134066580
       -0.0080440325   0.0188103533  -0.0678371224   0.0334151916  -0.1945714361
        0.2434204359  -0.1061335900   0.0765689536  -0.1105188254   0.0862435508
        0.0362277405  -0.0103963380  -0.0179616542   0.0038247569  -0.0126795983
        0.0206471846   0.0000314402   0.0000268315  -0.0000273139   0.0000849247
        0.0000302259  -0.0000694831  -0.0004704241  -0.0001886231   0.0009613563
       -0.0016851467  -0.0022550702   0.0143773005   0.0710785422  -0.0619456027
       -0.0283480604   0.0037897112  -0.0020345569   0.0044221929   0.0043476471
        0.0054934840   0.0006352155  -0.0003081223  -0.0002449935   0.0001757931
       -0.0001960335  -0.0001081519  -0.0000401389  -0.0001838705  -0.0000066665
        0.0000229187   0.0008518048   0.0003339117  -0.0001120003   0.0011176426
        0.0008103648  -0.0009993938  -0.0000967741   0.0000012630   0.0002760813
        0.0019042624  -0.0002708218   0.0012048522   0.0801333883  -0.0322225686
       -0.0233803469   0.0156772261   0.0660856644  -0.3016399251  -0.0670791455
       -0.1061335900   0.6057683336  -0.0449576388   0.0533716595  -0.1677317073
       -0.0427820499   0.0056970325   0.0551932806  -0.0180113425   0.0205051941
       -0.0501049255  -0.0000855451  -0.0000314799   0.0000847890  -0.0000645942
        0.0001821525  -0.0000977777   0.0000544810   0.0001174124  -0.0003148437
        0.0017776128   0.0048157673  -0.0183241560   0.0868197770  -0.0282157029
       -0.0813847983  -0.0178551467   0.0141994444  -0.0186635409   0.0031927658
        0.0007530545   0.0005295622  -0.0002168201   0.0001160604  -0.0002862632
       -0.0000799857  -0.0000103233   0.0000617583   0.0001924302   0.0000747339
       -0.0000925239   0.0002276377  -0.0001933744   0.0001878651   0.0001018764
       -0.0000760013   0.0007623790   0.0001755718   0.0000299471  -0.0005010576
       -0.0005684183   0.0001448775   0.0004414859  -0.0517331777   0.0244529683
       -0.0079470869   0.0403619042  -0.0019222419  -0.0603054432  -0.1860705744
        0.0765689536  -0.0449576388   0.5473297340  -0.1841193758  -0.0630080510
       -0.2625273375   0.0882367862   0.0480995161  -0.0002349692  -0.0217882484
        0.0796727689   0.0000774552   0.0000284606  -0.0000693201   0.0000339308
       -0.0001396220  -0.0000782101   0.0000785108  -0.0001184850   0.0000786624
        0.0021270947   0.0022828811   0.0023733597  -0.0192900046   0.0132637017
       -0.0135924662  -0.0534961237  -0.0064044197   0.0508013231  -0.0190041570
        0.0073749927   0.0060669642   0.0022986024   0.0023137892   0.0020057149
        0.0000617353   0.0000383303   0.0001171205   0.0000551949  -0.0000146979
        0.0000252276  -0.0000170040  -0.0002660318  -0.0003097068  -0.0000768967
        0.0000303945  -0.0001072156  -0.0000708085   0.0000322506   0.0002133565
        0.0002498339  -0.0002780336  -0.0005320236   0.0241030204  -0.0182258407
        0.0010559025  -0.0163434144  -0.0026207690   0.0419027589   0.0956355989
       -0.1105188254   0.0533716595  -0.1841193758   0.2392229562  -0.1140849469
        0.0674206938  -0.0817630845   0.0004774265  -0.0070798411   0.0149350287
       -0.0318920364  -0.0000405141  -0.0000165775  -0.0000014610   0.0000306390
        0.0000700142   0.0000583146  -0.0001117912   0.0000257503  -0.0001119069
        0.0023468663   0.0061249498   0.0026772964   0.0080148492  -0.0036508194
        0.0051466383  -0.0061012565  -0.0451194205   0.0441623331   0.0136533171
       -0.0036653279  -0.0044674048   0.0023891535   0.0056597536   0.0022986677
        0.0000259125  -0.0001691493   0.0000766160  -0.0002317455   0.0000339776
       -0.0000080475   0.0004774668   0.0001659910  -0.0004464119  -0.0004746703
       -0.0002851794   0.0004340879   0.0001595238   0.0000737122  -0.0000662725
        0.0004018715   0.0002865070  -0.0009075713  -0.0077086585   0.0011185399
        0.0034232390  -0.0104967714   0.0176654971  -0.0429148109  -0.1129990531
        0.0862435508  -0.1677317073  -0.0630080510  -0.1140849469   0.6361663605
        0.1155422648  -0.0326955069  -0.1281537399   0.0302741126  -0.0083610531
       -0.0217122574  -0.0000400973  -0.0000143575   0.0000799909  -0.0000710738
       -0.0000296687  -0.0000411396  -0.0000726990   0.0001125035   0.0001693868
        0.0019528678   0.0028264313  -0.0049723580   0.0065336790  -0.0045592553
        0.0060655128   0.0507198429   0.0441334466  -0.2803521894  -0.0133860242
        0.0053648395   0.0061879019   0.0024013024   0.0021741204  -0.0052965904
       -0.0000826723  -0.0000250803   0.0000990294  -0.0003438088  -0.0001266936
       -0.0000305199   0.0004346825   0.0002439682   0.0002368936  -0.0001488142
       -0.0006762176   0.0002695819   0.0002129022   0.0006499405  -0.0012577932
       -0.0005064293   0.0048676046  -0.0031210030   0.0380690202  -0.0160652615
       -0.0099926190  -0.0239410395  -0.0001975146   0.0313455327  -0.0495075867
        0.0362277405  -0.0427820499  -0.2625273375   0.0674206938   0.1155422648
        0.5594340764  -0.2042994770  -0.0360041970  -0.0936875553   0.0221908624
        0.0133514627   0.0001283740   0.0001896510   0.0000192273  -0.0000683204
        0.0000246620  -0.0000081819  -0.0003644186   0.0000263238   0.0003048645
        0.0001394187  -0.0005429669   0.0004249137  -0.0009136277   0.0049075363
       -0.0019557951  -0.0064591100   0.0026956179   0.0048890607  -0.1535234115
        0.0859333380  -0.0951182889  -0.0063443422  -0.0034447273   0.0237876166
        0.0001274852   0.0000233581   0.0000578494  -0.0000447535  -0.0001292826
        0.0002085872  -0.0008039128  -0.0002150847  -0.0004794128   0.0008143770
        0.0006994925  -0.0014020920   0.0002665266   0.0002735658   0.0004944244
        0.0038388189   0.0036484431   0.0039078314  -0.0013852592  -0.0027478731
        0.0167901675  -0.0003564079  -0.0035934677  -0.0060976197   0.0227923101
       -0.0103963380   0.0056970325   0.0882367862  -0.0817630845  -0.0326955069
       -0.2042994770   0.2474633900  -0.1136757733   0.0035558640  -0.0651031498
        0.0590600400  -0.0000446628  -0.0000821880  -0.0000317967   0.0000089774
        0.0000591760   0.0000492348  -0.0003080349  -0.0000452613   0.0008896254
       -0.0004153013  -0.0001561195  -0.0003162390   0.0047506330   0.0046144033
        0.0033515101  -0.0034387620   0.0020600813   0.0016666262   0.0846293482
       -0.0967800399   0.0721038580   0.0020754447   0.0021699791  -0.0095783464
        0.0002689472  -0.0002239902  -0.0000002005  -0.0004859068   0.0002098242
       -0.0001539616   0.0002003001   0.0004669947  -0.0006242973   0.0010902191
        0.0002710817   0.0008008450  -0.0001215779   0.0003316636  -0.0013791126
       -0.0032242296   0.0027796515   0.0008532459  -0.0567053801   0.0404002282
       -0.0434875066   0.0324416729  -0.0062603403  -0.0377184699   0.0067765904
       -0.0179616542   0.0551932806   0.0480995161   0.0004774265  -0.1281537399
       -0.0360041970  -0.1136757733   0.6069048304   0.0737125812   0.0229844477
       -0.2992949528   0.0002342959   0.0001221440  -0.0000618619  -0.0000356274
       -0.0001692559  -0.0001300648   0.0002303009  -0.0001496227   0.0001565723
        0.0002372246  -0.0002059620  -0.0001822750  -0.0022707391   0.0031113056
       -0.0008148556   0.0251229666  -0.0078747900  -0.0134397259  -0.0952684600
        0.0722572850  -0.1264306822   0.0057015029   0.0031093360  -0.0120370676
        0.0000242224  -0.0004616010  -0.0000393077  -0.0012898354   0.0001840328
        0.0000105332   0.0005430041  -0.0016539003  -0.0007259533   0.0001604337
       -0.0008297773   0.0014193605  -0.0002021319  -0.0009112570   0.0020589190
        0.0041923967  -0.0010643127  -0.0020220166  -0.1731352771   0.0919380662
       -0.1018757143  -0.0486327488   0.0230674292   0.0084055177  -0.0022440521
        0.0038247569  -0.0180113425  -0.0002349692  -0.0070798411   0.0302741126
       -0.0936875553   0.0035558640   0.0737125812   0.5264412813  -0.2031773156
       -0.0625479455  -0.0003764703  -0.0004154440   0.0001220138  -0.0003158557
        0.0002382605   0.0000641976   0.0000599747  -0.0000340735   0.0009825361
       -0.0029913973   0.0041715808   0.0027600643   0.0005842029  -0.0002571102
       -0.0004174970  -0.0029367010   0.0042355840   0.0032386037   0.0033222194
        0.0040925640  -0.0179955959  -0.2092807411   0.0805764942   0.0805869332
        0.0000770563   0.0000784664   0.0001145136  -0.0007771747  -0.0009480586
       -0.0000213494  -0.0019872191   0.0006573779  -0.0008122968   0.0035517820
        0.0018513331   0.0001691826  -0.0004820313  -0.0001684749   0.0014461325
       -0.0013497992  -0.0061330111   0.0093224617   0.0813043066  -0.1066982967
        0.0789982002   0.0339431545  -0.0093696435  -0.0147780009   0.0028044657
       -0.0126795983   0.0205051941  -0.0217882484   0.0149350287  -0.0083610531
        0.0221908624  -0.0651031498   0.0229844477  -0.2031773156   0.2432581159
       -0.0926790871   0.0000848417  -0.0003784489   0.0001093605   0.0002366499
       -0.0001275851  -0.0000874059   0.0007196950   0.0000721584  -0.0003089889
        0.0041162607   0.0049103299   0.0004883655  -0.0004319517  -0.0005005626
        0.0001713406   0.0042706327   0.0056713353   0.0006313679  -0.0017238262
       -0.0022476328   0.0141335274   0.0784178584  -0.0670796832  -0.0320259124
        0.0002039106  -0.0003507328  -0.0002552930  -0.0003958476  -0.0002155862
       -0.0001711469  -0.0003746937  -0.0000389322   0.0009523017  -0.0017662569
       -0.0017608474   0.0021839452  -0.0000216869   0.0003675127  -0.0049371173
       -0.0145037814   0.0189882551  -0.0289002784  -0.0464222668   0.0485356189
       -0.1536195537  -0.0393089264   0.0054813397   0.0496586219  -0.0166596529
        0.0206471846  -0.0501049255   0.0796727689  -0.0318920364  -0.0217122574
        0.0133514627   0.0590600400  -0.2992949528  -0.0625479455  -0.0926790871
        0.6062226923   0.0004571375   0.0013468160  -0.0002156464  -0.0001629895
       -0.0000895900  -0.0000186432  -0.0003130116   0.0006684146  -0.0000655438
        0.0034211283   0.0004802903   0.0005303249  -0.0004271595   0.0003901134
       -0.0002995829   0.0031743062   0.0005502052   0.0003919015   0.0019096001
        0.0043281508  -0.0185640506   0.0807139045  -0.0338171291  -0.0817807957
        0.0001111093  -0.0000322139   0.0000823786  -0.0000174818  -0.0000219260
        0.0000242784  -0.0003477077   0.0002145913  -0.0004371300  -0.0114830911
        0.0086595671  -0.0341010628  -0.0320618669   0.0013638096   0.0025499277
       -0.0016110704   0.0011605407   0.0097063359   0.0015635696  -0.0016082638
        0.0008342666   0.0000168849  -0.0001303248  -0.0000222652  -0.0000272718
        0.0000314402  -0.0000855451   0.0000774552  -0.0000405141  -0.0000400973
        0.0001283740  -0.0000446628   0.0002342959  -0.0003764703   0.0000848417
        0.0004571375   0.0422274997  -0.0087694227   0.0116537231   0.0019922809
       -0.0015091129   0.0096984530  -0.0002183791   0.0007167272  -0.0005430663
        0.0001049638   0.0000460776  -0.0000569977  -0.0000124321   0.0000190646
       -0.0000063536  -0.0000377203  -0.0000008698  -0.0000151493  -0.0000424123
       -0.0000297962   0.0000971192   0.0000137663  -0.0001095533  -0.0000302486
       -0.0000489737  -0.0000280852  -0.0000913935  -0.0000168298  -0.0000532122
       -0.0000324037   0.0002144303  -0.0002098259   0.0003796406   0.0014919168
       -0.0009182241   0.0006355299   0.0043403648  -0.0429783671   0.0255873429
        0.0010225219  -0.0049072106   0.0260587446   0.0032535504  -0.0025440517
        0.0011350280   0.0002376056   0.0000367637  -0.0001816725   0.0000071872
        0.0000268315  -0.0000314799   0.0000284606  -0.0000165775  -0.0000143575
        0.0001896510  -0.0000821880   0.0001221440  -0.0004154440  -0.0003784489
        0.0013468160  -0.0087694227   0.0487536844  -0.0366003498  -0.0001511648
        0.0027159868  -0.0185672702  -0.0009689082   0.0004483604   0.0003262466
       -0.0001815257   0.0000511854  -0.0000603336   0.0000053430   0.0000321687
       -0.0000095682  -0.0000275292   0.0000044265  -0.0000172142  -0.0000450898
       -0.0000095764   0.0000638416  -0.0001661438   0.0000563601  -0.0000492911
       -0.0002068421   0.0001189609  -0.0000153257   0.0002694552  -0.0001345143
       -0.0000573876  -0.0000609919  -0.0000833949  -0.0004643345  -0.0090123409
        0.0064631767  -0.0070730033  -0.0016329916   0.0271246653  -0.2989539726
       -0.0017862542   0.0019874008  -0.0080512974  -0.0008395705   0.0007240000
        0.0001033586  -0.0000326317   0.0000979276   0.0001386693  -0.0000450786
       -0.0000273139   0.0000847890  -0.0000693201  -0.0000014610   0.0000799909
        0.0000192273  -0.0000317967  -0.0000618619   0.0001220138   0.0001093605
       -0.0002156464   0.0116537231  -0.0366003498   0.3307351536   0.0013434986
        0.0007868803  -0.0167670912   0.0002717979  -0.0004087037   0.0006024465
       -0.0000499814  -0.0000017459  -0.0000917844  -0.0000026422  -0.0000115008
        0.0000610797   0.0000390379  -0.0000229958   0.0000048921   0.0000059201
       -0.0000533655  -0.0000367449   0.0000139710  -0.0000352297  -0.0000219298
       -0.0000261908  -0.0001754602   0.0001444875   0.0001650623  -0.0001019355
       -0.0000105613  -0.0009639866   0.0009563581  -0.0001096191  -0.0225997267
        0.0259741659   0.0102119845  -0.0710042416   0.0700113714   0.0586983560
        0.0022244505  -0.0057096999  -0.0078718204  -0.0003041432   0.0005423860
       -0.0003714375   0.0004241160  -0.0003527805   0.0003198950  -0.0001448862
        0.0000849247  -0.0000645942   0.0000339308   0.0000306390  -0.0000710738
       -0.0000683204   0.0000089774  -0.0000356274  -0.0003158557   0.0002366499
       -0.0001629895   0.0019922809  -0.0001511648   0.0013434986   0.0898920274
       -0.0887926199  -0.0634125079   0.0013146591  -0.0019192490   0.0008990206
       -0.0004766485  -0.0006046759   0.0004258170  -0.0000307948   0.0000034653
        0.0000585553  -0.0000284132   0.0000242341  -0.0000226901  -0.0000320040
       -0.0000172267   0.0000232879  -0.0000513153  -0.0000483593   0.0000080186
        0.0000145445  -0.0002573181   0.0001052070  -0.0002734305   0.0000457657
        0.0000958802   0.0005089196   0.0002338610  -0.0002892566   0.0019213610
       -0.0013582240   0.0034714135   0.0753537654  -0.1663749299  -0.1043049128
        0.0113495245  -0.0201468479  -0.0134103042  -0.0006226197   0.0006335113
       -0.0008305962   0.0003811190  -0.0000284999   0.0001254321  -0.0001938262
        0.0000302259   0.0001821525  -0.0001396220   0.0000700142  -0.0000296687
        0.0000246620   0.0000591760  -0.0001692559   0.0002382605  -0.0001275851
       -0.0000895900  -0.0015091129   0.0027159868   0.0007868803  -0.0887926199
        0.1863942804   0.1126493056   0.0027714704  -0.0019674635   0.0017794693
       -0.0009097524  -0.0000185334   0.0002409775  -0.0000099723   0.0000147483
       -0.0000620272  -0.0000382771   0.0000186712  -0.0000537873  -0.0000032887
        0.0000147715  -0.0000802941  -0.0000711052   0.0000483894  -0.0001170247
        0.0002895576  -0.0001683371  -0.0001614693  -0.0002682773   0.0000750772
        0.0000369246  -0.0005272866   0.0005714277   0.0001394035  -0.0048986379
        0.0065802755   0.0055517118   0.0616037705  -0.1075773946  -0.1315365044
       -0.0019799789   0.0039644659   0.0041531089  -0.0004694715   0.0009570095
        0.0003022311   0.0001130804   0.0002398748  -0.0003227324   0.0000272355
       -0.0000694831  -0.0000977777  -0.0000782101   0.0000583146  -0.0000411396
       -0.0000081819   0.0000492348  -0.0001300648   0.0000641976  -0.0000874059
       -0.0000186432   0.0096984530  -0.0185672702  -0.0167670912  -0.0634125079
        0.1126493056   0.1392096520  -0.0006494332   0.0010872141  -0.0002637284
        0.0003542775   0.0003302775   0.0000163980   0.0000213164   0.0000095719
       -0.0000225217   0.0000027843   0.0000035850   0.0000107147   0.0000175046
       -0.0000351491  -0.0000188781   0.0000998077  -0.0000705941  -0.0000395937
        0.0000298008  -0.0000040979   0.0000017583  -0.0000124459   0.0002111230
        0.0001043043  -0.0003493134  -0.0002811108   0.0000316987  -0.0059566208
       -0.0302756296  -0.0168096379  -0.0023499741   0.0114690304   0.0108653598
       -0.0311101240   0.0271527221   0.0188406265   0.0005019939   0.0046952040
        0.0057896709  -0.0001011392  -0.0003481576   0.0009337632  -0.0003292820
       -0.0004704241   0.0000544810   0.0000785108  -0.0001117912  -0.0000726990
       -0.0003644186  -0.0003080349   0.0002303009   0.0000599747   0.0007196950
       -0.0003130116  -0.0002183791  -0.0009689082   0.0002717979   0.0013146591
        0.0027714704  -0.0006494332   0.0386992034  -0.0145905029  -0.0190968316
        0.0000700025   0.0000390872  -0.0000343538  -0.0000319213  -0.0000566410
       -0.0000044222   0.0000238597   0.0000927480  -0.0000015531  -0.0000022853
        0.0000126573   0.0000287921   0.0000478987   0.0002515608  -0.0001706112
       -0.0001312750   0.0001440947  -0.0001345345   0.0001434414  -0.0001031694
       -0.0000229283  -0.0000709764  -0.0007518965  -0.0001939108  -0.0072015909
       -0.0161695217  -0.0034316358   0.0006565022  -0.0194104605  -0.0117988657
        0.0216115832  -0.1834605921  -0.1228508292   0.0013294227   0.0039554998
        0.0002182571  -0.0001389075   0.0001146593   0.0001860535  -0.0000668652
       -0.0001886231   0.0001174124  -0.0001184850   0.0000257503   0.0001125035
        0.0000263238  -0.0000452613  -0.0001496227  -0.0000340735   0.0000721584
        0.0006684146   0.0007167272   0.0004483604  -0.0004087037  -0.0019192490
       -0.0019674635   0.0010872141  -0.0145905029   0.2173738549   0.1365415055
        0.0000559074  -0.0000382926  -0.0000062828  -0.0000254762   0.0000028087
        0.0000504847  -0.0000157440  -0.0000015981   0.0000194794  -0.0000274429
       -0.0000455787   0.0000397347  -0.0001993194   0.0000452710  -0.0000437460
       -0.0001776115   0.0001355858   0.0000552042   0.0001150364  -0.0000775714
       -0.0000290656  -0.0000058432  -0.0002071535  -0.0005109780  -0.0039244050
       -0.0052378379   0.0007771885  -0.0016027119   0.0085776384   0.0067367305
        0.0187712190  -0.1259479930  -0.1427125585   0.0047237822  -0.0172113732
       -0.0180607016  -0.0007953876   0.0001902955  -0.0029326320   0.0012086451
        0.0009613563  -0.0003148437   0.0000786624  -0.0001119069   0.0001693868
        0.0003048645   0.0008896254   0.0001565723   0.0009825361  -0.0003089889
       -0.0000655438  -0.0005430663   0.0003262466   0.0006024465   0.0008990206
        0.0017794693  -0.0002637284  -0.0190968316   0.1365415055   0.1565535393
       -0.0003102577  -0.0002225886  -0.0000101116   0.0000435408   0.0001311099
       -0.0001596130  -0.0001341595  -0.0001686936   0.0000405555   0.0000294430
        0.0000413717   0.0000701365  -0.0005664759  -0.0000800976  -0.0001019838
        0.0001034895   0.0001153559   0.0001137333   0.0001261382  -0.0001850230
        0.0000260250  -0.0008807882   0.0003927836  -0.0002502422   0.0002120954
       -0.0000773407  -0.0001540347  -0.0002126774   0.0001766192   0.0004266521
        0.0003142889  -0.0007365001  -0.0012853615  -0.0195491691   0.0138657665
       -0.0137815067  -0.1527795588   0.0842194445  -0.0945685167   0.0036131268
       -0.0016851467   0.0017776128   0.0021270947   0.0023468663   0.0019528678
        0.0001394187  -0.0004153013   0.0002372246  -0.0029913973   0.0041162607
        0.0034211283   0.0001049638  -0.0001815257  -0.0000499814  -0.0004766485
       -0.0009097524   0.0003542775   0.0000700025   0.0000559074  -0.0003102577
        0.1706405443  -0.0994062797   0.1022646524   0.0003528421  -0.0015631439
        0.0004034304   0.0001299244  -0.0001903982   0.0002604475  -0.0002107920
       -0.0007274994  -0.0001127610  -0.0008328980   0.0007889071  -0.0007253898
        0.0000821944   0.0000590875  -0.0000104692  -0.0000161005  -0.0000118956
       -0.0000406879   0.0002458267   0.0000119213   0.0001594658  -0.0005594586
        0.0004486015   0.0004095144  -0.0002177228  -0.0004701663   0.0000941707
       -0.0008971160  -0.0021807749  -0.0005326621   0.0093951940  -0.0048945232
        0.0048961292   0.0832062574  -0.0948426206   0.0720507565   0.0040609017
       -0.0022550702   0.0048157673   0.0022828811   0.0061249498   0.0028264313
       -0.0005429669  -0.0001561195  -0.0002059620   0.0041715808   0.0049103299
        0.0004802903   0.0000460776   0.0000511854  -0.0000017459  -0.0006046759
       -0.0000185334   0.0003302775   0.0000390872  -0.0000382926  -0.0002225886
       -0.0994062797   0.0965088875  -0.0840062939  -0.0011091182  -0.0017634946
       -0.0010919794   0.0001892236  -0.0002294752   0.0000975362  -0.0007094266
       -0.0012749579  -0.0003912716   0.0003436406   0.0000209613   0.0003433214
        0.0001308592   0.0000583283   0.0000092451   0.0000657122  -0.0000910315
        0.0000378380  -0.0005778833   0.0000258815  -0.0001841269  -0.0001941708
       -0.0000356859   0.0004437935   0.0000930454  -0.0001105306  -0.0002077078
        0.0006771377  -0.0008585839   0.0003205453   0.0057010511  -0.0037946869
        0.0055611262  -0.0941493707   0.0717576086  -0.1255803192  -0.0182213342
        0.0143773005  -0.0183241560   0.0023733597   0.0026772964  -0.0049723580
        0.0004249137  -0.0003162390  -0.0001822750   0.0027600643   0.0004883655
        0.0005303249  -0.0000569977  -0.0000603336  -0.0000917844   0.0004258170
        0.0002409775   0.0000163980  -0.0000343538  -0.0000062828  -0.0000101116
        0.1022646524  -0.0840062939   0.1427785668  -0.0010086412  -0.0003875781
        0.0004593438  -0.0009735283   0.0006574441  -0.0007882833  -0.0001440000
       -0.0004216534  -0.0000559748   0.0004436673  -0.0001943028   0.0002399153
        0.0000661515   0.0000779923  -0.0000642644   0.0000823675  -0.0001215080
        0.0000585115  -0.0002136411   0.0002655779   0.0000953185  -0.0001439358
        0.0000842688   0.0003529827   0.0000460203  -0.0000170598  -0.0002659366
       -0.0001657491   0.0001276826  -0.0002080378   0.0021047621   0.0020081753
        0.0021464631  -0.0069722248   0.0024755799   0.0049472632  -0.2354812434
        0.0710785422   0.0868197770  -0.0192900046   0.0080148492   0.0065336790
       -0.0009136277   0.0047506330  -0.0022707391   0.0005842029  -0.0004319517
       -0.0004271595  -0.0000124321   0.0000053430  -0.0000026422  -0.0000307948
       -0.0000099723   0.0000213164  -0.0000319213  -0.0000254762   0.0000435408
        0.0003528421  -0.0011091182  -0.0010086412   0.2608924406  -0.0853710186
       -0.0972858388   0.0002202600  -0.0013285933   0.0002566829  -0.0008780666
        0.0001852282   0.0004307691  -0.0002154059  -0.0006591746  -0.0001730444
        0.0000439598   0.0000266238  -0.0000003920  -0.0000190743  -0.0000061745
       -0.0000164421   0.0001376223   0.0000803521   0.0000348020  -0.0002023657
        0.0007833488   0.0001545287  -0.0000557852  -0.0004022879  -0.0000517338
        0.0000965777  -0.0002513482  -0.0001370746   0.0021564752   0.0061096259
        0.0026725554  -0.0033384941   0.0022459649   0.0016140067   0.0714219261
       -0.0619456027  -0.0282157029   0.0132637017  -0.0036508194  -0.0045592553
        0.0049075363   0.0046144033   0.0031113056  -0.0002571102  -0.0005005626
        0.0003901134   0.0000190646   0.0000321687  -0.0000115008   0.0000034653
        0.0000147483   0.0000095719  -0.0000566410   0.0000028087   0.0001311099
       -0.0015631439  -0.0017634946  -0.0003875781  -0.0853710186   0.0579772989
        0.0268695663  -0.0009188161  -0.0017838621  -0.0010045242   0.0005041159
       -0.0003845860  -0.0003190101  -0.0007719956  -0.0011986053  -0.0002843459
       -0.0000435670  -0.0000204010  -0.0000017021  -0.0000898053   0.0000068519
        0.0000137266   0.0000704900  -0.0000516124  -0.0002192665   0.0000995735
        0.0003862235   0.0004331572   0.0000287096  -0.0002155685  -0.0001846872
        0.0012364330  -0.0005980795  -0.0007825422   0.0021100713   0.0027709406
       -0.0047647266   0.0250351516  -0.0079693340  -0.0133660680   0.0865776661
       -0.0283480604  -0.0813847983  -0.0135924662   0.0051466383   0.0060655128
       -0.0019557951   0.0033515101  -0.0008148556  -0.0004174970   0.0001713406
       -0.0002995829  -0.0000063536  -0.0000095682   0.0000610797   0.0000585553
       -0.0000620272  -0.0000225217  -0.0000044222   0.0000504847  -0.0001596130
        0.0004034304  -0.0010919794   0.0004593438  -0.0972858388   0.0268695663
        0.0941499174  -0.0011831215  -0.0003101632   0.0006015418  -0.0007920844
        0.0002490614   0.0002522310  -0.0002491295  -0.0003258236  -0.0000361463
       -0.0000105973   0.0000394277  -0.0000007990   0.0000218045  -0.0000967980
       -0.0000145873  -0.0000432401   0.0002128834   0.0000817269  -0.0001707924
       -0.0002546239   0.0007374842   0.0001213697   0.0000852982  -0.0003324374
       -0.0001527177  -0.0004973842  -0.0005810738  -0.0006176096   0.0003611755
       -0.0002863999  -0.0006901747   0.0045932817  -0.0020282849   0.0035777356
        0.0037897112  -0.0178551467  -0.0534961237  -0.0061012565   0.0507198429
       -0.0064591100  -0.0034387620   0.0251229666  -0.0029367010   0.0042706327
        0.0031743062  -0.0000377203  -0.0000275292   0.0000390379  -0.0000284132
       -0.0000382771   0.0000027843   0.0000238597  -0.0000157440  -0.0001341595
        0.0001299244   0.0001892236  -0.0009735283   0.0002202600  -0.0009188161
       -0.0011831215   0.0607739841  -0.0005576429  -0.0582928763   0.0000686145
       -0.0013734730   0.0005031566  -0.0002943525  -0.0002213271   0.0013011091
        0.0000037949  -0.0000152293  -0.0000041533   0.0000554836  -0.0000633645
        0.0000313578  -0.0000104362   0.0000877394   0.0001008501  -0.0003451645
       -0.0000539026   0.0004054171  -0.0000506992  -0.0000554382   0.0000966152
       -0.0004389171  -0.0012128477  -0.0008365515   0.0001193546   0.0000196275
       -0.0001172587   0.0047509557   0.0047109294   0.0033085633  -0.0017284210
       -0.0020345569   0.0141994444  -0.0064044197  -0.0451194205   0.0441334466
        0.0026956179   0.0020600813  -0.0078747900   0.0042355840   0.0056713353
        0.0005502052  -0.0000008698   0.0000044265  -0.0000229958   0.0000242341
        0.0000186712   0.0000035850   0.0000927480  -0.0000015981  -0.0001686936
       -0.0001903982  -0.0002294752   0.0006574441  -0.0013285933  -0.0017838621
       -0.0003101632  -0.0005576429   0.0397808521  -0.0526382138  -0.0009975328
       -0.0017316096  -0.0011243616   0.0000753221  -0.0000523580  -0.0003897474
        0.0000698373  -0.0000510444   0.0000803913  -0.0000595491   0.0000732769
       -0.0000034490   0.0000277453  -0.0000244949  -0.0003781376  -0.0000900860
       -0.0000715803   0.0004260217   0.0000120309   0.0000168757  -0.0000233486
       -0.0000731520  -0.0002613231  -0.0002571646  -0.0002712158  -0.0000088850
        0.0008779692  -0.0019538669   0.0034087392  -0.0009328529   0.0021595166
        0.0044221929  -0.0186635409   0.0508013231   0.0441623331  -0.2803521894
        0.0048890607   0.0016666262  -0.0134397259   0.0032386037   0.0006313679
        0.0003919015  -0.0000151493  -0.0000172142   0.0000048921  -0.0000226901
       -0.0000537873   0.0000107147  -0.0000015531   0.0000194794   0.0000405555
        0.0002604475   0.0000975362  -0.0007882833   0.0002566829  -0.0010045242
        0.0006015418  -0.0582928763  -0.0526382138   0.3122613077  -0.0009351627
       -0.0004650925   0.0006815684   0.0000000534   0.0000977320  -0.0005381715
        0.0000895360  -0.0000238233  -0.0000740629   0.0000777838   0.0001341856
       -0.0000431160  -0.0000368427   0.0004731905  -0.0002047708  -0.0000106586
       -0.0004058189   0.0004228454   0.0000925975   0.0002118487  -0.0001667421
        0.0000862759   0.0001671001  -0.0000699478   0.0021782361   0.0022592595
        0.0018565843   0.0001872116  -0.0004080747   0.0005522570  -0.0030385038
        0.0043476471   0.0031927658  -0.0190041570   0.0136533171  -0.0133860242
       -0.1535234115   0.0846293482  -0.0952684600   0.0033222194  -0.0017238262
        0.0019096001  -0.0000424123  -0.0000450898   0.0000059201  -0.0000320040
       -0.0000032887   0.0000175046  -0.0000022853  -0.0000274429   0.0000294430
       -0.0002107920  -0.0007094266  -0.0001440000  -0.0008780666   0.0005041159
       -0.0007920844   0.0000686145  -0.0009975328  -0.0009351627   0.1703268327
       -0.1003498897   0.1027650565   0.0003498262  -0.0016857990   0.0003323942
       -0.0001450929   0.0000664824   0.0000623012   0.0001473276  -0.0000180242
       -0.0001367813   0.0000623527  -0.0005002458   0.0007896874  -0.0002261467
       -0.0006787828  -0.0001620442   0.0001028627   0.0003392803   0.0001124159
        0.0002536940   0.0004308408  -0.0000907648   0.0016519019   0.0060747563
        0.0023767895   0.0000643138  -0.0002272041  -0.0005672227   0.0044516815
        0.0054934840   0.0007530545   0.0073749927  -0.0036653279   0.0053648395
        0.0859333380  -0.0967800399   0.0722572850   0.0040925640  -0.0022476328
        0.0043281508  -0.0000297962  -0.0000095764  -0.0000533655  -0.0000172267
        0.0000147715  -0.0000351491   0.0000126573  -0.0000455787   0.0000413717
       -0.0007274994  -0.0012749579  -0.0004216534   0.0001852282  -0.0003845860
        0.0002490614  -0.0013734730  -0.0017316096  -0.0004650925  -0.1003498897
        0.0967852475  -0.0835242423  -0.0014637895  -0.0016412968  -0.0008786411
        0.0001442341  -0.0001186099  -0.0000384849  -0.0000556758  -0.0001005698
        0.0000452399  -0.0002796195   0.0007284181  -0.0004961449   0.0001894654
       -0.0002424621   0.0001561224  -0.0000838701   0.0001787455  -0.0001998160
       -0.0010973144   0.0010050855  -0.0009709981   0.0021008372   0.0021872340
       -0.0047588613   0.0004440275  -0.0003079796   0.0000044232   0.0028864221
        0.0006352155   0.0005295622   0.0060669642  -0.0044674048   0.0061879019
       -0.0951182889   0.0721038580  -0.1264306822  -0.0179955959   0.0141335274
       -0.0185640506   0.0000971192   0.0000638416  -0.0000367449   0.0000232879
       -0.0000802941  -0.0000188781   0.0000287921   0.0000397347   0.0000701365
       -0.0001127610  -0.0003912716  -0.0000559748   0.0004307691  -0.0003190101
        0.0002522310   0.0005031566  -0.0011243616   0.0006815684   0.1027650565
       -0.0835242423   0.1431630645  -0.0009370063  -0.0003994543   0.0004803854
        0.0004098848  -0.0001354463  -0.0002546040  -0.0009183363  -0.0005188706
       -0.0002482875  -0.0004749049  -0.0004976607   0.0007598164   0.0004967648
       -0.0004787303   0.0001890133  -0.0001832314   0.0002123508   0.0000869045
       -0.0002166574  -0.0014052375   0.0004385229  -0.0193215483   0.0091066037
        0.0058419885  -0.0006461784   0.0046168843  -0.0022339615   0.0002684905
       -0.0003081223  -0.0002168201   0.0022986024   0.0023891535   0.0024013024
       -0.0063443422   0.0020754447   0.0057015029  -0.2092807411   0.0784178584
        0.0807139045   0.0000137663  -0.0001661438   0.0000139710  -0.0000513153
       -0.0000711052   0.0000998077   0.0000478987  -0.0001993194  -0.0005664759
       -0.0008328980   0.0003436406   0.0004436673  -0.0002154059  -0.0007719956
       -0.0002491295  -0.0002943525   0.0000753221   0.0000000534   0.0003498262
       -0.0014637895  -0.0009370063   0.2348946782  -0.0912208370  -0.0919841700
       -0.0002948274   0.0001895029   0.0001642851  -0.0000833265  -0.0002485808
       -0.0000085621   0.0002544635  -0.0034547740  -0.0003755130  -0.0014988489
       -0.0010520163  -0.0001657628   0.0004772942   0.0002340334   0.0002875416
       -0.0000966869  -0.0006776039  -0.0014113689   0.0105660437  -0.0039907328
       -0.0050563997   0.0045689504   0.0035724942   0.0030266101  -0.0004340361
       -0.0002449935   0.0001160604   0.0023137892   0.0056597536   0.0021741204
       -0.0034447273   0.0021699791   0.0031093360   0.0805764942  -0.0670796832
       -0.0338171291  -0.0001095533   0.0000563601  -0.0000352297  -0.0000483593
        0.0000483894  -0.0000705941   0.0002515608   0.0000452710  -0.0000800976
        0.0007889071   0.0000209613  -0.0001943028  -0.0006591746  -0.0011986053
       -0.0003258236  -0.0002213271  -0.0000523580   0.0000977320  -0.0016857990
       -0.0016412968  -0.0003994543  -0.0912208370   0.0676438996   0.0329645523
       -0.0002492444   0.0001314246   0.0001573670   0.0003116795   0.0001355556
        0.0000005152   0.0002939675  -0.0008496597   0.0003617898  -0.0005473472
       -0.0005665918  -0.0004616030  -0.0000203383   0.0001098874   0.0001541984
       -0.0008418990   0.0004518329   0.0007599031  -0.0115968164   0.0055024875
        0.0061065184  -0.0018779423   0.0026697840  -0.0008575714  -0.0004103822
        0.0001757931  -0.0002862632   0.0020057149   0.0022986677  -0.0052965904
        0.0237876166  -0.0095783464  -0.0120370676   0.0805869332  -0.0320259124
       -0.0817807957  -0.0000302486  -0.0000492911  -0.0000219298   0.0000080186
       -0.0001170247  -0.0000395937  -0.0001706112  -0.0000437460  -0.0001019838
       -0.0007253898   0.0003433214   0.0002399153  -0.0001730444  -0.0002843459
       -0.0000361463   0.0013011091  -0.0003897474  -0.0005381715   0.0003323942
       -0.0008786411   0.0004803854  -0.0919841700   0.0329645523   0.0931971237
