$hessian                                                                        
        0.0180880965   0.0057174932  -0.0074442819  -0.0158448524  -0.0043253349
        0.0057149009  -0.0030495581  -0.0015175446   0.0014909604   0.0004452612
       -0.0002601826  -0.0001679739  -0.0001046095   0.0000427977   0.0002351161
       -0.0000509552   0.0002753431   0.0000811378   0.0001803892  -0.0001311657
        0.0000261307   0.0003398697   0.0000705144   0.0001056556  -0.0002783756
       -0.0002242094  -0.0004371776   0.0002196078   0.0008618543  -0.0006777014
       -0.0010687190   0.0008290939  -0.0003165265   0.0006872336  -0.0000007526
       -0.0009259066   0.0005055459  -0.0024455720   0.0016076042   0.0007252440
        0.0000043596   0.0004697533  -0.0004914203  -0.0006344321   0.0001506801
       -0.0000817943  -0.0000567087   0.0001147849  -0.0001382555  -0.0000096261
        0.0000511813   0.0000312312  -0.0000524459   0.0000621688   0.0001612937
        0.0001066033   0.0000173867   0.0001717521   0.0002340929  -0.0000831256
        0.0000720727   0.0001589088  -0.0000120894  -0.0004705028   0.0020265036
       -0.0000695340  -0.0000485550  -0.0006695902   0.0000068561
        0.0057174932   0.0370048231  -0.0132758436  -0.0042428932  -0.0280365436
        0.0117409487  -0.0037966594   0.0033349192  -0.0006230673   0.0001485737
        0.0001816874  -0.0001513361   0.0000380865  -0.0001507187   0.0001372742
       -0.0000826440  -0.0000798855   0.0001163576  -0.0000976261  -0.0000997952
        0.0002516166  -0.0004052019   0.0000326254  -0.0001104665   0.0001788115
        0.0003165913   0.0004886809  -0.0000860166  -0.0009815362   0.0000160638
        0.0031222142  -0.0035266241   0.0003541669  -0.0002893268  -0.0014493907
       -0.0009709338  -0.0017902753  -0.0012459218   0.0014662041   0.0003009821
        0.0001291693   0.0005313447  -0.0001297163   0.0001972228  -0.0000492093
       -0.0000464992   0.0000160098   0.0000905720   0.0000210662  -0.0000513792
       -0.0001181805  -0.0001280345  -0.0000168669   0.0001509417  -0.0001254069
        0.0000714335   0.0001675046  -0.0001461994   0.0000045072   0.0002050502
        0.0000316372  -0.0000791961  -0.0000726810   0.0014821679  -0.0041463816
       -0.0001445933   0.0003254673  -0.0014247494  -0.0002004144
       -0.0074442819  -0.0132758436   0.0161503040   0.0044888582   0.0089030823
       -0.0176543359   0.0023223461  -0.0000880537  -0.0006229226  -0.0002009775
        0.0004459681   0.0008138764  -0.0000645337  -0.0000810434  -0.0002430369
       -0.0000092454  -0.0002601721   0.0000077603   0.0000847870   0.0000823698
        0.0001001353  -0.0002346108  -0.0000835361   0.0000391297   0.0002567244
        0.0000353942  -0.0000434610  -0.0000353710   0.0001170206   0.0002087110
       -0.0007583000   0.0005104258   0.0007766807  -0.0005337159  -0.0003305177
       -0.0001410720   0.0021301581   0.0039238029  -0.0002704121  -0.0002198256
       -0.0002876452  -0.0003347566   0.0002570400  -0.0000012556   0.0004514959
       -0.0001213790  -0.0002440141   0.0002111925   0.0001131330  -0.0000919273
        0.0001322417  -0.0000977821  -0.0000716504   0.0001568009   0.0000475222
       -0.0000735981   0.0002201764   0.0001326303   0.0000635022   0.0000152039
        0.0001720918   0.0000047577  -0.0001407284  -0.0003315831   0.0007893947
       -0.0000894460   0.0000463149   0.0000135389   0.0002564629
       -0.0158448524  -0.0042428932   0.0044888582   0.0432250025   0.0059784795
       -0.0155941996  -0.0079594699   0.0003810273   0.0022178816  -0.0025135456
        0.0003332546   0.0018548410   0.0000904209  -0.0004555047  -0.0008391380
        0.0012843640   0.0001121494  -0.0002016940   0.0005039200  -0.0002585568
        0.0008648637  -0.0004110936   0.0003597403   0.0001414201  -0.0009263668
        0.0014856986   0.0000178528  -0.0013264668   0.0021933737  -0.0045616614
       -0.0013381743  -0.0053123405  -0.0038827254   0.0041473377   0.0054063296
        0.0074454098  -0.0106005112  -0.0026807356   0.0063527640  -0.0020820342
       -0.0014053411  -0.0030811075   0.0003827267   0.0002296475   0.0002001286
       -0.0000777981   0.0001833559   0.0000312915   0.0002178339   0.0004528155
       -0.0002467649  -0.0003230403   0.0000697087   0.0000434273  -0.0001353886
       -0.0002278039   0.0000093467  -0.0001315930  -0.0001982047   0.0000120884
       -0.0005005823  -0.0000288123  -0.0002616939  -0.0060341073  -0.0031211596
        0.0041535424   0.0003534186   0.0007457718   0.0008352688
       -0.0043253349  -0.0280365436   0.0089030823   0.0059784795   0.0578206108
       -0.0135142036   0.0013847365  -0.0102858797   0.0032393487   0.0006817779
       -0.0010946085  -0.0009692198  -0.0004215775  -0.0000330754  -0.0000495835
       -0.0015387660  -0.0008029098  -0.0004395470  -0.0018572079  -0.0064462217
        0.0012746422  -0.0003290408  -0.0020558738  -0.0010174305   0.0011643492
       -0.0010491097   0.0006516735   0.0017699339  -0.0023237824   0.0033567314
        0.0055407574   0.0041882582   0.0033772652  -0.0047256667  -0.0006488504
       -0.0048977280  -0.0022844416  -0.0122757944   0.0048509673  -0.0040897784
        0.0013545923   0.0007626152   0.0009909287   0.0002084802  -0.0001620255
        0.0000903750   0.0000400793   0.0000088293  -0.0001428507   0.0002426015
       -0.0000408235   0.0001336153   0.0000122198   0.0000302346  -0.0001474467
       -0.0000268626   0.0000632787  -0.0001240541  -0.0000905765   0.0000251656
        0.0002486131  -0.0001296110  -0.0000994847   0.0010012016   0.0009491409
       -0.0012382613   0.0010013973   0.0004837165  -0.0041155265
        0.0057149009   0.0117409487  -0.0176543359  -0.0155941996  -0.0135142036
        0.0450122108   0.0004944870   0.0026565362  -0.0083103127   0.0012608252
       -0.0005254959  -0.0017052854  -0.0004783255  -0.0010352563   0.0005025118
       -0.0009909345  -0.0004429756   0.0000694025  -0.0014260168  -0.0033461242
        0.0018482878  -0.0005253393  -0.0005467791  -0.0015798157   0.0012063831
        0.0010593250  -0.0000855624   0.0004765107  -0.0004451275  -0.0005045818
        0.0037439919  -0.0009010482   0.0002481963   0.0010346745  -0.0018458485
       -0.0011507168   0.0021310566   0.0012294349  -0.0109176236   0.0027562893
        0.0026206653   0.0039261991  -0.0013945859  -0.0003166836  -0.0003408830
        0.0000112428   0.0004644917  -0.0001322077  -0.0004185703   0.0007291429
       -0.0002347439   0.0001743604   0.0001022732  -0.0003213042  -0.0000129464
        0.0001391720  -0.0002825781  -0.0000038716   0.0000442782  -0.0002575484
       -0.0003367645   0.0000672359  -0.0000320509   0.0022640380   0.0007502246
       -0.0005156316  -0.0000872061   0.0013158140  -0.0075816260
       -0.0030495581  -0.0037966594   0.0023223461  -0.0079594699   0.0013847365
        0.0004944870   0.0197775812  -0.0030773652   0.0009022859   0.0012954566
       -0.0014222753  -0.0014968197  -0.0001522178  -0.0001297901   0.0005193124
       -0.0006358944  -0.0000946217   0.0001651927  -0.0005984153  -0.0010295591
        0.0008006403  -0.0003362892  -0.0000648670  -0.0008805743   0.0008269713
        0.0004601021   0.0000920612   0.0003104044  -0.0005359418   0.0008644566
        0.0008354649   0.0021910464   0.0016458382  -0.0035092305   0.0022591199
       -0.0001039014   0.0037124711   0.0057666720  -0.0031468119  -0.0100795601
       -0.0010389330  -0.0006044168  -0.0014802552  -0.0018003011  -0.0008724839
        0.0000940780  -0.0001993063  -0.0000234426  -0.0000278882  -0.0000878702
        0.0001181462   0.0002556989  -0.0000943982  -0.0000935500   0.0002296436
       -0.0000126054  -0.0000378612   0.0001661707   0.0001317741  -0.0000019986
       -0.0000697837   0.0002331918   0.0000642267   0.0003468934   0.0007738718
       -0.0005211893   0.0000477282   0.0001839793  -0.0002059436
       -0.0015175446   0.0033349192  -0.0000880537   0.0003810273  -0.0102858797
        0.0026565362  -0.0030773652   0.0273713875  -0.0049113871   0.0026918803
       -0.0048869466  -0.0043192643  -0.0004398986  -0.0005885553   0.0006658640
       -0.0009600131  -0.0011531665  -0.0004936058   0.0003834231   0.0008232225
       -0.0003247474   0.0002748838   0.0001947118   0.0004577682  -0.0002154703
       -0.0000502462   0.0000094119   0.0000508124   0.0001917687  -0.0001606897
        0.0000325986  -0.0003735623  -0.0004208293   0.0013322925  -0.0018269181
       -0.0005316332   0.0070093358  -0.0057736855   0.0053115381  -0.0017731229
       -0.0083732024   0.0045185932  -0.0047622401   0.0012892562  -0.0016049968
        0.0001954081   0.0000320253  -0.0000592692   0.0000287048   0.0001706836
       -0.0000850106   0.0004135500  -0.0000329341  -0.0003946977   0.0000931585
       -0.0000382839  -0.0000663887   0.0000862158   0.0000587602  -0.0000522906
       -0.0000033274   0.0000548319  -0.0000284398  -0.0000393196  -0.0003046258
        0.0000327876  -0.0001849892   0.0001664395  -0.0001111953
        0.0014909604  -0.0006230673  -0.0006229226   0.0022178816   0.0032393487
       -0.0083103127   0.0009022859  -0.0049113871   0.0143100046   0.0001781536
       -0.0006352228  -0.0007297340   0.0002257348  -0.0002483527  -0.0001607214
        0.0002049571  -0.0004898118   0.0000701895   0.0001366854   0.0002930424
       -0.0001349993   0.0004536097  -0.0000995297   0.0005013242  -0.0003628654
       -0.0000954441   0.0000668306  -0.0001294887   0.0003099244  -0.0001361188
        0.0002572214  -0.0008326121  -0.0000071117   0.0007070027  -0.0011559082
       -0.0003588614  -0.0026550098   0.0052858919   0.0008196870  -0.0040493792
        0.0014349257  -0.0064523244   0.0005504138  -0.0007943557  -0.0000163504
        0.0000531840  -0.0003639387   0.0000668495   0.0000836615  -0.0002706411
       -0.0000038058   0.0000544520  -0.0001815609   0.0002000661  -0.0000700717
        0.0001298550   0.0004189381  -0.0001102060   0.0002680222   0.0004049840
       -0.0000364119   0.0001845701   0.0001352968  -0.0000305033  -0.0001566373
       -0.0001042775  -0.0000722679  -0.0002871110   0.0000433696
        0.0004452612   0.0001485737  -0.0002009775  -0.0025135456   0.0006817779
        0.0012608252   0.0012954566   0.0026918803   0.0001781536   0.2167627126
       -0.0297364802  -0.1037251368  -0.0426649378  -0.0219801130   0.0347248223
       -0.1273828234   0.0373554625   0.0560126310  -0.0405728024  -0.0011153631
        0.0152656113   0.0021728821  -0.0026371139   0.0028693030   0.0006230792
       -0.0019660525  -0.0011077713   0.0000416199   0.0001111051   0.0003141713
       -0.0002546616  -0.0025225316  -0.0036469740   0.0004217133   0.0037619930
       -0.0002759152   0.0005725887  -0.0009319236  -0.0014350578  -0.0044532529
       -0.0037452878  -0.0034374249  -0.0019667052   0.0029428980   0.0006397237
        0.0090946402   0.0044413247  -0.0160777886  -0.0028819605   0.0016418895
        0.0061551442  -0.0071365070   0.0095759227   0.0097807969  -0.0004318799
        0.0005945168   0.0008272565  -0.0001683339   0.0000147773   0.0002636070
       -0.0004670896   0.0002415596   0.0007045790  -0.0003585829  -0.0000033066
        0.0002653542  -0.0001768713   0.0004344911   0.0006450669
       -0.0002601826   0.0001816874   0.0004459681   0.0003332546  -0.0010946085
       -0.0005254959  -0.0014222753  -0.0048869466  -0.0006352228  -0.0297364802
        0.1437869698  -0.0215925730  -0.0180756399  -0.0655009917   0.0459657570
        0.0257582256  -0.0559784570  -0.0253448383   0.0031029452   0.0038031692
        0.0066162498  -0.0001697439   0.0007920845  -0.0004447828   0.0002492349
        0.0002728202  -0.0000518628  -0.0000057038  -0.0000191200  -0.0000448448
        0.0006698920   0.0003612599   0.0006314796  -0.0016403162  -0.0011335371
       -0.0001296352  -0.0008789296  -0.0005606140  -0.0015129295   0.0016715289
       -0.0116977074  -0.0083896397   0.0020170959  -0.0010730701  -0.0000192215
        0.0076151048   0.0029275118  -0.0016563293  -0.0143844877  -0.0043751466
        0.0330971533   0.0246753622  -0.0060408586  -0.0258556678   0.0000353336
       -0.0000583935  -0.0004047479   0.0001427074  -0.0001093897  -0.0002351817
       -0.0000114735   0.0000295668   0.0000251045   0.0000898143   0.0001398362
        0.0001408257   0.0002247331   0.0002339350  -0.0000795651
       -0.0001679739  -0.0001513361   0.0008138764   0.0018548410  -0.0009692198
       -0.0017052854  -0.0014968197  -0.0043192643  -0.0007297340  -0.1037251368
       -0.0215925730   0.3168940786   0.0238125043   0.0554142000  -0.1923405396
        0.0591929850  -0.0351722600  -0.0734775641  -0.0029099596   0.0036116071
        0.0097528705  -0.0002409603   0.0011720994  -0.0001179075   0.0007850932
       -0.0001721811  -0.0005402441  -0.0000015697  -0.0001807370   0.0003274135
        0.0007633937   0.0007366210   0.0013597653  -0.0012583381  -0.0007694695
       -0.0005615091  -0.0025050792  -0.0023314038  -0.0025610259  -0.0023226473
       -0.0024056759  -0.0041579891   0.0019174557  -0.0004351232   0.0005019233
        0.0108091199   0.0030677942  -0.0315556348   0.0061715376   0.0072321797
       -0.0113907213   0.0092406864  -0.0025030008  -0.0103796402  -0.0000255015
       -0.0000724799  -0.0002552449  -0.0000309328  -0.0000409488   0.0001006243
       -0.0001003320  -0.0000318183   0.0002211583   0.0003205084  -0.0000998804
       -0.0000706270  -0.0000828745   0.0000128706  -0.0001280433
       -0.0001046095   0.0000380865  -0.0000645337   0.0000904209  -0.0004215775
       -0.0004783255  -0.0001522178  -0.0004398986   0.0002257348  -0.0426649378
       -0.0180756399   0.0238125043   0.3885853706   0.0272918490   0.1885226063
       -0.1340444703   0.0969334555  -0.0779389811  -0.0107576221   0.0138587073
       -0.0172238853  -0.0033135829  -0.0015036307  -0.0020420833  -0.0006059996
        0.0007071557  -0.0012133824   0.0001181525   0.0002597584  -0.0002538229
        0.0002836023   0.0009182727   0.0004203986   0.0004862214   0.0002801399
        0.0006681889  -0.0001390152   0.0000171058  -0.0003235199   0.0003441680
        0.0011468119   0.0010392325  -0.0005606462  -0.0000565221   0.0005298670
       -0.1452923341  -0.0646582982  -0.1129408581  -0.0496660024  -0.0580742387
       -0.0043670030  -0.0020227622   0.0018253766   0.0023435360   0.0000817225
       -0.0001585564  -0.0000444823  -0.0001490096  -0.0000738122  -0.0002219050
        0.0001035026   0.0000198016  -0.0001843021   0.0001136622   0.0000756949
       -0.0000008846  -0.0007336134   0.0000899585  -0.0002640994
        0.0000427977  -0.0001507187  -0.0000810434  -0.0004555047  -0.0000330754
       -0.0010352563  -0.0001297901  -0.0005885553  -0.0002483527  -0.0219801130
       -0.0655009917   0.0554142000   0.0272918490   0.5815828143  -0.0665548196
        0.1063239081  -0.1510639188   0.0616666008   0.0023128566   0.0052759774
       -0.0056954811  -0.0020113324   0.0001049048  -0.0005828561  -0.0002829409
        0.0004055900  -0.0000029692  -0.0000597643  -0.0001182756   0.0000531998
       -0.0002775655  -0.0000226696  -0.0000475218   0.0002454213   0.0002586395
       -0.0006733120  -0.0003600462   0.0001957436  -0.0002920882   0.0001538551
        0.0017469335  -0.0016791773   0.0003658380  -0.0003664665  -0.0000855565
       -0.0623166404  -0.0764938762  -0.0620609380  -0.0568188461  -0.2769904473
        0.0004500954   0.0089259281  -0.0180641962   0.0215003915  -0.0000981071
        0.0000701603   0.0000254915  -0.0000906472   0.0000233432   0.0000095608
        0.0000458563   0.0000162160  -0.0000030800   0.0000442534  -0.0000606195
       -0.0001003822  -0.0008712656  -0.0002265120   0.0000232944
        0.0002351161   0.0001372742  -0.0002430369  -0.0008391380  -0.0000495835
        0.0005025118   0.0005193124   0.0006658640  -0.0001607214   0.0347248223
        0.0459657570  -0.1923405396   0.1885226063  -0.0665548196   0.4514428445
       -0.0976082014   0.0771475774  -0.0636048642  -0.0013007632   0.0062997298
       -0.0098617214  -0.0031172875  -0.0007364213  -0.0015341425  -0.0006678545
        0.0008528792  -0.0000691384   0.0001075485   0.0001061382  -0.0002071382
        0.0001098941  -0.0000264970  -0.0001286796   0.0006032886   0.0002925365
        0.0006793079   0.0004070694   0.0000944478   0.0004521811   0.0003180965
       -0.0015449883  -0.0049453441  -0.0001670138   0.0004984221  -0.0001497487
       -0.1173570118  -0.0628529644  -0.1485185377  -0.0056488898   0.0044274785
       -0.0352803649   0.0012830589  -0.0043481067   0.0043323598   0.0000047195
       -0.0001612978   0.0001152229  -0.0000959933  -0.0000533514  -0.0001580468
        0.0000820322  -0.0000182488  -0.0001393902  -0.0001007356   0.0000092964
       -0.0000061545  -0.0000146761  -0.0001511223  -0.0001768589
       -0.0000509552  -0.0000826440  -0.0000092454   0.0012843640  -0.0015387660
       -0.0009909345  -0.0006358944  -0.0009600131   0.0002049571  -0.1273828234
        0.0257582256   0.0591929850  -0.1340444703   0.1063239081  -0.0976082014
        0.5080542925  -0.0678570306   0.1365226788  -0.1637041661  -0.0392394201
       -0.0606886225  -0.0223608166   0.0047984696  -0.0180655656   0.0034074255
        0.0023099266  -0.0027414743  -0.0007470576  -0.0007992412  -0.0002199945
        0.0025762502  -0.0022910083   0.0014799530  -0.0184063092  -0.0146477996
       -0.0057687674  -0.0005943975  -0.0001073565  -0.0003143797  -0.0002997279
        0.0036880537   0.0021891988  -0.0004995342   0.0002433570   0.0001756106
       -0.0152605656   0.0111449445  -0.0003227357   0.0056861147  -0.0030440845
       -0.0000458585  -0.0358995759  -0.0243681386  -0.0135905532  -0.0003314404
       -0.0004223994   0.0013846020  -0.0003595501  -0.0002374150  -0.0003819933
       -0.0003206336   0.0002447162   0.0003802411  -0.0000920858  -0.0002840630
       -0.0006227563  -0.0000184431   0.0013677784  -0.0001591439
        0.0002753431  -0.0000798855  -0.0002601721   0.0001121494  -0.0008029098
       -0.0004429756  -0.0000946217  -0.0011531665  -0.0004898118   0.0373554625
       -0.0559784570  -0.0351722600   0.0969334555  -0.1510639188   0.0771475774
       -0.0678570306   0.5841757861   0.0282761814  -0.0446996136  -0.0796656318
       -0.0197253373   0.0133605847   0.0046731930   0.0075024853   0.0004279097
       -0.0000705326   0.0048775975  -0.0000505469  -0.0006700913   0.0000589975
       -0.0041122789  -0.0024913612   0.0041907232  -0.0231814896  -0.0095530575
       -0.0110449696   0.0000523437   0.0005160552   0.0002123802   0.0016404809
       -0.0000576424   0.0003289555   0.0003399633  -0.0003469267  -0.0002785463
       -0.0086493290   0.0041705817   0.0023735779   0.0225703800  -0.0174970119
        0.0000125222  -0.0273788148  -0.2729993899  -0.0565162741   0.0019895566
       -0.0000058234   0.0004242679   0.0006778278   0.0001643033   0.0007641707
        0.0005534805  -0.0003986353  -0.0004981573  -0.0008296417  -0.0005301498
       -0.0007371235   0.0005644290  -0.0003353280  -0.0010038093
        0.0000811378   0.0001163576   0.0000077603  -0.0002016940  -0.0004395470
        0.0000694025   0.0001651927  -0.0004936058   0.0000701895   0.0560126310
       -0.0253448383  -0.0734775641  -0.0779389811   0.0616666008  -0.0636048642
        0.1365226788   0.0282761814   0.2853142228  -0.0645211697  -0.0188909209
       -0.0846222587  -0.0235610188  -0.0017291281  -0.0143718898  -0.0044523373
        0.0051743630   0.0014786965  -0.0001902001  -0.0003415417  -0.0006398326
       -0.0018285116   0.0033646084   0.0035255618   0.0010946896  -0.0021938654
        0.0025662082   0.0000466344   0.0002595501   0.0001227964   0.0016111241
       -0.0015740978  -0.0000025409   0.0002184979  -0.0001345146  -0.0000726754
       -0.0165075284   0.0109229191  -0.0036183898   0.0010763446   0.0033540136
       -0.0026760678  -0.0101540312  -0.0590178604  -0.0468528990   0.0008180236
       -0.0016255391  -0.0008420037  -0.0005739708  -0.0003434759  -0.0007936671
        0.0009255800  -0.0005806975  -0.0010300218   0.0001207310   0.0001940295
        0.0000987325   0.0012361776  -0.0006189909  -0.0006488955
        0.0001803892  -0.0000976261   0.0000847870   0.0005039200  -0.0018572079
       -0.0014260168  -0.0005984153   0.0003834231   0.0001366854  -0.0405728024
        0.0031029452  -0.0029099596  -0.0107576221   0.0023128566  -0.0013007632
       -0.1637041661  -0.0446996136  -0.0645211697   0.4875704240   0.1038548185
        0.1750092922  -0.1116697687   0.0713972563  -0.0948513303  -0.0225352659
        0.0105848855  -0.0248155024   0.0015676209   0.0021105646   0.0055103937
       -0.0239226583  -0.0257063177  -0.0040304484  -0.1193658133  -0.1079334729
        0.0190483626  -0.0008401598   0.0011329265   0.0020705710  -0.0000549917
        0.0003318205   0.0007127355  -0.0000806934  -0.0000427135  -0.0001162751
        0.0001141020  -0.0002554805   0.0005621027   0.0002615348  -0.0003933273
        0.0000379799  -0.0051263215  -0.0055829986  -0.0023315590   0.0053835275
       -0.0078692763   0.0066252983  -0.0011907898  -0.0030234262  -0.0056354126
        0.0004548781   0.0001881088   0.0003999728  -0.0011705167  -0.0035758993
       -0.0051870929   0.0055535885   0.0056377543  -0.0030726512
       -0.0001311657  -0.0000997952   0.0000823698  -0.0002585568  -0.0064462217
       -0.0033461242  -0.0010295591   0.0008232225   0.0002930424  -0.0011153631
        0.0038031692   0.0036116071   0.0138587073   0.0052759774   0.0062997298
       -0.0392394201  -0.0796656318  -0.0188909209   0.1038548185   0.5349879286
       -0.1667251034   0.0234825006  -0.1768346858   0.0913719174   0.0504352967
        0.0415205258   0.0138755721   0.0010018651  -0.0463542966   0.0248508849
       -0.0555226151  -0.0076642556  -0.0420760690  -0.0753281756  -0.2244618705
        0.0775784492   0.0009300484  -0.0003461092  -0.0020363342   0.0002126611
        0.0002576245   0.0000343920   0.0001615870  -0.0000529647   0.0000233002
        0.0022378396  -0.0015317569  -0.0003450307  -0.0001638088   0.0003441922
        0.0007534021  -0.0223041080  -0.0110383638  -0.0105403931   0.0071881166
       -0.0189020179   0.0198594399  -0.0034994593   0.0019739480   0.0011704863
       -0.0002273516  -0.0002714698   0.0006492528  -0.0020193581   0.0021831151
        0.0001546265  -0.0025244997  -0.0175002637   0.0033515031
        0.0000261307   0.0002516166   0.0001001353   0.0008648637   0.0012746422
        0.0018482878   0.0008006403  -0.0003247474  -0.0001349993   0.0152656113
        0.0066162498   0.0097528705  -0.0172238853  -0.0056954811  -0.0098617214
       -0.0606886225  -0.0197253373  -0.0846222587   0.1750092922  -0.1667251034
        0.3699113363  -0.0640606925   0.1324568252  -0.1747944956  -0.0492139225
       -0.0174607352  -0.0279822707   0.0051598654   0.0255067054  -0.0168919086
        0.0118727008  -0.0134894813   0.0224759933  -0.0065558821   0.0325320533
       -0.0816736169   0.0012509028  -0.0020271608  -0.0031189110   0.0004544357
       -0.0003702606  -0.0003977878   0.0000286029  -0.0000480357   0.0000054590
       -0.0028519052   0.0021077006   0.0006034897   0.0007158242  -0.0006615168
       -0.0002458958  -0.0069424918  -0.0029962767  -0.0010959218  -0.0015936452
        0.0060516788  -0.0047215845  -0.0052595014   0.0007825022   0.0026188284
        0.0005840210   0.0004053954   0.0002036714  -0.0049750005   0.0016321681
        0.0019908712   0.0073326582   0.0199065986  -0.0039695707
        0.0003398697  -0.0004052019  -0.0002346108  -0.0004110936  -0.0003290408
       -0.0005253393  -0.0003362892   0.0002748838   0.0004536097   0.0021728821
       -0.0001697439  -0.0002409603  -0.0033135829  -0.0020113324  -0.0031172875
       -0.0223608166   0.0133605847  -0.0235610188  -0.1116697687   0.0234825006
       -0.0640606925   0.4727777200   0.1276590458   0.2082443108  -0.2182491868
       -0.0314857979  -0.1260123535  -0.0259414430  -0.0656007986   0.0161360224
       -0.0281206789   0.0115311355  -0.0245720233   0.0323439016   0.0284834419
        0.0121657693  -0.0001551135   0.0011766662   0.0001729370  -0.0002046322
       -0.0001200573   0.0000053326  -0.0000808610   0.0001160232   0.0001468677
       -0.0010914187   0.0007802178   0.0002928594  -0.0000312287  -0.0001732789
       -0.0000058765  -0.0001978795   0.0013998904  -0.0004645515  -0.0896754735
       -0.0968207311   0.0182604525  -0.0103860193  -0.0018908581  -0.0079575111
        0.0020348048  -0.0042157659  -0.0024080953   0.0003360612   0.0001498654
       -0.0009241743   0.0022202465  -0.0051916486  -0.0017936665
        0.0000705144   0.0000326254  -0.0000835361   0.0003597403  -0.0020558738
       -0.0005467791  -0.0000648670   0.0001947118  -0.0000995297  -0.0026371139
        0.0007920845   0.0011720994  -0.0015036307   0.0001049048  -0.0007364213
        0.0047984696   0.0046731930  -0.0017291281   0.0713972563  -0.1768346858
        0.1324568252   0.1276590458   0.5650080338  -0.1615809046  -0.0847081265
       -0.1025768613  -0.0378667617  -0.0265730984  -0.0081065541  -0.0170244476
        0.0110446985  -0.0005608045   0.0048012817  -0.0062881737  -0.0424627023
        0.0226383865   0.0002524215  -0.0009105263  -0.0007160519   0.0004889761
       -0.0003882625  -0.0002523090  -0.0001262717   0.0000126831  -0.0000057783
       -0.0002873634   0.0000392807   0.0001605307  -0.0001292796  -0.0003133767
        0.0000449123  -0.0012216846   0.0003762682  -0.0006307182  -0.0972280219
       -0.2365490598   0.0442458237   0.0134886558   0.0044719889   0.0097969679
       -0.0044965916  -0.0031291866   0.0028654129   0.0002757841   0.0005385635
       -0.0001667899  -0.0045713395  -0.0023564441   0.0032569152
        0.0001056556  -0.0001104665   0.0000391297   0.0001414201  -0.0010174305
       -0.0015798157  -0.0008805743   0.0004577682   0.0005013242   0.0028693030
       -0.0004447828  -0.0001179075  -0.0020420833  -0.0005828561  -0.0015341425
       -0.0180655656   0.0075024853  -0.0143718898  -0.0948513303   0.0913719174
       -0.1747944956   0.2082443108  -0.1615809046   0.3859495798  -0.0902520337
        0.0067395170  -0.1335514537  -0.0069261609  -0.0500989885   0.0260277679
       -0.0247972930   0.0061595695  -0.0299538929   0.0301956275   0.0544295418
       -0.0016254215   0.0011143336  -0.0011200884  -0.0015249466  -0.0003016959
        0.0006385745   0.0000449033   0.0000228082   0.0000755009  -0.0000491259
       -0.0003832093   0.0003524880   0.0000770194   0.0000468262   0.0000316280
       -0.0000618695   0.0008968375   0.0010016002   0.0006645443   0.0167256970
        0.0443572667  -0.0481667002  -0.0182008239  -0.0037085642  -0.0114145234
       -0.0029118862   0.0034088205   0.0045887888   0.0003431054  -0.0004059952
       -0.0010146740  -0.0010932686   0.0025433989   0.0018678014
       -0.0002783756   0.0001788115   0.0002567244  -0.0009263668   0.0011643492
        0.0012063831   0.0008269713  -0.0002154703  -0.0003628654   0.0006230792
        0.0002492349   0.0007850932  -0.0006059996  -0.0002829409  -0.0006678545
        0.0034074255   0.0004279097  -0.0044523373  -0.0225352659   0.0504352967
       -0.0492139225  -0.2182491868  -0.0847081265  -0.0902520337   0.4521204033
        0.1208715984   0.2111820303  -0.1230671769  -0.0762409001  -0.0188114422
        0.0385103719  -0.0110845038   0.0318975192  -0.0302965853  -0.0289760222
       -0.0044680692  -0.0010795335   0.0004059073   0.0003733525   0.0000409089
       -0.0004959521  -0.0000977571   0.0000467692   0.0000072944  -0.0000935839
       -0.0001508544   0.0000160300   0.0000987783  -0.0000064627  -0.0002418273
        0.0000570116  -0.0000286327  -0.0004773541   0.0002484169  -0.0109012729
       -0.0064948911  -0.0079006935  -0.0765143326   0.0570320070  -0.0698552569
       -0.0110877429  -0.0220419713   0.0022271305   0.0012599055  -0.0000308215
       -0.0031656836  -0.0011080462   0.0005023421   0.0010090598
       -0.0002242094   0.0003165913   0.0000353942   0.0014856986  -0.0010491097
        0.0010593250   0.0004601021  -0.0000502462  -0.0000954441  -0.0019660525
        0.0002728202  -0.0001721811   0.0007071557   0.0004055900   0.0008528792
        0.0023099266  -0.0000705326   0.0051743630   0.0105848855   0.0415205258
       -0.0174607352  -0.0314857979  -0.1025768613   0.0067395170   0.1208715984
        0.5767452520  -0.1679837294  -0.1316833274  -0.2856496101   0.0288590464
        0.0263877777  -0.0458908698   0.0502991180  -0.0264671298  -0.0267156271
       -0.0114509093  -0.0004164368  -0.0006481462  -0.0000115198   0.0002834028
       -0.0003116666  -0.0001052320  -0.0000598192   0.0001933678  -0.0000195559
        0.0002243911  -0.0002158975  -0.0000301818  -0.0000184489  -0.0001006564
        0.0000167267   0.0002127990  -0.0000671835   0.0002655842  -0.0216759946
       -0.0086295135  -0.0124790573   0.0574731890  -0.1397869438   0.1104665714
       -0.0056157183  -0.0088788912   0.0005344565  -0.0006610756   0.0006338555
        0.0053631647  -0.0007269163   0.0005537527   0.0001423996
       -0.0004371776   0.0004886809  -0.0000434610   0.0000178528   0.0006516735
       -0.0000855624   0.0000920612   0.0000094119   0.0000668306  -0.0011077713
       -0.0000518628  -0.0005402441  -0.0012133824  -0.0000029692  -0.0000691384
       -0.0027414743   0.0048775975   0.0014786965  -0.0248155024   0.0138755721
       -0.0279822707  -0.1260123535  -0.0378667617  -0.1335514537   0.2111820303
       -0.1679837294   0.4008229507   0.0136278288   0.0720227116  -0.0789222380
        0.0119943793   0.0212367731  -0.0024607696  -0.0039801455  -0.0108717401
       -0.0029206769   0.0004998915  -0.0006504201   0.0000034088  -0.0001951022
        0.0001242553  -0.0002126166   0.0000578462   0.0000923876   0.0002246789
       -0.0000575231  -0.0000698446   0.0000957298   0.0000272815  -0.0001456046
       -0.0000192335   0.0003983170   0.0002807756   0.0002122464   0.0031769947
        0.0010114616   0.0029665494  -0.0694573943   0.1106963460  -0.1626362730
       -0.0073904294  -0.0126759534   0.0029021993  -0.0036975484   0.0051792352
        0.0002319652   0.0000313210  -0.0002279959   0.0004386824
        0.0002196078  -0.0000860166  -0.0000353710  -0.0013264668   0.0017699339
        0.0004765107   0.0003104044   0.0000508124  -0.0001294887   0.0000416199
       -0.0000057038  -0.0000015697   0.0001181525  -0.0000597643   0.0001075485
       -0.0007470576  -0.0000505469  -0.0001902001   0.0015676209   0.0010018651
        0.0051598654  -0.0259414430  -0.0265730984  -0.0069261609  -0.1230671769
       -0.1316833274   0.0136278288   0.4736348956   0.1564392879   0.2138965883
       -0.1060371956   0.0541471230  -0.0882820004  -0.0171676000   0.0101880165
       -0.0250624543  -0.0007833719   0.0000130131   0.0002522997  -0.0002782558
       -0.0002835156  -0.0002712433   0.0001343970   0.0000700312  -0.0000754659
        0.0000426085   0.0000193219   0.0000059357   0.0000704448   0.0000080277
       -0.0000273578   0.0001012253   0.0001890731   0.0000277914  -0.0014482519
       -0.0033154232  -0.0056113613   0.0046722656   0.0088319062  -0.0019983978
       -0.2074678230  -0.0602703573  -0.1101147271   0.0047246428  -0.0070282617
        0.0097791265  -0.0013732426  -0.0033723969  -0.0046076967
        0.0008618543  -0.0009815362   0.0001170206   0.0021933737  -0.0023237824
       -0.0004451275  -0.0005359418   0.0001917687   0.0003099244   0.0001111051
       -0.0000191200  -0.0001807370   0.0002597584  -0.0001182756   0.0001061382
       -0.0007992412  -0.0006700913  -0.0003415417   0.0021105646  -0.0463542966
        0.0255067054  -0.0656007986  -0.0081065541  -0.0500989885  -0.0762409001
       -0.2856496101   0.0720227116   0.1564392879   0.5483832668  -0.1359503678
        0.0045118054  -0.1503381183   0.0881261573   0.0431812964   0.0388207893
        0.0133425119   0.0006180059  -0.0002582255  -0.0000707484  -0.0002876969
        0.0003710647   0.0000944511   0.0000442679   0.0001921876   0.0000268383
        0.0000236392   0.0000600815  -0.0000446225  -0.0000765042   0.0001323627
       -0.0000485327  -0.0000748985   0.0002736360  -0.0000328023  -0.0035341071
        0.0018780590   0.0013264958  -0.0077781963  -0.0185097433   0.0060045438
       -0.0611368045  -0.0624044693  -0.0346238902   0.0083776460  -0.0161795666
        0.0152102560  -0.0026675157   0.0016101730  -0.0003563957
       -0.0006777014   0.0000160638   0.0002087110  -0.0045616614   0.0033567314
       -0.0005045818   0.0008644566  -0.0001606897  -0.0001361188   0.0003141713
       -0.0000448448   0.0003274135  -0.0002538229   0.0000531998  -0.0002071382
       -0.0002199945   0.0000589975  -0.0006398326   0.0055103937   0.0248508849
       -0.0168919086   0.0161360224  -0.0170244476   0.0260277679  -0.0188114422
        0.0288590464  -0.0789222380   0.2138965883  -0.1359503678   0.3938107580
       -0.0513444533   0.1141116050  -0.1847008610  -0.0436410624  -0.0114383670
       -0.0268582912   0.0009074764  -0.0001096916   0.0001796288  -0.0001858748
       -0.0005793905  -0.0005506801   0.0000295808   0.0000359694   0.0002712991
        0.0000455738  -0.0000693203  -0.0000423440   0.0001592642  -0.0000690325
       -0.0000032626   0.0001022537  -0.0000162983  -0.0000384354  -0.0055061775
        0.0005551296   0.0021138354   0.0074122735   0.0191510502  -0.0039442721
       -0.1099837785  -0.0353095960  -0.1086231068  -0.0044025546   0.0075435839
       -0.0029754929  -0.0057895310   0.0021797841   0.0020991505
       -0.0010687190   0.0031222142  -0.0007583000  -0.0013381743   0.0055407574
        0.0037439919   0.0008354649   0.0000325986   0.0002572214  -0.0002546616
        0.0006698920   0.0007633937   0.0002836023  -0.0002775655   0.0001098941
        0.0025762502  -0.0041122789  -0.0018285116  -0.0239226583  -0.0555226151
        0.0118727008  -0.0281206789   0.0110446985  -0.0247972930   0.0385103719
        0.0263877777   0.0119943793  -0.1060371956   0.0045118054  -0.0513444533
        0.4582851934   0.1659486649   0.1778798153  -0.2172019819  -0.0548420288
       -0.1332046196  -0.0005611482  -0.0004596227   0.0007833308  -0.0004488751
       -0.0001749540  -0.0001708726   0.0000530009  -0.0000569158   0.0001147502
        0.0000122308   0.0001460917   0.0001176891  -0.0001379958   0.0001390821
       -0.0001287192  -0.0012026667  -0.0001835191  -0.0002148651  -0.0006793085
        0.0007598049   0.0003151125   0.0025475989  -0.0045519571  -0.0024653360
       -0.0103875938   0.0135105026  -0.0175945251  -0.1036909277  -0.1106493102
        0.0295216873  -0.0080511280  -0.0009831227  -0.0049664709
        0.0008290939  -0.0035266241   0.0005104258  -0.0053123405   0.0041882582
       -0.0009010482   0.0021910464  -0.0003735623  -0.0008326121  -0.0025225316
        0.0003612599   0.0007366210   0.0009182727  -0.0000226696  -0.0000264970
       -0.0022910083  -0.0024913612   0.0033646084  -0.0257063177  -0.0076642556
       -0.0134894813   0.0115311355  -0.0005608045   0.0061595695  -0.0110845038
       -0.0458908698   0.0212367731   0.0541471230  -0.1503381183   0.1141116050
        0.1659486649   0.5008123733  -0.1726783856  -0.0765512446  -0.0930044080
       -0.0283699828   0.0002985789   0.0006007281   0.0000336220  -0.0001350918
       -0.0014722841  -0.0006765105   0.0000971367   0.0001742496   0.0000475469
        0.0000376888  -0.0001286738   0.0000635776  -0.0001643181   0.0000496492
        0.0000227721  -0.0004636702  -0.0003909296  -0.0002439900   0.0004388110
        0.0006784978   0.0000363882  -0.0041999992  -0.0032958342   0.0032286197
       -0.0024151107   0.0046294945  -0.0041512819  -0.1174077574  -0.2075705211
        0.0638983747   0.0118163418   0.0052364055   0.0079192852
       -0.0003165265   0.0003541669   0.0007766807  -0.0038827254   0.0033772652
        0.0002481963   0.0016458382  -0.0004208293  -0.0000071117  -0.0036469740
        0.0006314796   0.0013597653   0.0004203986  -0.0000475218  -0.0001286796
        0.0014799530   0.0041907232   0.0035255618  -0.0040304484  -0.0420760690
        0.0224759933  -0.0245720233   0.0048012817  -0.0299538929   0.0318975192
        0.0502991180  -0.0024607696  -0.0882820004   0.0881261573  -0.1847008610
        0.1778798153  -0.1726783856   0.3958175006  -0.0922832061  -0.0020159653
       -0.1299985514   0.0010558283   0.0006732829  -0.0009091523   0.0000648061
       -0.0011600442  -0.0007500183  -0.0000294272  -0.0000119204   0.0001841943
        0.0000325368  -0.0000238006  -0.0000608033   0.0001900353   0.0000068359
       -0.0001840638   0.0005656750   0.0005899715   0.0004012107  -0.0002716337
        0.0000049294  -0.0001320740  -0.0024923973   0.0033373651   0.0043306561
       -0.0083079109   0.0094271332  -0.0119109724   0.0309009382   0.0567333849
       -0.0565655337  -0.0180180708  -0.0041185587  -0.0113572751
        0.0006872336  -0.0002893268  -0.0005337159   0.0041473377  -0.0047256667
        0.0010346745  -0.0035092305   0.0013322925   0.0007070027   0.0004217133
       -0.0016403162  -0.0012583381   0.0004862214   0.0002454213   0.0006032886
       -0.0184063092  -0.0231814896   0.0010946896  -0.1193658133  -0.0753281756
       -0.0065558821   0.0323439016  -0.0062881737   0.0301956275  -0.0302965853
       -0.0264671298  -0.0039801455  -0.0171676000   0.0431812964  -0.0436410624
       -0.2172019819  -0.0765512446  -0.0922832061   0.4379519068   0.1414376822
        0.1951919736  -0.0005406185  -0.0001377903   0.0014863162  -0.0002064196
        0.0012783927   0.0006940340  -0.0000688882   0.0000456898   0.0000915195
        0.0001609311  -0.0003975998   0.0001795644  -0.0009256947  -0.0007933239
       -0.0000704863  -0.0025761340  -0.0015250651  -0.0013713269   0.0020421767
        0.0000748633  -0.0045626897   0.0000149706  -0.0006417001   0.0000593324
        0.0027622551  -0.0003354782  -0.0042572492  -0.0110070098  -0.0064685968
       -0.0084700831  -0.0597463630   0.0371754392  -0.0643538377
       -0.0000007526  -0.0014493907  -0.0003305177   0.0054063296  -0.0006488504
       -0.0018458485   0.0022591199  -0.0018269181  -0.0011559082   0.0037619930
       -0.0011335371  -0.0007694695   0.0002801399   0.0002586395   0.0002925365
       -0.0146477996  -0.0095530575  -0.0021938654  -0.1079334729  -0.2244618705
        0.0325320533   0.0284834419  -0.0424627023   0.0544295418  -0.0289760222
       -0.0267156271  -0.0108717401   0.0101880165   0.0388207893  -0.0114383670
       -0.0548420288  -0.0930044080  -0.0020159653   0.1414376822   0.4808159908
       -0.1687879195   0.0000720085  -0.0005249748  -0.0011658829   0.0002607895
        0.0004842005   0.0000115550  -0.0000762944   0.0000494257  -0.0000204638
        0.0002720341  -0.0001070665   0.0000893561   0.0007641341  -0.0001942117
       -0.0000489875  -0.0010609228  -0.0004345078  -0.0003773561  -0.0001008419
       -0.0007917542   0.0046418998  -0.0002450756  -0.0002423863  -0.0007123539
        0.0000495500  -0.0001330730   0.0047782465  -0.0186090680  -0.0071389312
       -0.0116736187   0.0332570394  -0.1096057787   0.1166330751
       -0.0009259066  -0.0009709338  -0.0001410720   0.0074454098  -0.0048977280
       -0.0011507168  -0.0001039014  -0.0005316332  -0.0003588614  -0.0002759152
       -0.0001296352  -0.0005615091   0.0006681889  -0.0006733120   0.0006793079
       -0.0057687674  -0.0110449696   0.0025662082   0.0190483626   0.0775784492
       -0.0816736169   0.0121657693   0.0226383865  -0.0016254215  -0.0044680692
       -0.0114509093  -0.0029206769  -0.0250624543   0.0133425119  -0.0268582912
       -0.1332046196  -0.0283699828  -0.1299985514   0.1951919736  -0.1687879195
        0.4238984759   0.0009272527  -0.0006093549  -0.0022540674   0.0007034195
        0.0000131399   0.0002482070  -0.0001822723   0.0000001299   0.0001422180
        0.0000178050   0.0001955693   0.0001122477  -0.0008006553   0.0000427260
       -0.0000014825  -0.0028729791  -0.0015180771  -0.0010537719  -0.0046862151
        0.0050920585   0.0012456190   0.0004763863  -0.0006974448  -0.0000018310
       -0.0039206024   0.0044846680  -0.0001682658   0.0056285094   0.0003859988
        0.0031667522  -0.0600007192   0.1059082622  -0.1832909000
        0.0005055459  -0.0017902753   0.0021301581  -0.0106005112  -0.0022844416
        0.0021310566   0.0037124711   0.0070093358  -0.0026550098   0.0005725887
       -0.0008789296  -0.0025050792  -0.0001390152  -0.0003600462   0.0004070694
       -0.0005943975   0.0000523437   0.0000466344  -0.0008401598   0.0009300484
        0.0012509028  -0.0001551135   0.0002524215   0.0011143336  -0.0010795335
       -0.0004164368   0.0004998915  -0.0007833719   0.0006180059   0.0009074764
       -0.0005611482   0.0002985789   0.0010558283  -0.0005406185   0.0000720085
        0.0009272527   0.0319727977  -0.0028925990   0.0016309455  -0.0178224424
       -0.0008156084  -0.0031070920  -0.0040718800  -0.0001214157  -0.0035970759
        0.0001231181   0.0002248017  -0.0000531765   0.0000980081   0.0000275338
       -0.0001341529   0.0000189980   0.0000877957   0.0000247230  -0.0001331117
       -0.0000564901  -0.0000532525  -0.0001287453  -0.0002305682   0.0001422456
        0.0001424439  -0.0001571588   0.0002102195   0.0002963495   0.0001976092
       -0.0001079840   0.0000077276   0.0002334866  -0.0002659147
       -0.0024455720  -0.0012459218   0.0039238029  -0.0026807356  -0.0122757944
        0.0012294349   0.0057666720  -0.0057736855   0.0052858919  -0.0009319236
       -0.0005606140  -0.0023314038   0.0000171058   0.0001957436   0.0000944478
       -0.0001073565   0.0005160552   0.0002595501   0.0011329265  -0.0003461092
       -0.0020271608   0.0011766662  -0.0009105263  -0.0011200884   0.0004059073
       -0.0006481462  -0.0006504201   0.0000130131  -0.0002582255  -0.0001096916
       -0.0004596227   0.0006007281   0.0006732829  -0.0001377903  -0.0005249748
       -0.0006093549  -0.0028925990   0.0293369912  -0.0044870887   0.0010426452
       -0.0098665201  -0.0004808096   0.0002139035   0.0019447504   0.0003631757
       -0.0000308870   0.0001809360  -0.0001731096   0.0000670675   0.0000922963
        0.0001135325  -0.0001089701   0.0000396114  -0.0000803838  -0.0000772695
        0.0000710214  -0.0001233376  -0.0001421573  -0.0001048874  -0.0000730518
       -0.0000023995  -0.0001883890   0.0001002064   0.0003438216  -0.0001852282
        0.0000782340  -0.0001624457  -0.0000891114   0.0001443416
        0.0016076042   0.0014662041  -0.0002704121   0.0063527640   0.0048509673
       -0.0109176236  -0.0031468119   0.0053115381   0.0008196870  -0.0014350578
       -0.0015129295  -0.0025610259  -0.0003235199  -0.0002920882   0.0004521811
       -0.0003143797   0.0002123802   0.0001227964   0.0020705710  -0.0020363342
       -0.0031189110   0.0001729370  -0.0007160519  -0.0015249466   0.0003733525
       -0.0000115198   0.0000034088   0.0002522997  -0.0000707484   0.0001796288
        0.0007833308   0.0000336220  -0.0009091523   0.0014863162  -0.0011658829
       -0.0022540674   0.0016309455  -0.0044870887   0.0299695974  -0.0086215264
       -0.0017174201  -0.0106677649  -0.0010665719  -0.0002821886   0.0011225884
        0.0000844949   0.0003225140   0.0000638767  -0.0000147217   0.0000800033
        0.0001703955   0.0000831338   0.0002001632  -0.0000712817   0.0000839764
       -0.0001218020  -0.0003964695   0.0001720096  -0.0002500256  -0.0003394277
        0.0000759997  -0.0001061968  -0.0002046642  -0.0002139451   0.0000391250
       -0.0000138429  -0.0000932008   0.0002537594   0.0003454298
        0.0007252440   0.0003009821  -0.0002198256  -0.0020820342  -0.0040897784
        0.0027562893  -0.0100795601  -0.0017731229  -0.0040493792  -0.0044532529
        0.0016715289  -0.0023226473   0.0003441680   0.0001538551   0.0003180965
       -0.0002997279   0.0016404809   0.0016111241  -0.0000549917   0.0002126611
        0.0004544357  -0.0002046322   0.0004889761  -0.0003016959   0.0000409089
        0.0002834028  -0.0001951022  -0.0002782558  -0.0002876969  -0.0001858748
       -0.0004488751  -0.0001350918   0.0000648061  -0.0002064196   0.0002607895
        0.0007034195  -0.0178224424   0.0010426452  -0.0086215264   0.0653890162
       -0.0020823327   0.0178979574  -0.0304718055   0.0031679177  -0.0088584877
        0.0002921373   0.0000464023  -0.0005212839   0.0001680836  -0.0004624423
        0.0004844501  -0.0001134751  -0.0000456740   0.0000582798  -0.0001015835
        0.0001268829   0.0001487478  -0.0001282633   0.0000312391   0.0001384639
       -0.0001004582  -0.0000844214   0.0001460619  -0.0000754601  -0.0001978058
        0.0001346044  -0.0000383205  -0.0002693976   0.0003590863
        0.0000043596   0.0001291693  -0.0002876452  -0.0014053411   0.0013545923
        0.0026206653  -0.0010389330  -0.0083732024   0.0014349257  -0.0037452878
       -0.0116977074  -0.0024056759   0.0011468119   0.0017469335  -0.0015449883
        0.0036880537  -0.0000576424  -0.0015740978   0.0003318205   0.0002576245
       -0.0003702606  -0.0001200573  -0.0003882625   0.0006385745  -0.0004959521
       -0.0003116666   0.0001242553  -0.0002835156   0.0003710647  -0.0005793905
       -0.0001749540  -0.0014722841  -0.0011600442   0.0012783927   0.0004842005
        0.0000131399  -0.0008156084  -0.0098665201  -0.0017174201  -0.0020823327
        0.0427222870   0.0016041565   0.0053101780  -0.0144320017   0.0022489359
       -0.0006995400  -0.0000066105   0.0002129490   0.0001916538   0.0000615912
       -0.0001631475  -0.0005926417  -0.0002569360   0.0003825991   0.0000042935
       -0.0001643468   0.0000170958  -0.0001057867  -0.0001062759  -0.0000816934
       -0.0000433231  -0.0000711878   0.0000217746  -0.0004746035   0.0001034787
        0.0002511033   0.0001223132  -0.0000262975   0.0003141888
        0.0004697533   0.0005313447  -0.0003347566  -0.0030811075   0.0007626152
        0.0039261991  -0.0006044168   0.0045185932  -0.0064523244  -0.0034374249
       -0.0083896397  -0.0041579891   0.0010392325  -0.0016791773  -0.0049453441
        0.0021891988   0.0003289555  -0.0000025409   0.0007127355   0.0000343920
       -0.0003977878   0.0000053326  -0.0002523090   0.0000449033  -0.0000977571
       -0.0001052320  -0.0002126166  -0.0002712433   0.0000944511  -0.0005506801
       -0.0001708726  -0.0006765105  -0.0007500183   0.0006940340   0.0000115550
        0.0002482070  -0.0031070920  -0.0004808096  -0.0106677649   0.0178979574
        0.0016041565   0.0426197313  -0.0115170269   0.0016522522  -0.0163889049
       -0.0005984673  -0.0000957532  -0.0005487617   0.0009595111   0.0019444477
       -0.0014305667  -0.0008050702   0.0000869988   0.0000843456   0.0000276973
       -0.0000038381  -0.0000130118  -0.0000651761  -0.0000094437  -0.0002143436
       -0.0000508832  -0.0000260875  -0.0000738854  -0.0003916230   0.0000211480
        0.0001637958   0.0002027086   0.0001278907   0.0000541149
       -0.0004914203  -0.0001297163   0.0002570400   0.0003827267   0.0009909287
       -0.0013945859  -0.0014802552  -0.0047622401   0.0005504138  -0.0019667052
        0.0020170959   0.0019174557  -0.0005606462   0.0003658380  -0.0001670138
       -0.0004995342   0.0003399633   0.0002184979  -0.0000806934   0.0001615870
        0.0000286029  -0.0000808610  -0.0001262717   0.0000228082   0.0000467692
       -0.0000598192   0.0000578462   0.0001343970   0.0000442679   0.0000295808
        0.0000530009   0.0000971367  -0.0000294272  -0.0000688882  -0.0000762944
       -0.0001822723  -0.0040718800   0.0002139035  -0.0010665719  -0.0304718055
        0.0053101780  -0.0115170269   0.0391358185  -0.0045640719   0.0115435722
       -0.0001215582  -0.0000181674   0.0000986308  -0.0000923551   0.0001671614
        0.0001654137  -0.0001212581   0.0000927612   0.0000653450   0.0000324034
       -0.0000329181  -0.0000592634   0.0000993128  -0.0000501313  -0.0001079204
        0.0001164855  -0.0000268055  -0.0001443711   0.0001524662   0.0000307637
       -0.0001804517  -0.0000455195   0.0000148507  -0.0001063025
       -0.0006344321   0.0001972228  -0.0000012556   0.0002296475   0.0002084802
       -0.0003166836  -0.0018003011   0.0012892562  -0.0007943557   0.0029428980
       -0.0010730701  -0.0004351232  -0.0000565221  -0.0003664665   0.0004984221
        0.0002433570  -0.0003469267  -0.0001345146  -0.0000427135  -0.0000529647
       -0.0000480357   0.0001160232   0.0000126831   0.0000755009   0.0000072944
        0.0001933678   0.0000923876   0.0000700312   0.0001921876   0.0000359694
       -0.0000569158   0.0001742496  -0.0000119204   0.0000456898   0.0000494257
        0.0000001299  -0.0001214157   0.0019447504  -0.0002821886   0.0031679177
       -0.0144320017   0.0016522522  -0.0045640719   0.0119918037  -0.0004983740
        0.0000184810  -0.0001958497   0.0001220952  -0.0000060016  -0.0001515500
       -0.0000706282   0.0002081891  -0.0001284630   0.0000728912   0.0001734326
        0.0000741470   0.0000989150   0.0001270452   0.0002495249   0.0000980977
       -0.0000096308   0.0002778590  -0.0000113276  -0.0000223671   0.0000297068
       -0.0000690687  -0.0000356348  -0.0001373724  -0.0000731856
        0.0001506801  -0.0000492093   0.0004514959   0.0002001286  -0.0001620255
       -0.0003408830  -0.0008724839  -0.0016049968  -0.0000163504   0.0006397237
       -0.0000192215   0.0005019233   0.0005298670  -0.0000855565  -0.0001497487
        0.0001756106  -0.0002785463  -0.0000726754  -0.0001162751   0.0000233002
        0.0000054590   0.0001468677  -0.0000057783  -0.0000491259  -0.0000935839
       -0.0000195559   0.0002246789  -0.0000754659   0.0000268383   0.0002712991
        0.0001147502   0.0000475469   0.0001841943   0.0000915195  -0.0000204638
        0.0001422180  -0.0035970759   0.0003631757   0.0011225884  -0.0088584877
        0.0022489359  -0.0163889049   0.0115435722  -0.0004983740   0.0136220252
        0.0001268642   0.0000889947  -0.0000363242  -0.0000963028  -0.0000388023
        0.0000657065   0.0002146811  -0.0000340496  -0.0001158014  -0.0000241038
       -0.0000284340  -0.0000616627  -0.0001247658  -0.0000252097   0.0001761461
       -0.0001015877  -0.0000114571   0.0002783971   0.0000487357   0.0000538047
        0.0001496081  -0.0000228681   0.0000290844   0.0000357367
       -0.0000817943  -0.0000464992  -0.0001213790  -0.0000777981   0.0000903750
        0.0000112428   0.0000940780   0.0001954081   0.0000531840   0.0090946402
        0.0076151048   0.0108091199  -0.1452923341  -0.0623166404  -0.1173570118
       -0.0152605656  -0.0086493290  -0.0165075284   0.0001141020   0.0022378396
       -0.0028519052  -0.0010914187  -0.0002873634  -0.0003832093  -0.0001508544
        0.0002243911  -0.0000575231   0.0000426085   0.0000236392   0.0000455738
        0.0000122308   0.0000376888   0.0000325368   0.0001609311   0.0002720341
        0.0000178050   0.0001231181  -0.0000308870   0.0000844949   0.0002921373
       -0.0006995400  -0.0005984673  -0.0001215582   0.0000184810   0.0001268642
        0.1559942103   0.0655883866   0.1304727914  -0.0041290141  -0.0034862214
       -0.0045920923   0.0002315952  -0.0006994663   0.0008418208  -0.0000262684
       -0.0000880960   0.0000180005  -0.0000647092  -0.0000481868  -0.0000429159
       -0.0000037734  -0.0000173581   0.0000340727   0.0000164403   0.0000186455
        0.0000826295   0.0001239968   0.0000475937  -0.0001181039
       -0.0000567087   0.0000160098  -0.0002440141   0.0001833559   0.0000400793
        0.0004644917  -0.0001993063   0.0000320253  -0.0003639387   0.0044413247
        0.0029275118   0.0030677942  -0.0646582982  -0.0764938762  -0.0628529644
        0.0111449445   0.0041705817   0.0109229191  -0.0002554805  -0.0015317569
        0.0021077006   0.0007802178   0.0000392807   0.0003524880   0.0000160300
       -0.0002158975  -0.0000698446   0.0000193219   0.0000600815  -0.0000693203
        0.0001460917  -0.0001286738  -0.0000238006  -0.0003975998  -0.0001070665
        0.0001955693   0.0002248017   0.0001809360   0.0003225140   0.0000464023
       -0.0000066105  -0.0000957532  -0.0000181674  -0.0001958497   0.0000889947
        0.0655883866   0.0811868136   0.0633899582  -0.0179290067  -0.0106016460
       -0.0170704658   0.0008351615   0.0003486104   0.0001134153  -0.0000272233
        0.0000673468  -0.0000636759   0.0000120760  -0.0000053639   0.0000186513
       -0.0000318869  -0.0000240820   0.0000031208   0.0000095785  -0.0000251838
        0.0000510997   0.0001259847   0.0002667299  -0.0002449395
        0.0001147849   0.0000905720   0.0002111925   0.0000312915   0.0000088293
       -0.0001322077  -0.0000234426  -0.0000592692   0.0000668495  -0.0160777886
       -0.0016563293  -0.0315556348  -0.1129408581  -0.0620609380  -0.1485185377
       -0.0003227357   0.0023735779  -0.0036183898   0.0005621027  -0.0003450307
        0.0006034897   0.0002928594   0.0001605307   0.0000770194   0.0000987783
       -0.0000301818   0.0000957298   0.0000059357  -0.0000446225  -0.0000423440
        0.0001176891   0.0000635776  -0.0000608033   0.0001795644   0.0000893561
        0.0001122477  -0.0000531765  -0.0001731096   0.0000638767  -0.0005212839
        0.0002129490  -0.0005487617   0.0000986308   0.0001220952  -0.0000363242
        0.1304727914   0.0633899582   0.1822368022  -0.0016862175  -0.0020327153
        0.0011868843  -0.0002294194   0.0000461215   0.0000547520   0.0000240296
       -0.0000405289  -0.0000060060   0.0000417911   0.0000109380  -0.0000074866
        0.0000174203   0.0000005026  -0.0000439621  -0.0000248491  -0.0000336861
       -0.0000747558  -0.0001778980  -0.0000925967  -0.0000636300
       -0.0001382555   0.0000210662   0.0001131330   0.0002178339  -0.0001428507
       -0.0004185703  -0.0000278882   0.0000287048   0.0000836615  -0.0028819605
       -0.0143844877   0.0061715376  -0.0496660024  -0.0568188461  -0.0056488898
        0.0056861147   0.0225703800   0.0010763446   0.0002615348  -0.0001638088
        0.0007158242  -0.0000312287  -0.0001292796   0.0000468262  -0.0000064627
       -0.0000184489   0.0000272815   0.0000704448  -0.0000765042   0.0001592642
       -0.0001379958  -0.0001643181   0.0001900353  -0.0009256947   0.0007641341
       -0.0008006553   0.0000980081   0.0000670675  -0.0000147217   0.0001680836
        0.0001916538   0.0009595111  -0.0000923551  -0.0000060016  -0.0000963028
       -0.0041290141  -0.0179290067  -0.0016862175   0.0548955555   0.0645712871
        0.0021828896  -0.0009377743   0.0022256597  -0.0034653420   0.0000039298
       -0.0001091405   0.0001165528  -0.0000174523  -0.0000298061   0.0000485835
       -0.0000015312  -0.0000459543   0.0000872972   0.0000388348  -0.0000443064
        0.0000676935  -0.0024467247  -0.0003771936   0.0000842636
       -0.0000096261  -0.0000513792  -0.0000919273   0.0004528155   0.0002426015
        0.0007291429  -0.0000878702   0.0001706836  -0.0002706411   0.0016418895
       -0.0043751466   0.0072321797  -0.0580742387  -0.2769904473   0.0044274785
       -0.0030440845  -0.0174970119   0.0033540136  -0.0003933273   0.0003441922
       -0.0006615168  -0.0001732789  -0.0003133767   0.0000316280  -0.0002418273
       -0.0001006564  -0.0001456046   0.0000080277   0.0001323627  -0.0000690325
        0.0001390821   0.0000496492   0.0000068359  -0.0007933239  -0.0001942117
        0.0000427260   0.0000275338   0.0000922963   0.0000800033  -0.0004624423
        0.0000615912   0.0019444477   0.0001671614  -0.0001515500  -0.0000388023
       -0.0034862214  -0.0106016460  -0.0020327153   0.0645712871   0.3084144114
       -0.0162747254   0.0001050412  -0.0002125665   0.0022184274  -0.0000732117
        0.0001087249  -0.0001427736  -0.0000445964  -0.0000379673  -0.0000639192
       -0.0000255237  -0.0000231929  -0.0000476156   0.0000107909   0.0000502783
        0.0000087187  -0.0002140567   0.0008823613  -0.0002363280
        0.0000511813  -0.0001181805   0.0001322417  -0.0002467649  -0.0000408235
       -0.0002347439   0.0001181462  -0.0000850106  -0.0000038058   0.0061551442
        0.0330971533  -0.0113907213  -0.0043670030   0.0004500954  -0.0352803649
       -0.0000458585   0.0000125222  -0.0026760678   0.0000379799   0.0007534021
       -0.0002458958  -0.0000058765   0.0000449123  -0.0000618695   0.0000570116
        0.0000167267  -0.0000192335  -0.0000273578  -0.0000485327  -0.0000032626
       -0.0001287192   0.0000227721  -0.0001840638  -0.0000704863  -0.0000489875
       -0.0000014825  -0.0001341529   0.0001135325   0.0001703955   0.0004844501
       -0.0001631475  -0.0014305667   0.0001654137  -0.0000706282   0.0000657065
       -0.0045920923  -0.0170704658   0.0011868843   0.0021828896  -0.0162747254
        0.0489951086   0.0005060227  -0.0005145392   0.0004658286   0.0000360928
       -0.0000559024  -0.0000143685   0.0000305294  -0.0000057906  -0.0000474906
        0.0000165855  -0.0000004845  -0.0000453335   0.0000262945   0.0000568204
       -0.0000324988  -0.0002494301  -0.0000707185   0.0006556043
        0.0000312312  -0.0001280345  -0.0000977821  -0.0003230403   0.0001336153
        0.0001743604   0.0002556989   0.0004135500   0.0000544520  -0.0071365070
        0.0246753622   0.0092406864  -0.0020227622   0.0089259281   0.0012830589
       -0.0358995759  -0.0273788148  -0.0101540312  -0.0051263215  -0.0223041080
       -0.0069424918  -0.0001978795  -0.0012216846   0.0008968375  -0.0000286327
        0.0002127990   0.0003983170   0.0001012253  -0.0000748985   0.0001022537
       -0.0012026667  -0.0004636702   0.0005656750  -0.0025761340  -0.0010609228
       -0.0028729791   0.0000189980  -0.0001089701   0.0000831338  -0.0001134751
       -0.0005926417  -0.0008050702  -0.0001212581   0.0002081891   0.0002146811
        0.0002315952   0.0008351615  -0.0002294194  -0.0009377743   0.0001050412
        0.0005060227   0.0549149348   0.0171405047   0.0084608534   0.0001229715
        0.0002838059  -0.0005969954   0.0000608195   0.0000390638   0.0000269721
        0.0001061987   0.0000427888  -0.0000541111  -0.0003177448   0.0001108599
       -0.0000341341   0.0001600990   0.0002070758  -0.0002202896
       -0.0000524459  -0.0000168669  -0.0000716504   0.0000697087   0.0000122198
        0.0001022732  -0.0000943982  -0.0000329341  -0.0001815609   0.0095759227
       -0.0060408586  -0.0025030008   0.0018253766  -0.0180641962  -0.0043481067
       -0.0243681386  -0.2729993899  -0.0590178604  -0.0055829986  -0.0110383638
       -0.0029962767   0.0013998904   0.0003762682   0.0010016002  -0.0004773541
       -0.0000671835   0.0002807756   0.0001890731   0.0002736360  -0.0000162983
       -0.0001835191  -0.0003909296   0.0005899715  -0.0015250651  -0.0004345078
       -0.0015180771   0.0000877957   0.0000396114   0.0002001632  -0.0000456740
       -0.0002569360   0.0000869988   0.0000927612  -0.0001284630  -0.0000340496
       -0.0006994663   0.0003486104   0.0000461215   0.0022256597  -0.0002125665
       -0.0005145392   0.0171405047   0.3083092091   0.0694944718   0.0002021581
        0.0002271671  -0.0003517791   0.0000794686   0.0000105913   0.0000389240
        0.0000959296  -0.0000407478  -0.0000703214  -0.0000908001  -0.0000143293
       -0.0000399219   0.0001356110   0.0001409597  -0.0001778572
        0.0000621688   0.0001509417   0.0001568009   0.0000434273   0.0000302346
       -0.0003213042  -0.0000935500  -0.0003946977   0.0002000661   0.0097807969
       -0.0258556678  -0.0103796402   0.0023435360   0.0215003915   0.0043323598
       -0.0135905532  -0.0565162741  -0.0468528990  -0.0023315590  -0.0105403931
       -0.0010959218  -0.0004645515  -0.0006307182   0.0006645443   0.0002484169
        0.0002655842   0.0002122464   0.0000277914  -0.0000328023  -0.0000384354
       -0.0002148651  -0.0002439900   0.0004012107  -0.0013713269  -0.0003773561
       -0.0010537719   0.0000247230  -0.0000803838  -0.0000712817   0.0000582798
        0.0003825991   0.0000843456   0.0000653450   0.0000728912  -0.0001158014
        0.0008418208   0.0001134153   0.0000547520  -0.0034653420   0.0022184274
        0.0004658286   0.0084608534   0.0694944718   0.0541838158  -0.0004331177
        0.0004640561  -0.0005380799   0.0000444485   0.0000425495   0.0000607769
        0.0000504553   0.0000735727  -0.0000182516  -0.0000874465  -0.0000730031
       -0.0001995203   0.0000002486  -0.0000638489  -0.0001318398
        0.0001612937  -0.0001254069   0.0000475222  -0.0001353886  -0.0001474467
       -0.0000129464   0.0002296436   0.0000931585  -0.0000700717  -0.0004318799
        0.0000353336  -0.0000255015   0.0000817225  -0.0000981071   0.0000047195
       -0.0003314404   0.0019895566   0.0008180236   0.0053835275   0.0071881166
       -0.0015936452  -0.0896754735  -0.0972280219   0.0167256970  -0.0109012729
       -0.0216759946   0.0031769947  -0.0014482519  -0.0035341071  -0.0055061775
       -0.0006793085   0.0004388110  -0.0002716337   0.0020421767  -0.0001008419
       -0.0046862151  -0.0001331117  -0.0000772695   0.0000839764  -0.0001015835
        0.0000042935   0.0000276973   0.0000324034   0.0001734326  -0.0000241038
       -0.0000262684  -0.0000272233   0.0000240296   0.0000039298  -0.0000732117
        0.0000360928   0.0001229715   0.0002021581  -0.0004331177   0.0970072115
        0.1125481981  -0.0103994252  -0.0003871855   0.0001507239   0.0015723104
       -0.0005534821  -0.0010286282   0.0002301540  -0.0004967242   0.0006225777
        0.0005260103   0.0002364908   0.0006698988  -0.0002503901
        0.0001066033   0.0000714335  -0.0000735981  -0.0002278039  -0.0000268626
        0.0001391720  -0.0000126054  -0.0000382839   0.0001298550   0.0005945168
       -0.0000583935  -0.0000724799  -0.0001585564   0.0000701603  -0.0001612978
       -0.0004223994  -0.0000058234  -0.0016255391  -0.0078692763  -0.0189020179
        0.0060516788  -0.0968207311  -0.2365490598   0.0443572667  -0.0064948911
       -0.0086295135   0.0010114616  -0.0033154232   0.0018780590   0.0005551296
        0.0007598049   0.0006784978   0.0000049294   0.0000748633  -0.0007917542
        0.0050920585  -0.0000564901   0.0000710214  -0.0001218020   0.0001268829
       -0.0001643468  -0.0000038381  -0.0000329181   0.0000741470  -0.0000284340
       -0.0000880960   0.0000673468  -0.0000405289  -0.0001091405   0.0001087249
       -0.0000559024   0.0002838059   0.0002271671   0.0004640561   0.1125481981
        0.2630266297  -0.0548480617   0.0013199775   0.0003989368  -0.0005239602
       -0.0000076275  -0.0004315894   0.0000508070   0.0003988824  -0.0002237324
       -0.0004825311  -0.0005975761  -0.0008507468   0.0001815586
        0.0000173867   0.0001675046   0.0002201764   0.0000093467   0.0000632787
       -0.0002825781  -0.0000378612  -0.0000663887   0.0004189381   0.0008272565
       -0.0004047479  -0.0002552449  -0.0000444823   0.0000254915   0.0001152229
        0.0013846020   0.0004242679  -0.0008420037   0.0066252983   0.0198594399
       -0.0047215845   0.0182604525   0.0442458237  -0.0481667002  -0.0079006935
       -0.0124790573   0.0029665494  -0.0056113613   0.0013264958   0.0021138354
        0.0003151125   0.0000363882  -0.0001320740  -0.0045626897   0.0046418998
        0.0012456190  -0.0000532525  -0.0001233376  -0.0003964695   0.0001487478
        0.0000170958  -0.0000130118  -0.0000592634   0.0000989150  -0.0000616627
        0.0000180005  -0.0000636759  -0.0000060060   0.0001165528  -0.0001427736
       -0.0000143685  -0.0005969954  -0.0003517791  -0.0005380799  -0.0103994252
       -0.0548480617   0.0502024042   0.0008299478  -0.0014924955  -0.0007956964
       -0.0002355536  -0.0007845039  -0.0000646054   0.0006024261  -0.0007369515
       -0.0007168197   0.0003464479   0.0005871720  -0.0002758401
        0.0001717521  -0.0001461994   0.0001326303  -0.0001315930  -0.0001240541
       -0.0000038716   0.0001661707   0.0000862158  -0.0001102060  -0.0001683339
        0.0001427074  -0.0000309328  -0.0001490096  -0.0000906472  -0.0000959933
       -0.0003595501   0.0006778278  -0.0005739708  -0.0011907898  -0.0034994593
       -0.0052595014  -0.0103860193   0.0134886558  -0.0182008239  -0.0765143326
        0.0574731890  -0.0694573943   0.0046722656  -0.0077781963   0.0074122735
        0.0025475989  -0.0041999992  -0.0024923973   0.0000149706  -0.0002450756
        0.0004763863  -0.0001287453  -0.0001421573   0.0001720096  -0.0001282633
       -0.0001057867  -0.0000651761   0.0000993128   0.0001270452  -0.0001247658
       -0.0000647092   0.0000120760   0.0000417911  -0.0000174523  -0.0000445964
        0.0000305294   0.0000608195   0.0000794686   0.0000444485  -0.0003871855
        0.0013199775   0.0008299478   0.0830560937  -0.0576615231   0.0845493906
       -0.0003957695   0.0002286700   0.0017387975  -0.0000811640  -0.0001744060
        0.0003585070  -0.0006860665   0.0005762676   0.0006283216
        0.0002340929   0.0000045072   0.0000635022  -0.0001982047  -0.0000905765
        0.0000442782   0.0001317741   0.0000587602   0.0002680222   0.0000147773
       -0.0001093897  -0.0000409488  -0.0000738122   0.0000233432  -0.0000533514
       -0.0002374150   0.0001643033  -0.0003434759  -0.0030234262   0.0019739480
        0.0007825022  -0.0018908581   0.0044719889  -0.0037085642   0.0570320070
       -0.1397869438   0.1106963460   0.0088319062  -0.0185097433   0.0191510502
       -0.0045519571  -0.0032958342   0.0033373651  -0.0006417001  -0.0002423863
       -0.0006974448  -0.0002305682  -0.0001048874  -0.0002500256   0.0000312391
       -0.0001062759  -0.0000094437  -0.0000501313   0.0002495249  -0.0000252097
       -0.0000481868  -0.0000053639   0.0000109380  -0.0000298061  -0.0000379673
       -0.0000057906   0.0000390638   0.0000105913   0.0000425495   0.0001507239
        0.0003989368  -0.0014924955  -0.0576615231   0.1558690260  -0.1277535737
        0.0012937199   0.0000701180  -0.0004786010   0.0005050874  -0.0006831407
        0.0009578350   0.0003731974  -0.0003225389  -0.0004954637
       -0.0000831256   0.0002050502   0.0000152039   0.0000120884   0.0000251656
       -0.0002575484  -0.0000019986  -0.0000522906   0.0004049840   0.0002636070
       -0.0002351817   0.0001006243  -0.0002219050   0.0000095608  -0.0001580468
       -0.0003819933   0.0007641707  -0.0007936671  -0.0056354126   0.0011704863
        0.0026188284  -0.0079575111   0.0097969679  -0.0114145234  -0.0698552569
        0.1104665714  -0.1626362730  -0.0019983978   0.0060045438  -0.0039442721
       -0.0024653360   0.0032286197   0.0043306561   0.0000593324  -0.0007123539
       -0.0000018310   0.0001422456  -0.0000730518  -0.0003394277   0.0001384639
       -0.0000816934  -0.0002143436  -0.0001079204   0.0000980977   0.0001761461
       -0.0000429159   0.0000186513  -0.0000074866   0.0000485835  -0.0000639192
       -0.0000474906   0.0000269721   0.0000389240   0.0000607769   0.0015723104
       -0.0005239602  -0.0007956964   0.0845493906  -0.1277535737   0.1742633765
        0.0011126573  -0.0014219888  -0.0006887948   0.0000460804  -0.0001222757
       -0.0001080263   0.0007800419  -0.0007865204  -0.0005631685
        0.0000720727   0.0000316372   0.0001720918  -0.0005005823   0.0002486131
       -0.0003367645  -0.0000697837  -0.0000033274  -0.0000364119  -0.0004670896
       -0.0000114735  -0.0001003320   0.0001035026   0.0000458563   0.0000820322
       -0.0003206336   0.0005534805   0.0009255800   0.0004548781  -0.0002273516
        0.0005840210   0.0020348048  -0.0044965916  -0.0029118862  -0.0110877429
       -0.0056157183  -0.0073904294  -0.2074678230  -0.0611368045  -0.1099837785
       -0.0103875938  -0.0024151107  -0.0083079109   0.0027622551   0.0000495500
       -0.0039206024   0.0001424439  -0.0000023995   0.0000759997  -0.0001004582
       -0.0000433231  -0.0000508832   0.0001164855  -0.0000096308  -0.0001015877
       -0.0000037734  -0.0000318869   0.0000174203  -0.0000015312  -0.0000255237
        0.0000165855   0.0001061987   0.0000959296   0.0000504553  -0.0005534821
       -0.0000076275  -0.0002355536  -0.0003957695   0.0012937199   0.0011126573
        0.2261545501   0.0714101660   0.1291367671  -0.0002119240   0.0005094363
        0.0014332450  -0.0003790043  -0.0002116199  -0.0002307149
        0.0001589088  -0.0000791961   0.0000047577  -0.0000288123  -0.0001296110
        0.0000672359   0.0002331918   0.0000548319   0.0001845701   0.0002415596
        0.0000295668  -0.0000318183   0.0000198016   0.0000162160  -0.0000182488
        0.0002447162  -0.0003986353  -0.0005806975   0.0001881088  -0.0002714698
        0.0004053954  -0.0042157659  -0.0031291866   0.0034088205  -0.0220419713
       -0.0088788912  -0.0126759534  -0.0602703573  -0.0624044693  -0.0353095960
        0.0135105026   0.0046294945   0.0094271332  -0.0003354782  -0.0001330730
        0.0044846680  -0.0001571588  -0.0001883890  -0.0001061968  -0.0000844214
       -0.0000711878  -0.0000260875  -0.0000268055   0.0002778590  -0.0000114571
       -0.0000173581  -0.0000240820   0.0000005026  -0.0000459543  -0.0000231929
       -0.0000004845   0.0000427888  -0.0000407478   0.0000735727  -0.0010286282
       -0.0004315894  -0.0007845039   0.0002286700   0.0000701180  -0.0014219888
        0.0714101660   0.0708653991   0.0327330741   0.0013543681   0.0001315049
       -0.0002898869   0.0006199293   0.0001287309   0.0004671896
       -0.0000120894  -0.0000726810  -0.0001407284  -0.0002616939  -0.0000994847
       -0.0000320509   0.0000642267  -0.0000284398   0.0001352968   0.0007045790
        0.0000251045   0.0002211583  -0.0001843021  -0.0000030800  -0.0001393902
        0.0003802411  -0.0004981573  -0.0010300218   0.0003999728   0.0006492528
        0.0002036714  -0.0024080953   0.0028654129   0.0045887888   0.0022271305
        0.0005344565   0.0029021993  -0.1101147271  -0.0346238902  -0.1086231068
       -0.0175945251  -0.0041512819  -0.0119109724  -0.0042572492   0.0047782465
       -0.0001682658   0.0002102195   0.0001002064  -0.0002046642   0.0001460619
        0.0000217746  -0.0000738854  -0.0001443711  -0.0000113276   0.0002783971
        0.0000340727   0.0000031208  -0.0000439621   0.0000872972  -0.0000476156
       -0.0000453335  -0.0000541111  -0.0000703214  -0.0000182516   0.0002301540
        0.0000508070  -0.0000646054   0.0017387975  -0.0004786010  -0.0006887948
        0.1291367671   0.0327330741   0.1157428116   0.0005661661  -0.0014186841
       -0.0005214125  -0.0008945218  -0.0002578916  -0.0003668773
       -0.0004705028   0.0014821679  -0.0003315831  -0.0060341073   0.0010012016
        0.0022640380   0.0003468934  -0.0000393196  -0.0000305033  -0.0003585829
        0.0000898143   0.0003205084   0.0001136622   0.0000442534  -0.0001007356
       -0.0000920858  -0.0008296417   0.0001207310  -0.0011705167  -0.0020193581
       -0.0049750005   0.0003360612   0.0002757841   0.0003431054   0.0012599055
       -0.0006610756  -0.0036975484   0.0047246428   0.0083776460  -0.0044025546
       -0.1036909277  -0.1174077574   0.0309009382  -0.0110070098  -0.0186090680
        0.0056285094   0.0002963495   0.0003438216  -0.0002139451  -0.0000754601
       -0.0004746035  -0.0003916230   0.0001524662  -0.0000223671   0.0000487357
        0.0000164403   0.0000095785  -0.0000248491   0.0000388348   0.0000107909
        0.0000262945  -0.0003177448  -0.0000908001  -0.0000874465  -0.0004967242
        0.0003988824   0.0006024261  -0.0000811640   0.0005050874   0.0000460804
       -0.0002119240   0.0013543681   0.0005661661   0.1171569579   0.1254439014
       -0.0280780067  -0.0004354638   0.0008166933   0.0014662628
        0.0020265036  -0.0041463816   0.0007893947  -0.0031211596   0.0009491409
        0.0007502246   0.0007738718  -0.0003046258  -0.0001566373  -0.0000033066
        0.0001398362  -0.0000998804   0.0000756949  -0.0000606195   0.0000092964
       -0.0002840630  -0.0005301498   0.0001940295  -0.0035758993   0.0021831151
        0.0016321681   0.0001498654   0.0005385635  -0.0004059952  -0.0000308215
        0.0006338555   0.0051792352  -0.0070282617  -0.0161795666   0.0075435839
       -0.1106493102  -0.2075705211   0.0567333849  -0.0064685968  -0.0071389312
        0.0003859988   0.0001976092  -0.0001852282   0.0000391250  -0.0001978058
        0.0001034787   0.0000211480   0.0000307637   0.0000297068   0.0000538047
        0.0000186455  -0.0000251838  -0.0000336861  -0.0000443064   0.0000502783
        0.0000568204   0.0001108599  -0.0000143293  -0.0000730031   0.0006225777
       -0.0002237324  -0.0007369515  -0.0001744060  -0.0006831407  -0.0001222757
        0.0005094363   0.0001315049  -0.0014186841   0.1254439014   0.2325643924
       -0.0694941885   0.0016182075  -0.0002614622  -0.0008469121
       -0.0000695340  -0.0001445933  -0.0000894460   0.0041535424  -0.0012382613
       -0.0005156316  -0.0005211893   0.0000327876  -0.0001042775   0.0002653542
        0.0001408257  -0.0000706270  -0.0000008846  -0.0001003822  -0.0000061545
       -0.0006227563  -0.0007371235   0.0000987325  -0.0051870929   0.0001546265
        0.0019908712  -0.0009241743  -0.0001667899  -0.0010146740  -0.0031656836
        0.0053631647   0.0002319652   0.0097791265   0.0152102560  -0.0029754929
        0.0295216873   0.0638983747  -0.0565655337  -0.0084700831  -0.0116736187
        0.0031667522  -0.0001079840   0.0000782340  -0.0000138429   0.0001346044
        0.0002511033   0.0001637958  -0.0001804517  -0.0000690687   0.0001496081
        0.0000826295   0.0000510997  -0.0000747558   0.0000676935   0.0000087187
       -0.0000324988  -0.0000341341  -0.0000399219  -0.0001995203   0.0005260103
       -0.0004825311  -0.0007168197   0.0003585070   0.0009578350  -0.0001080263
        0.0014332450  -0.0002898869  -0.0005214125  -0.0280780067  -0.0694941885
        0.0576096387   0.0010395747  -0.0017106601  -0.0004026503
       -0.0000485550   0.0003254673   0.0000463149   0.0003534186   0.0010013973
       -0.0000872061   0.0000477282  -0.0001849892  -0.0000722679  -0.0001768713
        0.0002247331  -0.0000828745  -0.0007336134  -0.0008712656  -0.0000146761
       -0.0000184431   0.0005644290   0.0012361776   0.0055535885  -0.0025244997
        0.0073326582   0.0022202465  -0.0045713395  -0.0010932686  -0.0011080462
       -0.0007269163   0.0000313210  -0.0013732426  -0.0026675157  -0.0057895310
       -0.0080511280   0.0118163418  -0.0180180708  -0.0597463630   0.0332570394
       -0.0600007192   0.0000077276  -0.0001624457  -0.0000932008  -0.0000383205
        0.0001223132   0.0002027086  -0.0000455195  -0.0000356348  -0.0000228681
        0.0001239968   0.0001259847  -0.0001778980  -0.0024467247  -0.0002140567
       -0.0002494301   0.0001600990   0.0001356110   0.0000002486   0.0002364908
       -0.0005975761   0.0003464479  -0.0006860665   0.0003731974   0.0007800419
       -0.0003790043   0.0006199293  -0.0008945218  -0.0004354638   0.0016182075
        0.0010395747   0.0665840658  -0.0376284117   0.0755810395
       -0.0006695902  -0.0014247494   0.0000135389   0.0007457718   0.0004837165
        0.0013158140   0.0001839793   0.0001664395  -0.0002871110   0.0004344911
        0.0002339350   0.0000128706   0.0000899585  -0.0002265120  -0.0001511223
        0.0013677784  -0.0003353280  -0.0006189909   0.0056377543  -0.0175002637
        0.0199065986  -0.0051916486  -0.0023564441   0.0025433989   0.0005023421
        0.0005537527  -0.0002279959  -0.0033723969   0.0016101730   0.0021797841
       -0.0009831227   0.0052364055  -0.0041185587   0.0371754392  -0.1096057787
        0.1059082622   0.0002334866  -0.0000891114   0.0002537594  -0.0002693976
       -0.0000262975   0.0001278907   0.0000148507  -0.0001373724   0.0000290844
        0.0000475937   0.0002667299  -0.0000925967  -0.0003771936   0.0008823613
       -0.0000707185   0.0002070758   0.0001409597  -0.0000638489   0.0006698988
       -0.0008507468   0.0005871720   0.0005762676  -0.0003225389  -0.0007865204
       -0.0002116199   0.0001287309  -0.0002578916   0.0008166933  -0.0002614622
       -0.0017106601  -0.0376284117   0.1234334011  -0.1244921589
        0.0000068561  -0.0002004144   0.0002564629   0.0008352688  -0.0041155265
       -0.0075816260  -0.0002059436  -0.0001111953   0.0000433696   0.0006450669
       -0.0000795651  -0.0001280433  -0.0002640994   0.0000232944  -0.0001768589
       -0.0001591439  -0.0010038093  -0.0006488955  -0.0030726512   0.0033515031
       -0.0039695707  -0.0017936665   0.0032569152   0.0018678014   0.0010090598
        0.0001423996   0.0004386824  -0.0046076967  -0.0003563957   0.0020991505
       -0.0049664709   0.0079192852  -0.0113572751  -0.0643538377   0.1166330751
       -0.1832909000  -0.0002659147   0.0001443416   0.0003454298   0.0003590863
        0.0003141888   0.0000541149  -0.0001063025  -0.0000731856   0.0000357367
       -0.0001181039  -0.0002449395  -0.0000636300   0.0000842636  -0.0002363280
        0.0006556043  -0.0002202896  -0.0001778572  -0.0001318398  -0.0002503901
        0.0001815586  -0.0002758401   0.0006283216  -0.0004954637  -0.0005631685
       -0.0002307149   0.0004671896  -0.0003668773   0.0014662628  -0.0008469121
       -0.0004026503   0.0755810395  -0.1244921589   0.2031608230
